capture_ts,target_dte,actual_dte,symbol,underlying,expiration,type,strike,bid,bid_size,ask,ask_size,mid,last_price,last_size,implied_vol,delta,gamma,theta,vega,rho,und_session_date,und_open,und_high,und_low,und_close,und_volume,und_vwap
2026-08-04T20:35:06.670,2,0,IWM260804C00180000,IWM,2026-08-04,call,180.0,120.02,1.0,122.62,1.0,121.32,,,,,,,,,2026-08-04,297.58,302.38,297.22,301.71,714740.0,300.744723
2026-08-04T20:35:06.670,2,0,IWM260804C00190000,IWM,2026-08-04,call,190.0,109.58,1.0,110.85,1.0,110.215,,,,,,,,,2026-08-04,297.58,302.38,297.22,301.71,714740.0,300.744723
2026-08-04T20:35:06.670,2,0,IWM260804C00200000,IWM,2026-08-04,call,200.0,100.75,1.0,101.19,1.0,100.97,,,,,,,,,2026-08-04,297.58,302.38,297.22,301.71,714740.0,300.744723
2026-08-04T20:35:06.670,2,0,IWM260804C00205000,IWM,2026-08-04,call,205.0,96.71,2.0,97.18,1.0,96.945,,,,,,,,,2026-08-04,297.58,302.38,297.22,301.71,714740.0,300.744723
2026-08-04T20:35:06.670,2,0,IWM260804C00210000,IWM,2026-08-04,call,210.0,89.82,1.0,90.84,1.0,90.33,,,,,,,,,2026-08-04,297.58,302.38,297.22,301.71,714740.0,300.744723
2026-08-04T20:35:06.670,2,0,IWM260804C00215000,IWM,2026-08-04,call,215.0,86.63,1.0,87.02,1.0,86.82499999999999,,,,,,,,,2026-08-04,297.58,302.38,297.22,301.71,714740.0,300.744723
2026-08-04T20:35:06.670,2,0,IWM260804C00220000,IWM,2026-08-04,call,220.0,79.88,1.0,81.7,1.0,80.78999999999999,,,,,,,,,2026-08-04,297.58,302.38,297.22,301.71,714740.0,300.744723
2026-08-04T20:35:06.670,2,0,IWM260804C00225000,IWM,2026-08-04,call,225.0,75.65,1.0,76.91,3.0,76.28,,,,,,,,,2026-08-04,297.58,302.38,297.22,301.71,714740.0,300.744723
2026-08-04T20:35:06.670,2,0,IWM260804C00230000,IWM,2026-08-04,call,230.0,70.71,1.0,73.83,3.0,72.27,,,,,,,,,2026-08-04,297.58,302.38,297.22,301.71,714740.0,300.744723
2026-08-04T20:35:06.670,2,0,IWM260804C00235000,IWM,2026-08-04,call,235.0,66.81,1.0,67.23,1.0,67.02000000000001,,,,,,,,,2026-08-04,297.58,302.38,297.22,301.71,714740.0,300.744723
2026-08-04T20:35:06.670,2,0,IWM260804C00240000,IWM,2026-08-04,call,240.0,62.03,1.0,62.58,1.0,62.305,,,,,,,,,2026-08-04,297.58,302.38,297.22,301.71,714740.0,300.744723
2026-08-04T20:35:06.670,2,0,IWM260804C00245000,IWM,2026-08-04,call,245.0,57.53,1.0,57.95,1.0,57.74,,,,,,,,,2026-08-04,297.58,302.38,297.22,301.71,714740.0,300.744723
2026-08-04T20:35:06.670,2,0,IWM260804C00250000,IWM,2026-08-04,call,250.0,52.07,1.0,52.49,6.0,52.28,42.17,39.0,,,,,,,2026-08-04,297.58,302.38,297.22,301.71,714740.0,300.744723
2026-08-04T20:35:06.670,2,0,IWM260804C00255000,IWM,2026-08-04,call,255.0,46.58,1.0,47.0,3.0,46.79,,,,,,,,,2026-08-04,297.58,302.38,297.22,301.71,714740.0,300.744723
2026-08-04T20:35:06.670,2,0,IWM260804C00260000,IWM,2026-08-04,call,260.0,41.43,1.0,41.93,1.0,41.68,40.94,1.0,,,,,,,2026-08-04,297.58,302.38,297.22,301.71,714740.0,300.744723
2026-08-04T20:35:06.670,2,0,IWM260804C00261000,IWM,2026-08-04,call,261.0,39.85,1.0,40.5,1.0,40.175,40.05,1.0,,,,,,,2026-08-04,297.58,302.38,297.22,301.71,714740.0,300.744723
2026-08-04T20:35:06.670,2,0,IWM260804C00262000,IWM,2026-08-04,call,262.0,40.11,1.0,40.53,1.0,40.32,39.09,1.0,,,,,,,2026-08-04,297.58,302.38,297.22,301.71,714740.0,300.744723
2026-08-04T20:35:06.670,2,0,IWM260804C00263000,IWM,2026-08-04,call,263.0,37.85,1.0,38.93,1.0,38.39,38.14,1.0,,,,,,,2026-08-04,297.58,302.38,297.22,301.71,714740.0,300.744723
2026-08-04T20:35:06.670,2,0,IWM260804C00264000,IWM,2026-08-04,call,264.0,36.55,1.0,38.98,1.0,37.765,37.31,1.0,,,,,,,2026-08-04,297.58,302.38,297.22,301.71,714740.0,300.744723
2026-08-04T20:35:06.670,2,0,IWM260804C00265000,IWM,2026-08-04,call,265.0,35.79,1.0,36.32,1.0,36.055,36.12,1.0,,,,,,,2026-08-04,297.58,302.38,297.22,301.71,714740.0,300.744723
2026-08-04T20:35:06.670,2,0,IWM260804C00266000,IWM,2026-08-04,call,266.0,35.91,1.0,36.33,1.0,36.12,35.59,1.0,,,,,,,2026-08-04,297.58,302.38,297.22,301.71,714740.0,300.744723
2026-08-04T20:35:06.670,2,0,IWM260804C00267000,IWM,2026-08-04,call,267.0,34.93,1.0,35.34,1.0,35.135000000000005,34.79,1.0,,,,,,,2026-08-04,297.58,302.38,297.22,301.71,714740.0,300.744723
2026-08-04T20:35:06.670,2,0,IWM260804C00267500,IWM,2026-08-04,call,267.5,34.55,1.0,35.01,1.0,34.78,32.52,1.0,,,,,,,2026-08-04,297.58,302.38,297.22,301.71,714740.0,300.744723
2026-08-04T20:35:06.670,2,0,IWM260804C00268000,IWM,2026-08-04,call,268.0,31.58,1.0,35.02,3.0,33.3,33.4,1.0,,,,,,,2026-08-04,297.58,302.38,297.22,301.71,714740.0,300.744723
2026-08-04T20:35:06.670,2,0,IWM260804C00269000,IWM,2026-08-04,call,269.0,31.89,6.0,32.7,1.0,32.295,32.4,1.0,,,,,,,2026-08-04,297.58,302.38,297.22,301.71,714740.0,300.744723
2026-08-04T20:35:06.670,2,0,IWM260804C00270000,IWM,2026-08-04,call,270.0,31.54,1.0,32.28,4.0,31.91,31.65,1.0,,,,,,,2026-08-04,297.58,302.38,297.22,301.71,714740.0,300.744723
2026-08-04T20:35:06.670,2,0,IWM260804C00271000,IWM,2026-08-04,call,271.0,28.54,1.0,31.79,3.0,30.165,30.7,1.0,,,,,,,2026-08-04,297.58,302.38,297.22,301.71,714740.0,300.744723
2026-08-04T20:35:06.670,2,0,IWM260804C00272000,IWM,2026-08-04,call,272.0,28.98,1.0,30.47,1.0,29.725,29.75,1.0,,,,,,,2026-08-04,297.58,302.38,297.22,301.71,714740.0,300.744723
2026-08-04T20:35:06.670,2,0,IWM260804C00272500,IWM,2026-08-04,call,272.5,28.32,1.0,29.33,1.0,28.825,26.25,1.0,,,,,,,2026-08-04,297.58,302.38,297.22,301.71,714740.0,300.744723
2026-08-04T20:35:06.670,2,0,IWM260804C00273000,IWM,2026-08-04,call,273.0,28.94,1.0,29.36,1.0,29.15,28.8,1.0,,,,,,,2026-08-04,297.58,302.38,297.22,301.71,714740.0,300.744723
2026-08-04T20:35:06.670,2,0,IWM260804C00274000,IWM,2026-08-04,call,274.0,27.6,1.0,27.83,1.0,27.715,27.76,1.0,,,,,,,2026-08-04,297.58,302.38,297.22,301.71,714740.0,300.744723
2026-08-04T20:35:06.670,2,0,IWM260804C00275000,IWM,2026-08-04,call,275.0,26.39,1.0,26.51,1.0,26.450000000000003,26.93,1.0,,,,,,,2026-08-04,297.58,302.38,297.22,301.71,714740.0,300.744723
2026-08-04T20:35:06.670,2,0,IWM260804C00276000,IWM,2026-08-04,call,276.0,25.19,1.0,25.82,1.0,25.505000000000003,25.88,1.0,,,,,,,2026-08-04,297.58,302.38,297.22,301.71,714740.0,300.744723
2026-08-04T20:35:06.670,2,0,IWM260804C00277000,IWM,2026-08-04,call,277.0,24.39,1.0,24.8,1.0,24.595,25.14,1.0,,,,,,,2026-08-04,297.58,302.38,297.22,301.71,714740.0,300.744723
2026-08-04T20:35:06.670,2,0,IWM260804C00277500,IWM,2026-08-04,call,277.5,23.77,1.0,24.17,1.0,23.97,22.28,1.0,,,,,,,2026-08-04,297.58,302.38,297.22,301.71,714740.0,300.744723
2026-08-04T20:35:06.670,2,0,IWM260804C00278000,IWM,2026-08-04,call,278.0,23.49,1.0,23.97,1.0,23.729999999999997,24.19,1.0,,,,,,,2026-08-04,297.58,302.38,297.22,301.71,714740.0,300.744723
2026-08-04T20:35:06.670,2,0,IWM260804C00279000,IWM,2026-08-04,call,279.0,22.2,1.0,22.48,1.0,22.34,22.64,1.0,,,,,,,2026-08-04,297.58,302.38,297.22,301.71,714740.0,300.744723
2026-08-04T20:35:06.670,2,0,IWM260804C00280000,IWM,2026-08-04,call,280.0,20.15,1.0,23.4,1.0,21.775,21.38,1.0,,,,,,,2026-08-04,297.58,302.38,297.22,301.71,714740.0,300.744723
2026-08-04T20:35:06.670,2,0,IWM260804C00281000,IWM,2026-08-04,call,281.0,20.73,3.0,21.19,3.0,20.96,21.06,5.0,,,,,,,2026-08-04,297.58,302.38,297.22,301.71,714740.0,300.744723
2026-08-04T20:35:06.670,2,0,IWM260804C00282000,IWM,2026-08-04,call,282.0,19.6,1.0,19.96,1.0,19.78,19.44,37.0,,,,,,,2026-08-04,297.58,302.38,297.22,301.71,714740.0,300.744723
2026-08-04T20:35:06.670,2,0,IWM260804C00282500,IWM,2026-08-04,call,282.5,18.68,1.0,19.53,1.0,19.105,11.82,1.0,,,,,,,2026-08-04,297.58,302.38,297.22,301.71,714740.0,300.744723
2026-08-04T20:35:06.670,2,0,IWM260804C00283000,IWM,2026-08-04,call,283.0,18.39,2.0,18.76,3.0,18.575000000000003,16.05,1.0,,,,,,,2026-08-04,297.58,302.38,297.22,301.71,714740.0,300.744723
2026-08-04T20:35:06.670,2,0,IWM260804C00284000,IWM,2026-08-04,call,284.0,17.27,1.0,18.96,1.0,18.115000000000002,11.67,10.0,,,,,,,2026-08-04,297.58,302.38,297.22,301.71,714740.0,300.744723
2026-08-04T20:35:06.670,2,0,IWM260804C00285000,IWM,2026-08-04,call,285.0,16.47,10.0,16.89,6.0,16.68,14.17,1.0,,,,,,,2026-08-04,297.58,302.38,297.22,301.71,714740.0,300.744723
2026-08-04T20:35:06.670,2,0,IWM260804C00286000,IWM,2026-08-04,call,286.0,15.11,14.0,15.66,9.0,15.385,15.94,3.0,,,,,,,2026-08-04,297.58,302.38,297.22,301.71,714740.0,300.744723
2026-08-04T20:35:06.670,2,0,IWM260804C00287000,IWM,2026-08-04,call,287.0,14.19,1.0,14.82,11.0,14.504999999999999,14.72,10.0,,,,,,,2026-08-04,297.58,302.38,297.22,301.71,714740.0,300.744723
2026-08-04T20:35:06.670,2,0,IWM260804C00288000,IWM,2026-08-04,call,288.0,13.48,1.0,13.69,3.0,13.585,13.85,3.0,,,,,,,2026-08-04,297.58,302.38,297.22,301.71,714740.0,300.744723
2026-08-04T20:35:06.670,2,0,IWM260804C00289000,IWM,2026-08-04,call,289.0,12.61,1.0,12.78,1.0,12.695,13.21,1.0,,,,,,,2026-08-04,297.58,302.38,297.22,301.71,714740.0,300.744723
2026-08-04T20:35:06.670,2,0,IWM260804C00290000,IWM,2026-08-04,call,290.0,11.23,2.0,11.66,2.0,11.445,11.99,10.0,,,,,,,2026-08-04,297.58,302.38,297.22,301.71,714740.0,300.744723
2026-08-04T20:35:06.670,2,0,IWM260804C00291000,IWM,2026-08-04,call,291.0,10.37,7.0,10.85,13.0,10.61,10.95,1.0,,,,,,,2026-08-04,297.58,302.38,297.22,301.71,714740.0,300.744723
2026-08-04T20:35:06.670,2,0,IWM260804C00292000,IWM,2026-08-04,call,292.0,9.45,4.0,9.75,7.0,9.6,9.99,1.0,,,,,,,2026-08-04,297.58,302.38,297.22,301.71,714740.0,300.744723
2026-08-04T20:35:06.670,2,0,IWM260804C00293000,IWM,2026-08-04,call,293.0,8.36,9.0,8.89,6.0,8.625,8.99,3.0,,,,,,,2026-08-04,297.58,302.38,297.22,301.71,714740.0,300.744723
2026-08-04T20:35:06.670,2,0,IWM260804C00294000,IWM,2026-08-04,call,294.0,7.44,1.0,7.88,1.0,7.66,8.07,6.0,,,,,,,2026-08-04,297.58,302.38,297.22,301.71,714740.0,300.744723
2026-08-04T20:35:06.670,2,0,IWM260804C00295000,IWM,2026-08-04,call,295.0,6.42,25.0,6.74,3.0,6.58,7.02,2.0,,,,,,,2026-08-04,297.58,302.38,297.22,301.71,714740.0,300.744723
2026-08-04T20:35:06.670,2,0,IWM260804C00296000,IWM,2026-08-04,call,296.0,5.32,93.0,5.82,58.0,5.57,6.0,71.0,,,,,,,2026-08-04,297.58,302.38,297.22,301.71,714740.0,300.744723
2026-08-04T20:35:06.670,2,0,IWM260804C00297000,IWM,2026-08-04,call,297.0,4.49,20.0,5.17,48.0,4.83,4.98,71.0,,,,,,,2026-08-04,297.58,302.38,297.22,301.71,714740.0,300.744723
2026-08-04T20:35:06.670,2,0,IWM260804C00298000,IWM,2026-08-04,call,298.0,3.44,53.0,3.85,20.0,3.645,4.08,2.0,,,,,,,2026-08-04,297.58,302.38,297.22,301.71,714740.0,300.744723
2026-08-04T20:35:06.670,2,0,IWM260804C00299000,IWM,2026-08-04,call,299.0,2.43,2.0,4.17,29.0,3.3,2.95,4.0,,,,,,,2026-08-04,297.58,302.38,297.22,301.71,714740.0,300.744723
2026-08-04T20:35:06.670,2,0,IWM260804C00300000,IWM,2026-08-04,call,300.0,1.42,154.0,1.78,97.0,1.6,1.91,1.0,,,,,,,2026-08-04,297.58,302.38,297.22,301.71,714740.0,300.744723
2026-08-04T20:35:06.670,2,0,IWM260804C00301000,IWM,2026-08-04,call,301.0,0.46,139.0,0.75,1.0,0.605,0.92,3.0,,,,,,,2026-08-04,297.58,302.38,297.22,301.71,714740.0,300.744723
2026-08-04T20:35:06.670,2,0,IWM260804C00302000,IWM,2026-08-04,call,302.0,0.03,102.0,0.04,30.0,0.035,0.1,2.0,,,,,,,2026-08-04,297.58,302.38,297.22,301.71,714740.0,300.744723
2026-08-04T20:35:06.670,2,0,IWM260804C00303000,IWM,2026-08-04,call,303.0,0.0,0.0,0.01,288.0,0.005,0.01,2.0,,,,,,,2026-08-04,297.58,302.38,297.22,301.71,714740.0,300.744723
2026-08-04T20:35:06.670,2,0,IWM260804C00304000,IWM,2026-08-04,call,304.0,0.0,0.0,0.01,589.0,0.005,0.01,5.0,,,,,,,2026-08-04,297.58,302.38,297.22,301.71,714740.0,300.744723
2026-08-04T20:35:06.670,2,0,IWM260804C00305000,IWM,2026-08-04,call,305.0,0.0,0.0,0.01,221.0,0.005,0.01,2.0,,,,,,,2026-08-04,297.58,302.38,297.22,301.71,714740.0,300.744723
2026-08-04T20:35:06.670,2,0,IWM260804C00306000,IWM,2026-08-04,call,306.0,0.0,0.0,0.03,170.0,0.015,0.01,1.0,,,,,,,2026-08-04,297.58,302.38,297.22,301.71,714740.0,300.744723
2026-08-04T20:35:06.670,2,0,IWM260804C00307000,IWM,2026-08-04,call,307.0,0.0,0.0,0.03,30.0,0.015,0.01,15.0,,,,,,,2026-08-04,297.58,302.38,297.22,301.71,714740.0,300.744723
2026-08-04T20:35:06.670,2,0,IWM260804C00307500,IWM,2026-08-04,call,307.5,0.0,0.0,0.01,64.0,0.005,0.01,1.0,,,,,,,2026-08-04,297.58,302.38,297.22,301.71,714740.0,300.744723
2026-08-04T20:35:06.670,2,0,IWM260804C00308000,IWM,2026-08-04,call,308.0,0.0,0.0,0.01,78.0,0.005,0.01,12.0,,,,,,,2026-08-04,297.58,302.38,297.22,301.71,714740.0,300.744723
2026-08-04T20:35:06.670,2,0,IWM260804C00309000,IWM,2026-08-04,call,309.0,0.0,0.0,0.03,285.0,0.015,0.01,25.0,,,,,,,2026-08-04,297.58,302.38,297.22,301.71,714740.0,300.744723
2026-08-04T20:35:06.670,2,0,IWM260804C00310000,IWM,2026-08-04,call,310.0,0.0,0.0,0.03,261.0,0.015,0.01,10.0,,,,,,,2026-08-04,297.58,302.38,297.22,301.71,714740.0,300.744723
2026-08-04T20:35:06.670,2,0,IWM260804C00311000,IWM,2026-08-04,call,311.0,0.0,0.0,0.01,42.0,0.005,0.01,1.0,,,,,,,2026-08-04,297.58,302.38,297.22,301.71,714740.0,300.744723
2026-08-04T20:35:06.670,2,0,IWM260804C00312000,IWM,2026-08-04,call,312.0,0.0,0.0,0.01,106.0,0.005,,,,,,,,,2026-08-04,297.58,302.38,297.22,301.71,714740.0,300.744723
2026-08-04T20:35:06.670,2,0,IWM260804C00313000,IWM,2026-08-04,call,313.0,0.0,0.0,0.01,505.0,0.005,,,,,,,,,2026-08-04,297.58,302.38,297.22,301.71,714740.0,300.744723
2026-08-04T20:35:06.670,2,0,IWM260804C00314000,IWM,2026-08-04,call,314.0,0.0,0.0,0.01,483.0,0.005,,,,,,,,,2026-08-04,297.58,302.38,297.22,301.71,714740.0,300.744723
2026-08-04T20:35:06.670,2,0,IWM260804C00315000,IWM,2026-08-04,call,315.0,0.0,0.0,0.03,116.0,0.015,0.01,1.0,,,,,,,2026-08-04,297.58,302.38,297.22,301.71,714740.0,300.744723
2026-08-04T20:35:06.670,2,0,IWM260804C00316000,IWM,2026-08-04,call,316.0,0.0,0.0,0.01,195.0,0.005,0.01,11.0,,,,,,,2026-08-04,297.58,302.38,297.22,301.71,714740.0,300.744723
2026-08-04T20:35:06.670,2,0,IWM260804C00317000,IWM,2026-08-04,call,317.0,0.0,0.0,0.01,64.0,0.005,0.01,1.0,,,,,,,2026-08-04,297.58,302.38,297.22,301.71,714740.0,300.744723
2026-08-04T20:35:06.670,2,0,IWM260804C00318000,IWM,2026-08-04,call,318.0,0.0,0.0,0.01,245.0,0.005,,,,,,,,,2026-08-04,297.58,302.38,297.22,301.71,714740.0,300.744723
2026-08-04T20:35:06.670,2,0,IWM260804C00319000,IWM,2026-08-04,call,319.0,0.0,0.0,0.01,245.0,0.005,,,,,,,,,2026-08-04,297.58,302.38,297.22,301.71,714740.0,300.744723
2026-08-04T20:35:06.670,2,0,IWM260804C00320000,IWM,2026-08-04,call,320.0,0.0,0.0,0.03,229.0,0.015,0.02,2.0,,,,,,,2026-08-04,297.58,302.38,297.22,301.71,714740.0,300.744723
2026-08-04T20:35:06.670,2,0,IWM260804C00321000,IWM,2026-08-04,call,321.0,0.0,0.0,0.03,79.0,0.015,,,,,,,,,2026-08-04,297.58,302.38,297.22,301.71,714740.0,300.744723
2026-08-04T20:35:06.670,2,0,IWM260804C00322000,IWM,2026-08-04,call,322.0,0.0,0.0,0.01,150.0,0.005,,,,,,,,,2026-08-04,297.58,302.38,297.22,301.71,714740.0,300.744723
2026-08-04T20:35:06.670,2,0,IWM260804C00323000,IWM,2026-08-04,call,323.0,0.0,0.0,0.03,79.0,0.015,,,,,,,,,2026-08-04,297.58,302.38,297.22,301.71,714740.0,300.744723
2026-08-04T20:35:06.670,2,0,IWM260804C00324000,IWM,2026-08-04,call,324.0,0.0,0.0,0.03,203.0,0.015,,,,,,,,,2026-08-04,297.58,302.38,297.22,301.71,714740.0,300.744723
2026-08-04T20:35:06.670,2,0,IWM260804C00325000,IWM,2026-08-04,call,325.0,0.0,0.0,0.03,8.0,0.015,,,,,,,,,2026-08-04,297.58,302.38,297.22,301.71,714740.0,300.744723
2026-08-04T20:35:06.670,2,0,IWM260804C00330000,IWM,2026-08-04,call,330.0,0.0,0.0,0.01,150.0,0.005,,,,,,,,,2026-08-04,297.58,302.38,297.22,301.71,714740.0,300.744723
2026-08-04T20:35:06.670,2,0,IWM260804C00340000,IWM,2026-08-04,call,340.0,0.0,0.0,0.03,203.0,0.015,,,,,,,,,2026-08-04,297.58,302.38,297.22,301.71,714740.0,300.744723
2026-08-04T20:35:06.670,2,0,IWM260804C00350000,IWM,2026-08-04,call,350.0,0.0,0.0,0.01,22.0,0.005,0.01,1.0,,,,,,,2026-08-04,297.58,302.38,297.22,301.71,714740.0,300.744723
2026-08-04T20:35:06.670,2,0,IWM260804P00180000,IWM,2026-08-04,put,180.0,0.0,0.0,0.01,26.0,0.005,,,,,,,,,2026-08-04,297.58,302.38,297.22,301.71,714740.0,300.744723
2026-08-04T20:35:06.670,2,0,IWM260804P00190000,IWM,2026-08-04,put,190.0,0.0,0.0,0.03,10.0,0.015,,,,,,,,,2026-08-04,297.58,302.38,297.22,301.71,714740.0,300.744723
2026-08-04T20:35:06.670,2,0,IWM260804P00200000,IWM,2026-08-04,put,200.0,0.0,0.0,0.03,53.0,0.015,,,,,,,,,2026-08-04,297.58,302.38,297.22,301.71,714740.0,300.744723
2026-08-04T20:35:06.670,2,0,IWM260804P00205000,IWM,2026-08-04,put,205.0,0.0,0.0,0.01,26.0,0.005,,,,,,,,,2026-08-04,297.58,302.38,297.22,301.71,714740.0,300.744723
2026-08-04T20:35:06.670,2,0,IWM260804P00210000,IWM,2026-08-04,put,210.0,0.0,0.0,0.03,26.0,0.015,,,,,,,,,2026-08-04,297.58,302.38,297.22,301.71,714740.0,300.744723
2026-08-04T20:35:06.670,2,0,IWM260804P00215000,IWM,2026-08-04,put,215.0,0.0,0.0,0.03,30.0,0.015,,,,,,,,,2026-08-04,297.58,302.38,297.22,301.71,714740.0,300.744723
2026-08-04T20:35:06.670,2,0,IWM260804P00220000,IWM,2026-08-04,put,220.0,0.0,0.0,0.03,30.0,0.015,,,,,,,,,2026-08-04,297.58,302.38,297.22,301.71,714740.0,300.744723
2026-08-04T20:35:06.670,2,0,IWM260804P00225000,IWM,2026-08-04,put,225.0,0.0,0.0,0.03,30.0,0.015,,,,,,,,,2026-08-04,297.58,302.38,297.22,301.71,714740.0,300.744723
2026-08-04T20:35:06.670,2,0,IWM260804P00230000,IWM,2026-08-04,put,230.0,0.0,0.0,0.01,176.0,0.005,,,,,,,,,2026-08-04,297.58,302.38,297.22,301.71,714740.0,300.744723
2026-08-04T20:35:06.670,2,0,IWM260804P00235000,IWM,2026-08-04,put,235.0,0.0,0.0,0.01,203.0,0.005,,,,,,,,,2026-08-04,297.58,302.38,297.22,301.71,714740.0,300.744723
2026-08-04T20:35:06.670,2,0,IWM260804P00240000,IWM,2026-08-04,put,240.0,0.0,0.0,0.03,176.0,0.015,,,,,,,,,2026-08-04,297.58,302.38,297.22,301.71,714740.0,300.744723
2026-08-04T20:35:06.670,2,0,IWM260804P00245000,IWM,2026-08-04,put,245.0,0.0,0.0,0.03,203.0,0.015,0.02,3.0,,,,,,,2026-08-04,297.58,302.38,297.22,301.71,714740.0,300.744723
2026-08-04T20:35:06.670,2,0,IWM260804P00250000,IWM,2026-08-04,put,250.0,0.0,0.0,0.03,26.0,0.015,0.05,10.0,,,,,,,2026-08-04,297.58,302.38,297.22,301.71,714740.0,300.744723
2026-08-04T20:35:06.670,2,0,IWM260804P00255000,IWM,2026-08-04,put,255.0,0.0,0.0,0.03,53.0,0.015,0.05,1.0,,,,,,,2026-08-04,297.58,302.38,297.22,301.71,714740.0,300.744723
2026-08-04T20:35:06.670,2,0,IWM260804P00260000,IWM,2026-08-04,put,260.0,0.0,0.0,0.03,57.0,0.015,0.01,1.0,,,,,,,2026-08-04,297.58,302.38,297.22,301.71,714740.0,300.744723
2026-08-04T20:35:06.670,2,0,IWM260804P00261000,IWM,2026-08-04,put,261.0,0.0,0.0,0.01,62.0,0.005,0.15,3.0,,,,,,,2026-08-04,297.58,302.38,297.22,301.71,714740.0,300.744723
2026-08-04T20:35:06.670,2,0,IWM260804P00262000,IWM,2026-08-04,put,262.0,0.0,0.0,0.03,98.0,0.015,0.01,1.0,,,,,,,2026-08-04,297.58,302.38,297.22,301.71,714740.0,300.744723
2026-08-04T20:35:06.670,2,0,IWM260804P00263000,IWM,2026-08-04,put,263.0,0.0,0.0,0.03,83.0,0.015,0.01,15.0,,,,,,,2026-08-04,297.58,302.38,297.22,301.71,714740.0,300.744723
2026-08-04T20:35:06.670,2,0,IWM260804P00264000,IWM,2026-08-04,put,264.0,0.0,0.0,0.03,203.0,0.015,0.06,3.0,,,,,,,2026-08-04,297.58,302.38,297.22,301.71,714740.0,300.744723
2026-08-04T20:35:06.670,2,0,IWM260804P00265000,IWM,2026-08-04,put,265.0,0.0,0.0,0.03,92.0,0.015,0.02,5.0,,,,,,,2026-08-04,297.58,302.38,297.22,301.71,714740.0,300.744723
2026-08-04T20:35:06.670,2,0,IWM260804P00266000,IWM,2026-08-04,put,266.0,0.0,0.0,0.03,117.0,0.015,0.01,1.0,,,,,,,2026-08-04,297.58,302.38,297.22,301.71,714740.0,300.744723
2026-08-04T20:35:06.670,2,0,IWM260804P00267000,IWM,2026-08-04,put,267.0,0.0,0.0,0.03,83.0,0.015,0.03,1.0,,,,,,,2026-08-04,297.58,302.38,297.22,301.71,714740.0,300.744723
2026-08-04T20:35:06.670,2,0,IWM260804P00267500,IWM,2026-08-04,put,267.5,0.0,0.0,0.03,54.0,0.015,0.07,10.0,,,,,,,2026-08-04,297.58,302.38,297.22,301.71,714740.0,300.744723
2026-08-04T20:35:06.670,2,0,IWM260804P00268000,IWM,2026-08-04,put,268.0,0.0,0.0,0.03,57.0,0.015,0.02,1.0,,,,,,,2026-08-04,297.58,302.38,297.22,301.71,714740.0,300.744723
2026-08-04T20:35:06.670,2,0,IWM260804P00269000,IWM,2026-08-04,put,269.0,0.0,0.0,0.03,70.0,0.015,0.08,5.0,,,,,,,2026-08-04,297.58,302.38,297.22,301.71,714740.0,300.744723
2026-08-04T20:35:06.670,2,0,IWM260804P00270000,IWM,2026-08-04,put,270.0,0.0,0.0,0.01,203.0,0.005,0.01,19.0,,,,,,,2026-08-04,297.58,302.38,297.22,301.71,714740.0,300.744723
2026-08-04T20:35:06.670,2,0,IWM260804P00271000,IWM,2026-08-04,put,271.0,0.0,0.0,0.01,53.0,0.005,0.04,3.0,,,,,,,2026-08-04,297.58,302.38,297.22,301.71,714740.0,300.744723
2026-08-04T20:35:06.670,2,0,IWM260804P00272000,IWM,2026-08-04,put,272.0,0.0,0.0,0.01,160.0,0.005,0.04,13.0,,,,,,,2026-08-04,297.58,302.38,297.22,301.71,714740.0,300.744723
2026-08-04T20:35:06.670,2,0,IWM260804P00272500,IWM,2026-08-04,put,272.5,0.0,0.0,0.01,53.0,0.005,0.05,5.0,,,,,,,2026-08-04,297.58,302.38,297.22,301.71,714740.0,300.744723
2026-08-04T20:35:06.670,2,0,IWM260804P00273000,IWM,2026-08-04,put,273.0,0.0,0.0,0.01,203.0,0.005,0.01,1.0,,,,,,,2026-08-04,297.58,302.38,297.22,301.71,714740.0,300.744723
2026-08-04T20:35:06.670,2,0,IWM260804P00274000,IWM,2026-08-04,put,274.0,0.0,0.0,0.01,76.0,0.005,0.01,2.0,,,,,,,2026-08-04,297.58,302.38,297.22,301.71,714740.0,300.744723
2026-08-04T20:35:06.670,2,0,IWM260804P00275000,IWM,2026-08-04,put,275.0,0.0,0.0,0.01,163.0,0.005,0.01,2.0,,,,,,,2026-08-04,297.58,302.38,297.22,301.71,714740.0,300.744723
2026-08-04T20:35:06.670,2,0,IWM260804P00276000,IWM,2026-08-04,put,276.0,0.0,0.0,0.01,150.0,0.005,0.01,5.0,,,,,,,2026-08-04,297.58,302.38,297.22,301.71,714740.0,300.744723
2026-08-04T20:35:06.670,2,0,IWM260804P00277000,IWM,2026-08-04,put,277.0,0.0,0.0,0.01,160.0,0.005,0.01,8.0,,,,,,,2026-08-04,297.58,302.38,297.22,301.71,714740.0,300.744723
2026-08-04T20:35:06.670,2,0,IWM260804P00277500,IWM,2026-08-04,put,277.5,0.0,0.0,0.01,64.0,0.005,0.01,1.0,,,,,,,2026-08-04,297.58,302.38,297.22,301.71,714740.0,300.744723
2026-08-04T20:35:06.670,2,0,IWM260804P00278000,IWM,2026-08-04,put,278.0,0.0,0.0,0.03,183.0,0.015,0.01,2.0,,,,,,,2026-08-04,297.58,302.38,297.22,301.71,714740.0,300.744723
2026-08-04T20:35:06.670,2,0,IWM260804P00279000,IWM,2026-08-04,put,279.0,0.0,0.0,0.03,203.0,0.015,0.01,2.0,,,,,,,2026-08-04,297.58,302.38,297.22,301.71,714740.0,300.744723
2026-08-04T20:35:06.670,2,0,IWM260804P00280000,IWM,2026-08-04,put,280.0,0.0,0.0,0.01,218.0,0.005,0.01,1.0,,,,,,,2026-08-04,297.58,302.38,297.22,301.71,714740.0,300.744723
2026-08-04T20:35:06.670,2,0,IWM260804P00281000,IWM,2026-08-04,put,281.0,0.0,0.0,0.01,203.0,0.005,0.01,1.0,,,,,,,2026-08-04,297.58,302.38,297.22,301.71,714740.0,300.744723
2026-08-04T20:35:06.670,2,0,IWM260804P00282000,IWM,2026-08-04,put,282.0,0.0,0.0,0.01,180.0,0.005,0.01,1.0,,,,,,,2026-08-04,297.58,302.38,297.22,301.71,714740.0,300.744723
2026-08-04T20:35:06.670,2,0,IWM260804P00282500,IWM,2026-08-04,put,282.5,0.0,0.0,0.01,57.0,0.005,0.01,20.0,,,,,,,2026-08-04,297.58,302.38,297.22,301.71,714740.0,300.744723
2026-08-04T20:35:06.670,2,0,IWM260804P00283000,IWM,2026-08-04,put,283.0,0.0,0.0,0.01,180.0,0.005,0.01,20.0,,,,,,,2026-08-04,297.58,302.38,297.22,301.71,714740.0,300.744723
2026-08-04T20:35:06.670,2,0,IWM260804P00284000,IWM,2026-08-04,put,284.0,0.0,0.0,0.03,181.0,0.015,0.01,1.0,,,,,,,2026-08-04,297.58,302.38,297.22,301.71,714740.0,300.744723
2026-08-04T20:35:06.670,2,0,IWM260804P00285000,IWM,2026-08-04,put,285.0,0.0,0.0,0.01,270.0,0.005,0.01,1.0,,,,,,,2026-08-04,297.58,302.38,297.22,301.71,714740.0,300.744723
2026-08-04T20:35:06.670,2,0,IWM260804P00286000,IWM,2026-08-04,put,286.0,0.0,0.0,0.01,508.0,0.005,0.01,24.0,,,,,,,2026-08-04,297.58,302.38,297.22,301.71,714740.0,300.744723
2026-08-04T20:35:06.670,2,0,IWM260804P00287000,IWM,2026-08-04,put,287.0,0.0,0.0,0.01,53.0,0.005,0.01,1.0,,,,,,,2026-08-04,297.58,302.38,297.22,301.71,714740.0,300.744723
2026-08-04T20:35:06.670,2,0,IWM260804P00288000,IWM,2026-08-04,put,288.0,0.0,0.0,0.03,115.0,0.015,0.01,1.0,,,,,,,2026-08-04,297.58,302.38,297.22,301.71,714740.0,300.744723
2026-08-04T20:35:06.670,2,0,IWM260804P00289000,IWM,2026-08-04,put,289.0,0.0,0.0,0.03,100.0,0.015,0.01,2.0,,,,,,,2026-08-04,297.58,302.38,297.22,301.71,714740.0,300.744723
2026-08-04T20:35:06.670,2,0,IWM260804P00290000,IWM,2026-08-04,put,290.0,0.0,0.0,0.01,64.0,0.005,0.01,1.0,,,,,,,2026-08-04,297.58,302.38,297.22,301.71,714740.0,300.744723
2026-08-04T20:35:06.670,2,0,IWM260804P00291000,IWM,2026-08-04,put,291.0,0.0,0.0,0.03,155.0,0.015,0.01,2.0,,,,,,,2026-08-04,297.58,302.38,297.22,301.71,714740.0,300.744723
2026-08-04T20:35:06.670,2,0,IWM260804P00292000,IWM,2026-08-04,put,292.0,0.0,0.0,0.03,230.0,0.015,0.01,1.0,,,,,,,2026-08-04,297.58,302.38,297.22,301.71,714740.0,300.744723
2026-08-04T20:35:06.670,2,0,IWM260804P00293000,IWM,2026-08-04,put,293.0,0.0,0.0,0.03,296.0,0.015,0.01,1.0,,,,,,,2026-08-04,297.58,302.38,297.22,301.71,714740.0,300.744723
2026-08-04T20:35:06.670,2,0,IWM260804P00294000,IWM,2026-08-04,put,294.0,0.0,0.0,0.03,94.0,0.015,0.01,1.0,,,,,,,2026-08-04,297.58,302.38,297.22,301.71,714740.0,300.744723
2026-08-04T20:35:06.670,2,0,IWM260804P00295000,IWM,2026-08-04,put,295.0,0.0,0.0,0.01,466.0,0.005,0.01,5.0,,,,,,,2026-08-04,297.58,302.38,297.22,301.71,714740.0,300.744723
2026-08-04T20:35:06.670,2,0,IWM260804P00296000,IWM,2026-08-04,put,296.0,0.0,0.0,0.01,77.0,0.005,0.01,5.0,,,,,,,2026-08-04,297.58,302.38,297.22,301.71,714740.0,300.744723
2026-08-04T20:35:06.670,2,0,IWM260804P00297000,IWM,2026-08-04,put,297.0,0.0,0.0,0.03,336.0,0.015,0.01,1.0,,,,,,,2026-08-04,297.58,302.38,297.22,301.71,714740.0,300.744723
2026-08-04T20:35:06.670,2,0,IWM260804P00298000,IWM,2026-08-04,put,298.0,0.0,0.0,0.03,197.0,0.015,0.01,1.0,,,,,,,2026-08-04,297.58,302.38,297.22,301.71,714740.0,300.744723
2026-08-04T20:35:06.670,2,0,IWM260804P00299000,IWM,2026-08-04,put,299.0,0.0,0.0,0.03,605.0,0.015,0.01,1.0,,,,,,,2026-08-04,297.58,302.38,297.22,301.71,714740.0,300.744723
2026-08-04T20:35:06.670,2,0,IWM260804P00300000,IWM,2026-08-04,put,300.0,0.0,0.0,0.03,697.0,0.015,0.01,6.0,,,,,,,2026-08-04,297.58,302.38,297.22,301.71,714740.0,300.744723
2026-08-04T20:35:06.670,2,0,IWM260804P00301000,IWM,2026-08-04,put,301.0,0.0,0.0,0.03,591.0,0.015,0.01,27.0,,,,,,,2026-08-04,297.58,302.38,297.22,301.71,714740.0,300.744723
2026-08-04T20:35:06.670,2,0,IWM260804P00302000,IWM,2026-08-04,put,302.0,0.23,29.0,0.47,96.0,0.35,0.08,1.0,,,,,,,2026-08-04,297.58,302.38,297.22,301.71,714740.0,300.744723
2026-08-04T20:35:06.670,2,0,IWM260804P00303000,IWM,2026-08-04,put,303.0,1.21,49.0,1.6,95.0,1.405,1.04,3.0,,,,,,,2026-08-04,297.58,302.38,297.22,301.71,714740.0,300.744723
2026-08-04T20:35:06.670,2,0,IWM260804P00304000,IWM,2026-08-04,put,304.0,2.2,12.0,2.64,75.0,2.42,1.88,1.0,,,,,,,2026-08-04,297.58,302.38,297.22,301.71,714740.0,300.744723
2026-08-04T20:35:06.670,2,0,IWM260804P00305000,IWM,2026-08-04,put,305.0,3.18,12.0,3.65,69.0,3.415,2.95,347.0,,,,,,,2026-08-04,297.58,302.38,297.22,301.71,714740.0,300.744723
2026-08-04T20:35:06.670,2,0,IWM260804P00306000,IWM,2026-08-04,put,306.0,4.17,1.0,4.64,2.0,4.404999999999999,4.47,8.0,,,,,,,2026-08-04,297.58,302.38,297.22,301.71,714740.0,300.744723
2026-08-04T20:35:06.670,2,0,IWM260804P00307000,IWM,2026-08-04,put,307.0,5.13,2.0,5.58,1.0,5.355,,,,,,,,,2026-08-04,297.58,302.38,297.22,301.71,714740.0,300.744723
2026-08-04T20:35:06.670,2,0,IWM260804P00307500,IWM,2026-08-04,put,307.5,5.57,1.0,6.07,1.0,5.82,,,,,,,,,2026-08-04,297.58,302.38,297.22,301.71,714740.0,300.744723
2026-08-04T20:35:06.670,2,0,IWM260804P00308000,IWM,2026-08-04,put,308.0,6.23,1.0,6.59,2.0,6.41,9.09,145.0,,,,,,,2026-08-04,297.58,302.38,297.22,301.71,714740.0,300.744723
2026-08-04T20:35:06.670,2,0,IWM260804P00309000,IWM,2026-08-04,put,309.0,7.19,1.0,7.53,2.0,7.36,,,,,,,,,2026-08-04,297.58,302.38,297.22,301.71,714740.0,300.744723
2026-08-04T20:35:06.670,2,0,IWM260804P00310000,IWM,2026-08-04,put,310.0,8.17,1.0,8.63,1.0,8.4,10.38,1.0,,,,,,,2026-08-04,297.58,302.38,297.22,301.71,714740.0,300.744723
2026-08-04T20:35:06.670,2,0,IWM260804P00311000,IWM,2026-08-04,put,311.0,9.04,1.0,9.44,2.0,9.239999999999998,9.35,1.0,,,,,,,2026-08-04,297.58,302.38,297.22,301.71,714740.0,300.744723
2026-08-04T20:35:06.670,2,0,IWM260804P00312000,IWM,2026-08-04,put,312.0,10.05,1.0,10.64,2.0,10.345,12.15,1.0,,,,,,,2026-08-04,297.58,302.38,297.22,301.71,714740.0,300.744723
2026-08-04T20:35:06.670,2,0,IWM260804P00313000,IWM,2026-08-04,put,313.0,11.22,1.0,11.52,1.0,11.370000000000001,21.11,1.0,,,,,,,2026-08-04,297.58,302.38,297.22,301.71,714740.0,300.744723
2026-08-04T20:35:06.670,2,0,IWM260804P00314000,IWM,2026-08-04,put,314.0,12.31,3.0,12.84,1.0,12.575,21.95,1.0,,,,,,,2026-08-04,297.58,302.38,297.22,301.71,714740.0,300.744723
2026-08-04T20:35:06.670,2,0,IWM260804P00315000,IWM,2026-08-04,put,315.0,13.08,1.0,13.45,20.0,13.265,13.18,4.0,,,,,,,2026-08-04,297.58,302.38,297.22,301.71,714740.0,300.744723
2026-08-04T20:35:06.670,2,0,IWM260804P00316000,IWM,2026-08-04,put,316.0,14.12,1.0,14.39,2.0,14.254999999999999,17.5,1.0,,,,,,,2026-08-04,297.58,302.38,297.22,301.71,714740.0,300.744723
2026-08-04T20:35:06.670,2,0,IWM260804P00317000,IWM,2026-08-04,put,317.0,15.17,1.0,15.3,1.0,15.235,,,,,,,,,2026-08-04,297.58,302.38,297.22,301.71,714740.0,300.744723
2026-08-04T20:35:06.670,2,0,IWM260804P00318000,IWM,2026-08-04,put,318.0,16.09,3.0,16.35,1.0,16.22,18.41,1.0,,,,,,,2026-08-04,297.58,302.38,297.22,301.71,714740.0,300.744723
2026-08-04T20:35:06.670,2,0,IWM260804P00319000,IWM,2026-08-04,put,319.0,17.25,1.0,17.71,1.0,17.48,18.37,1.0,,,,,,,2026-08-04,297.58,302.38,297.22,301.71,714740.0,300.744723
2026-08-04T20:35:06.670,2,0,IWM260804P00320000,IWM,2026-08-04,put,320.0,18.37,1.0,18.44,1.0,18.405,19.36,1.0,,,,,,,2026-08-04,297.58,302.38,297.22,301.71,714740.0,300.744723
2026-08-04T20:35:06.670,2,0,IWM260804P00321000,IWM,2026-08-04,put,321.0,19.19,1.0,20.66,2.0,19.925,20.48,1.0,,,,,,,2026-08-04,297.58,302.38,297.22,301.71,714740.0,300.744723
2026-08-04T20:35:06.670,2,0,IWM260804P00322000,IWM,2026-08-04,put,322.0,20.43,15.0,20.87,1.0,20.65,20.01,2.0,,,,,,,2026-08-04,297.58,302.38,297.22,301.71,714740.0,300.744723
2026-08-04T20:35:06.670,2,0,IWM260804P00323000,IWM,2026-08-04,put,323.0,20.96,1.0,21.87,1.0,21.415,21.01,1.0,,,,,,,2026-08-04,297.58,302.38,297.22,301.71,714740.0,300.744723
2026-08-04T20:35:06.670,2,0,IWM260804P00324000,IWM,2026-08-04,put,324.0,21.76,2.0,23.92,1.0,22.840000000000003,21.99,1.0,,,,,,,2026-08-04,297.58,302.38,297.22,301.71,714740.0,300.744723
2026-08-04T20:35:06.670,2,0,IWM260804P00325000,IWM,2026-08-04,put,325.0,23.17,1.0,23.98,1.0,23.575000000000003,23.6,1.0,,,,,,,2026-08-04,297.58,302.38,297.22,301.71,714740.0,300.744723
2026-08-04T20:35:06.670,2,0,IWM260804P00330000,IWM,2026-08-04,put,330.0,28.48,1.0,28.75,1.0,28.615000000000002,,,,,,,,,2026-08-04,297.58,302.38,297.22,301.71,714740.0,300.744723
2026-08-04T20:35:06.670,2,0,IWM260804P00340000,IWM,2026-08-04,put,340.0,38.7,1.0,39.18,1.0,38.94,,,,,,,,,2026-08-04,297.58,302.38,297.22,301.71,714740.0,300.744723
2026-08-04T20:35:06.670,2,0,IWM260804P00350000,IWM,2026-08-04,put,350.0,48.94,1.0,49.21,1.0,49.075,,,,,,,,,2026-08-04,297.58,302.38,297.22,301.71,714740.0,300.744723
2026-08-04T20:35:06.670,2,1,IWM260805C00180000,IWM,2026-08-05,call,180.0,119.62,2.0,119.64,3.0,119.63,,,,,,,,,2026-08-04,297.58,302.38,297.22,301.71,714740.0,300.744723
2026-08-04T20:35:06.670,2,1,IWM260805C00190000,IWM,2026-08-05,call,190.0,111.47,1.0,111.95,1.0,111.71000000000001,,,,,,,,,2026-08-04,297.58,302.38,297.22,301.71,714740.0,300.744723
2026-08-04T20:35:06.670,2,1,IWM260805C00200000,IWM,2026-08-05,call,200.0,99.52,1.0,100.51,1.0,100.015,,,,,,,,,2026-08-04,297.58,302.38,297.22,301.71,714740.0,300.744723
2026-08-04T20:35:06.670,2,1,IWM260805C00205000,IWM,2026-08-05,call,205.0,97.21,1.0,97.63,1.0,97.41999999999999,,,,,,,,,2026-08-04,297.58,302.38,297.22,301.71,714740.0,300.744723
2026-08-04T20:35:06.670,2,1,IWM260805C00210000,IWM,2026-08-05,call,210.0,90.32,2.0,91.58,1.0,90.94999999999999,,,,,,,,,2026-08-04,297.58,302.38,297.22,301.71,714740.0,300.744723
2026-08-04T20:35:06.670,2,1,IWM260805C00215000,IWM,2026-08-05,call,215.0,87.82,1.0,88.43,1.0,88.125,,,,,,,,,2026-08-04,297.58,302.38,297.22,301.71,714740.0,300.744723
2026-08-04T20:35:06.670,2,1,IWM260805C00220000,IWM,2026-08-05,call,220.0,80.79,1.0,81.21,1.0,81.0,,,,,,,,,2026-08-04,297.58,302.38,297.22,301.71,714740.0,300.744723
2026-08-04T20:35:06.670,2,1,IWM260805C00225000,IWM,2026-08-05,call,225.0,77.84,2.0,78.31,2.0,78.075,,,,,,,,,2026-08-04,297.58,302.38,297.22,301.71,714740.0,300.744723
2026-08-04T20:35:06.670,2,1,IWM260805C00230000,IWM,2026-08-05,call,230.0,70.73,1.0,71.79,1.0,71.26,,,,,,,,,2026-08-04,297.58,302.38,297.22,301.71,714740.0,300.744723
2026-08-04T20:35:06.670,2,1,IWM260805C00235000,IWM,2026-08-05,call,235.0,65.45,1.0,65.9,1.0,65.67500000000001,,,,,,,,,2026-08-04,297.58,302.38,297.22,301.71,714740.0,300.744723
2026-08-04T20:35:06.670,2,1,IWM260805C00240000,IWM,2026-08-05,call,240.0,62.14,1.0,62.57,1.0,62.355000000000004,,,,,,,,,2026-08-04,297.58,302.38,297.22,301.71,714740.0,300.744723
2026-08-04T20:35:06.670,2,1,IWM260805C00245000,IWM,2026-08-05,call,245.0,55.82,1.0,57.55,10.0,56.685,47.65,1.0,,,,,,,2026-08-04,297.58,302.38,297.22,301.71,714740.0,300.744723
2026-08-04T20:35:06.670,2,1,IWM260805C00250000,IWM,2026-08-05,call,250.0,52.32,3.0,52.62,3.0,52.47,,,,,,,,,2026-08-04,297.58,302.38,297.22,301.71,714740.0,300.744723
2026-08-04T20:35:06.670,2,1,IWM260805C00255000,IWM,2026-08-05,call,255.0,45.54,1.0,46.72,1.0,46.129999999999995,,,,,,,,,2026-08-04,297.58,302.38,297.22,301.71,714740.0,300.744723
2026-08-04T20:35:06.670,2,1,IWM260805C00260000,IWM,2026-08-05,call,260.0,40.91,1.0,42.35,1.0,41.629999999999995,32.0,1.0,,,,,,,2026-08-04,297.58,302.38,297.22,301.71,714740.0,300.744723
2026-08-04T20:35:06.670,2,1,IWM260805C00261000,IWM,2026-08-05,call,261.0,39.83,1.0,40.58,1.0,40.205,30.5,2.0,,,,,,,2026-08-04,297.58,302.38,297.22,301.71,714740.0,300.744723
2026-08-04T20:35:06.670,2,1,IWM260805C00262000,IWM,2026-08-05,call,262.0,39.23,2.0,39.64,1.0,39.435,,,,,,,,,2026-08-04,297.58,302.38,297.22,301.71,714740.0,300.744723
2026-08-04T20:35:06.670,2,1,IWM260805C00263000,IWM,2026-08-05,call,263.0,37.75,1.0,38.99,1.0,38.370000000000005,,,,,,,,,2026-08-04,297.58,302.38,297.22,301.71,714740.0,300.744723
2026-08-04T20:35:06.670,2,1,IWM260805C00264000,IWM,2026-08-05,call,264.0,37.0,1.0,37.67,1.0,37.335,,,,,,,,,2026-08-04,297.58,302.38,297.22,301.71,714740.0,300.744723
2026-08-04T20:35:06.670,2,1,IWM260805C00265000,IWM,2026-08-05,call,265.0,35.7,2.0,37.13,1.0,36.415000000000006,,,,,,,,,2026-08-04,297.58,302.38,297.22,301.71,714740.0,300.744723
2026-08-04T20:35:06.670,2,1,IWM260805C00266000,IWM,2026-08-05,call,266.0,34.89,1.0,36.04,1.0,35.465,,,,,,,,,2026-08-04,297.58,302.38,297.22,301.71,714740.0,300.744723
2026-08-04T20:35:06.670,2,1,IWM260805C00267000,IWM,2026-08-05,call,267.0,34.14,1.0,34.9,1.0,34.519999999999996,25.91,1.0,,,,,,,2026-08-04,297.58,302.38,297.22,301.71,714740.0,300.744723
2026-08-04T20:35:06.670,2,1,IWM260805C00268000,IWM,2026-08-05,call,268.0,32.96,1.0,34.28,1.0,33.620000000000005,,,,,,,,,2026-08-04,297.58,302.38,297.22,301.71,714740.0,300.744723
2026-08-04T20:35:06.670,2,1,IWM260805C00269000,IWM,2026-08-05,call,269.0,32.6,1.0,32.82,1.0,32.71,,,,,,,,,2026-08-04,297.58,302.38,297.22,301.71,714740.0,300.744723
2026-08-04T20:35:06.670,2,1,IWM260805C00270000,IWM,2026-08-05,call,270.0,30.89,1.0,31.54,1.0,31.215,18.25,1.0,,,,,,,2026-08-04,297.58,302.38,297.22,301.71,714740.0,300.744723
2026-08-04T20:35:06.670,2,1,IWM260805C00271000,IWM,2026-08-05,call,271.0,30.35,1.0,30.78,1.0,30.565,,,,,,,,,2026-08-04,297.58,302.38,297.22,301.71,714740.0,300.744723
2026-08-04T20:35:06.670,2,1,IWM260805C00272000,IWM,2026-08-05,call,272.0,28.88,1.0,29.35,1.0,29.115000000000002,,,,,,,,,2026-08-04,297.58,302.38,297.22,301.71,714740.0,300.744723
2026-08-04T20:35:06.670,2,1,IWM260805C00273000,IWM,2026-08-05,call,273.0,28.45,1.0,29.25,1.0,28.85,,,,,,,,,2026-08-04,297.58,302.38,297.22,301.71,714740.0,300.744723
2026-08-04T20:35:06.670,2,1,IWM260805C00274000,IWM,2026-08-05,call,274.0,27.5,1.0,28.07,1.0,27.785,,,,,,,,,2026-08-04,297.58,302.38,297.22,301.71,714740.0,300.744723
2026-08-04T20:35:06.670,2,1,IWM260805C00275000,IWM,2026-08-05,call,275.0,26.3,1.0,27.66,5.0,26.98,,,,,,,,,2026-08-04,297.58,302.38,297.22,301.71,714740.0,300.744723
2026-08-04T20:35:06.670,2,1,IWM260805C00276000,IWM,2026-08-05,call,276.0,25.08,1.0,26.2,1.0,25.64,12.89,1.0,,,,,,,2026-08-04,297.58,302.38,297.22,301.71,714740.0,300.744723
2026-08-04T20:35:06.670,2,1,IWM260805C00277000,IWM,2026-08-05,call,277.0,23.95,1.0,26.64,3.0,25.295,12.05,1.0,0.9841,0.9558,0.006,-0.7531,0.0148,0.0072,2026-08-04,297.58,302.38,297.22,301.71,714740.0,300.744723
2026-08-04T20:35:06.670,2,1,IWM260805C00278000,IWM,2026-08-05,call,278.0,23.74,1.0,23.91,1.0,23.825,,,,,,,,,2026-08-04,297.58,302.38,297.22,301.71,714740.0,300.744723
2026-08-04T20:35:06.670,2,1,IWM260805C00279000,IWM,2026-08-05,call,279.0,22.74,2.0,23.08,1.0,22.909999999999997,,,,,,,,,2026-08-04,297.58,302.38,297.22,301.71,714740.0,300.744723
2026-08-04T20:35:06.670,2,1,IWM260805C00280000,IWM,2026-08-05,call,280.0,21.59,1.0,21.89,1.0,21.740000000000002,20.15,1.0,,,,,,,2026-08-04,297.58,302.38,297.22,301.71,714740.0,300.744723
2026-08-04T20:35:06.670,2,1,IWM260805C00281000,IWM,2026-08-05,call,281.0,20.06,1.0,21.0,1.0,20.53,10.01,1.0,,,,,,,2026-08-04,297.58,302.38,297.22,301.71,714740.0,300.744723
2026-08-04T20:35:06.670,2,1,IWM260805C00282000,IWM,2026-08-05,call,282.0,19.02,1.0,19.54,1.0,19.28,17.91,1.0,,,,,,,2026-08-04,297.58,302.38,297.22,301.71,714740.0,300.744723
2026-08-04T20:35:06.670,2,1,IWM260805C00283000,IWM,2026-08-05,call,283.0,18.41,1.0,20.38,1.0,19.395,15.04,6.0,0.8357,0.9342,0.0097,-0.8715,0.0202,0.0072,2026-08-04,297.58,302.38,297.22,301.71,714740.0,300.744723
2026-08-04T20:35:06.670,2,1,IWM260805C00284000,IWM,2026-08-05,call,284.0,17.1,1.0,17.75,1.0,17.425,11.41,1.0,,,,,,,2026-08-04,297.58,302.38,297.22,301.71,714740.0,300.744723
2026-08-04T20:35:06.670,2,1,IWM260805C00285000,IWM,2026-08-05,call,285.0,16.18,1.0,17.16,1.0,16.67,11.0,25.0,,,,,,,2026-08-04,297.58,302.38,297.22,301.71,714740.0,300.744723
2026-08-04T20:35:06.670,2,1,IWM260805C00286000,IWM,2026-08-05,call,286.0,15.17,5.0,15.61,1.0,15.39,16.05,3.0,,,,,,,2026-08-04,297.58,302.38,297.22,301.71,714740.0,300.744723
2026-08-04T20:35:06.670,2,1,IWM260805C00287000,IWM,2026-08-05,call,287.0,14.38,2.0,14.89,1.0,14.635000000000002,13.67,1.0,,,,,,,2026-08-04,297.58,302.38,297.22,301.71,714740.0,300.744723
2026-08-04T20:35:06.670,2,1,IWM260805C00288000,IWM,2026-08-05,call,288.0,13.58,8.0,13.6,1.0,13.59,13.99,1.0,,,,,,,2026-08-04,297.58,302.38,297.22,301.71,714740.0,300.744723
2026-08-04T20:35:06.670,2,1,IWM260805C00289000,IWM,2026-08-05,call,289.0,12.38,2.0,13.05,3.0,12.715,12.68,1.0,,,,,,,2026-08-04,297.58,302.38,297.22,301.71,714740.0,300.744723
2026-08-04T20:35:06.670,2,1,IWM260805C00290000,IWM,2026-08-05,call,290.0,11.41,1.0,11.61,3.0,11.51,12.12,2.0,,,,,,,2026-08-04,297.58,302.38,297.22,301.71,714740.0,300.744723
2026-08-04T20:35:06.670,2,1,IWM260805C00291000,IWM,2026-08-05,call,291.0,10.28,2.0,10.66,1.0,10.469999999999999,10.92,1.0,,,,,,,2026-08-04,297.58,302.38,297.22,301.71,714740.0,300.744723
2026-08-04T20:35:06.670,2,1,IWM260805C00292000,IWM,2026-08-05,call,292.0,9.52,52.0,9.83,24.0,9.675,10.14,1.0,,,,,,,2026-08-04,297.58,302.38,297.22,301.71,714740.0,300.744723
2026-08-04T20:35:06.670,2,1,IWM260805C00293000,IWM,2026-08-05,call,293.0,8.51,10.0,9.02,3.0,8.765,8.84,1.0,,,,,,,2026-08-04,297.58,302.38,297.22,301.71,714740.0,300.744723
2026-08-04T20:35:06.670,2,1,IWM260805C00294000,IWM,2026-08-05,call,294.0,7.57,1.0,7.78,1.0,7.675000000000001,8.27,4.0,,,,,,,2026-08-04,297.58,302.38,297.22,301.71,714740.0,300.744723
2026-08-04T20:35:06.670,2,1,IWM260805C00295000,IWM,2026-08-05,call,295.0,6.32,11.0,6.94,15.0,6.630000000000001,6.96,1.0,,,,,,,2026-08-04,297.58,302.38,297.22,301.71,714740.0,300.744723
2026-08-04T20:35:06.670,2,1,IWM260805C00296000,IWM,2026-08-05,call,296.0,5.73,15.0,5.86,1.0,5.795,5.98,20.0,,,,,,,2026-08-04,297.58,302.38,297.22,301.71,714740.0,300.744723
2026-08-04T20:35:06.670,2,1,IWM260805C00297000,IWM,2026-08-05,call,297.0,4.8,37.0,4.92,34.0,4.859999999999999,5.13,2.0,,,,,,,2026-08-04,297.58,302.38,297.22,301.71,714740.0,300.744723
2026-08-04T20:35:06.670,2,1,IWM260805C00298000,IWM,2026-08-05,call,298.0,3.69,47.0,4.08,2.0,3.885,4.2,1.0,,,,,,,2026-08-04,297.58,302.38,297.22,301.71,714740.0,300.744723
2026-08-04T20:35:06.670,2,1,IWM260805C00299000,IWM,2026-08-05,call,299.0,2.95,74.0,3.14,1.0,3.045,3.34,1.0,0.1143,0.9532,0.0541,-0.1169,0.0155,0.0078,2026-08-04,297.58,302.38,297.22,301.71,714740.0,300.744723
2026-08-04T20:35:06.670,2,1,IWM260805C00300000,IWM,2026-08-05,call,300.0,2.2,73.0,2.34,1.0,2.27,2.54,2.0,0.1501,0.8035,0.1168,-0.3527,0.0438,0.0066,2026-08-04,297.58,302.38,297.22,301.71,714740.0,300.744723
2026-08-04T20:35:06.670,2,1,IWM260805C00301000,IWM,2026-08-05,call,301.0,1.53,16.0,1.66,23.0,1.595,1.81,1.0,0.1605,0.6565,0.145,-0.4864,0.0581,0.0054,2026-08-04,297.58,302.38,297.22,301.71,714740.0,300.744723
2026-08-04T20:35:06.670,2,1,IWM260805C00302000,IWM,2026-08-05,call,302.0,1.03,52.0,1.12,13.0,1.0750000000000002,1.21,1.0,0.1697,0.5033,0.1488,-0.55,0.0631,0.0041,2026-08-04,297.58,302.38,297.22,301.71,714740.0,300.744723
2026-08-04T20:35:06.670,2,1,IWM260805C00303000,IWM,2026-08-05,call,303.0,0.66,1.0,0.67,43.0,0.665,0.73,1.0,0.1724,0.3602,0.1373,-0.5207,0.0591,0.003,2026-08-04,297.58,302.38,297.22,301.71,714740.0,300.744723
2026-08-04T20:35:06.670,2,1,IWM260805C00304000,IWM,2026-08-05,call,304.0,0.34,139.0,0.42,51.0,0.38,0.45,1.0,0.1739,0.2367,0.1122,-0.4312,0.0488,0.0019,2026-08-04,297.58,302.38,297.22,301.71,714740.0,300.744723
2026-08-04T20:35:06.670,2,1,IWM260805C00305000,IWM,2026-08-05,call,305.0,0.22,30.0,0.25,15.0,0.235,0.27,1.0,0.1845,0.155,0.0817,-0.3521,0.0377,0.0013,2026-08-04,297.58,302.38,297.22,301.71,714740.0,300.744723
2026-08-04T20:35:06.670,2,1,IWM260805C00306000,IWM,2026-08-05,call,306.0,0.14,10.0,0.16,11.0,0.15000000000000002,0.14,1.0,0.1966,0.102,0.0573,-0.2797,0.0281,0.0008,2026-08-04,297.58,302.38,297.22,301.71,714740.0,300.744723
2026-08-04T20:35:06.670,2,1,IWM260805C00307000,IWM,2026-08-05,call,307.0,0.06,30.0,0.11,67.0,0.08499999999999999,0.09,1.0,0.2025,0.0617,0.038,-0.1965,0.0192,0.0005,2026-08-04,297.58,302.38,297.22,301.71,714740.0,300.744723
2026-08-04T20:35:06.670,2,1,IWM260805C00307500,IWM,2026-08-05,call,307.5,0.08,29.0,0.09,50.0,0.08499999999999999,0.09,4.0,0.218,0.0579,0.0336,-0.2013,0.0183,0.0005,2026-08-04,297.58,302.38,297.22,301.71,714740.0,300.744723
2026-08-04T20:35:06.670,2,1,IWM260805C00308000,IWM,2026-08-05,call,308.0,0.03,28.0,0.04,113.0,0.035,0.07,1.0,0.1976,0.0292,0.0213,-0.1047,0.0105,0.0002,2026-08-04,297.58,302.38,297.22,301.71,714740.0,300.744723
2026-08-04T20:35:06.670,2,1,IWM260805C00309000,IWM,2026-08-05,call,309.0,0.02,29.0,0.07,14.0,0.045000000000000005,0.04,1.0,0.2341,0.0313,0.0191,-0.1315,0.0112,0.0003,2026-08-04,297.58,302.38,297.22,301.71,714740.0,300.744723
2026-08-04T20:35:06.670,2,1,IWM260805C00310000,IWM,2026-08-05,call,310.0,0.05,85.0,0.06,78.0,0.055,0.04,1.0,0.2703,0.033,0.0172,-0.1581,0.0116,0.0003,2026-08-04,297.58,302.38,297.22,301.71,714740.0,300.744723
2026-08-04T20:35:06.670,2,1,IWM260805C00311000,IWM,2026-08-05,call,311.0,0.04,52.0,0.05,58.0,0.045,0.02,38.0,0.2877,0.0262,0.0134,-0.1388,0.0096,0.0002,2026-08-04,297.58,302.38,297.22,301.71,714740.0,300.744723
2026-08-04T20:35:06.670,2,1,IWM260805C00312000,IWM,2026-08-05,call,312.0,0.01,41.0,0.05,71.0,0.030000000000000002,0.04,5.0,0.295,0.0179,0.0094,-0.1031,0.007,0.0001,2026-08-04,297.58,302.38,297.22,301.71,714740.0,300.744723
2026-08-04T20:35:06.670,2,1,IWM260805C00313000,IWM,2026-08-05,call,313.0,0.01,1.0,0.02,169.0,0.015,0.04,4.0,0.2911,0.0097,0.0056,-0.06,0.0041,0.0001,2026-08-04,297.58,302.38,297.22,301.71,714740.0,300.744723
2026-08-04T20:35:06.670,2,1,IWM260805C00314000,IWM,2026-08-05,call,314.0,0.03,103.0,0.04,73.0,0.035,0.02,1.0,0.3514,0.0175,0.0078,-0.1208,0.0068,0.0001,2026-08-04,297.58,302.38,297.22,301.71,714740.0,300.744723
2026-08-04T20:35:06.670,2,1,IWM260805C00315000,IWM,2026-08-05,call,315.0,0.03,135.0,0.04,91.0,0.035,0.03,1.0,0.3758,0.0165,0.0069,-0.1228,0.0065,0.0001,2026-08-04,297.58,302.38,297.22,301.71,714740.0,300.744723
2026-08-04T20:35:06.670,2,1,IWM260805C00316000,IWM,2026-08-05,call,316.0,0.01,10.0,0.02,7.0,0.015,0.02,1.0,0.3581,0.008,0.0039,-0.0626,0.0035,0.0001,2026-08-04,297.58,302.38,297.22,301.71,714740.0,300.744723
2026-08-04T20:35:06.670,2,1,IWM260805C00317000,IWM,2026-08-05,call,317.0,0.01,52.0,0.04,106.0,0.025,0.01,75.0,0.4048,0.0114,0.0047,-0.0962,0.0047,0.0001,2026-08-04,297.58,302.38,297.22,301.71,714740.0,300.744723
2026-08-04T20:35:06.670,2,1,IWM260805C00318000,IWM,2026-08-05,call,318.0,0.03,14.0,0.04,77.0,0.035,0.02,3.0,0.4471,0.0142,0.0051,-0.1278,0.0057,0.0001,2026-08-04,297.58,302.38,297.22,301.71,714740.0,300.744723
2026-08-04T20:35:06.670,2,1,IWM260805C00319000,IWM,2026-08-05,call,319.0,0.01,2.0,0.04,115.0,0.025,,,0.4501,0.0104,0.0039,-0.0984,0.0044,0.0001,2026-08-04,297.58,302.38,297.22,301.71,714740.0,300.744723
2026-08-04T20:35:06.670,2,1,IWM260805C00320000,IWM,2026-08-05,call,320.0,0.0,0.0,0.03,111.0,0.015,0.02,1.0,,,,,,,2026-08-04,297.58,302.38,297.22,301.71,714740.0,300.744723
2026-08-04T20:35:06.670,2,1,IWM260805C00321000,IWM,2026-08-05,call,321.0,0.0,0.0,0.01,79.0,0.005,,,,,,,,,2026-08-04,297.58,302.38,297.22,301.71,714740.0,300.744723
2026-08-04T20:35:06.670,2,1,IWM260805C00322000,IWM,2026-08-05,call,322.0,0.0,0.0,0.03,88.0,0.015,,,,,,,,,2026-08-04,297.58,302.38,297.22,301.71,714740.0,300.744723
2026-08-04T20:35:06.670,2,1,IWM260805C00323000,IWM,2026-08-05,call,323.0,0.0,0.0,0.03,88.0,0.015,,,,,,,,,2026-08-04,297.58,302.38,297.22,301.71,714740.0,300.744723
2026-08-04T20:35:06.670,2,1,IWM260805C00324000,IWM,2026-08-05,call,324.0,0.0,0.0,0.03,10.0,0.015,,,,,,,,,2026-08-04,297.58,302.38,297.22,301.71,714740.0,300.744723
2026-08-04T20:35:06.670,2,1,IWM260805C00325000,IWM,2026-08-05,call,325.0,0.0,0.0,0.03,10.0,0.015,,,,,,,,,2026-08-04,297.58,302.38,297.22,301.71,714740.0,300.744723
2026-08-04T20:35:06.670,2,1,IWM260805C00330000,IWM,2026-08-05,call,330.0,0.0,0.0,0.03,90.0,0.015,,,,,,,,,2026-08-04,297.58,302.38,297.22,301.71,714740.0,300.744723
2026-08-04T20:35:06.670,2,1,IWM260805C00340000,IWM,2026-08-05,call,340.0,0.0,0.0,0.03,9.0,0.015,0.01,4.0,,,,,,,2026-08-04,297.58,302.38,297.22,301.71,714740.0,300.744723
2026-08-04T20:35:06.670,2,1,IWM260805C00350000,IWM,2026-08-05,call,350.0,0.0,0.0,0.03,77.0,0.015,,,,,,,,,2026-08-04,297.58,302.38,297.22,301.71,714740.0,300.744723
2026-08-04T20:35:06.670,2,1,IWM260805P00180000,IWM,2026-08-05,put,180.0,0.0,0.0,0.03,77.0,0.015,,,,,,,,,2026-08-04,297.58,302.38,297.22,301.71,714740.0,300.744723
2026-08-04T20:35:06.670,2,1,IWM260805P00190000,IWM,2026-08-05,put,190.0,0.0,0.0,0.03,26.0,0.015,,,,,,,,,2026-08-04,297.58,302.38,297.22,301.71,714740.0,300.744723
2026-08-04T20:35:06.670,2,1,IWM260805P00200000,IWM,2026-08-05,put,200.0,0.0,0.0,0.01,77.0,0.005,,,,,,,,,2026-08-04,297.58,302.38,297.22,301.71,714740.0,300.744723
2026-08-04T20:35:06.670,2,1,IWM260805P00205000,IWM,2026-08-05,put,205.0,0.0,0.0,0.03,77.0,0.015,,,,,,,,,2026-08-04,297.58,302.38,297.22,301.71,714740.0,300.744723
2026-08-04T20:35:06.670,2,1,IWM260805P00210000,IWM,2026-08-05,put,210.0,0.0,0.0,0.03,77.0,0.015,,,,,,,,,2026-08-04,297.58,302.38,297.22,301.71,714740.0,300.744723
2026-08-04T20:35:06.670,2,1,IWM260805P00215000,IWM,2026-08-05,put,215.0,0.0,0.0,0.03,10.0,0.015,,,,,,,,,2026-08-04,297.58,302.38,297.22,301.71,714740.0,300.744723
2026-08-04T20:35:06.670,2,1,IWM260805P00220000,IWM,2026-08-05,put,220.0,0.0,0.0,0.03,77.0,0.015,,,,,,,,,2026-08-04,297.58,302.38,297.22,301.71,714740.0,300.744723
2026-08-04T20:35:06.670,2,1,IWM260805P00225000,IWM,2026-08-05,put,225.0,0.0,0.0,0.01,77.0,0.005,0.01,104.0,,,,,,,2026-08-04,297.58,302.38,297.22,301.71,714740.0,300.744723
2026-08-04T20:35:06.670,2,1,IWM260805P00230000,IWM,2026-08-05,put,230.0,0.0,0.0,0.01,9.0,0.005,,,,,,,,,2026-08-04,297.58,302.38,297.22,301.71,714740.0,300.744723
2026-08-04T20:35:06.670,2,1,IWM260805P00235000,IWM,2026-08-05,put,235.0,0.0,0.0,0.01,77.0,0.005,,,,,,,,,2026-08-04,297.58,302.38,297.22,301.71,714740.0,300.744723
2026-08-04T20:35:06.670,2,1,IWM260805P00240000,IWM,2026-08-05,put,240.0,0.0,0.0,0.01,85.0,0.005,0.04,1.0,,,,,,,2026-08-04,297.58,302.38,297.22,301.71,714740.0,300.744723
2026-08-04T20:35:06.670,2,1,IWM260805P00245000,IWM,2026-08-05,put,245.0,0.0,0.0,0.03,77.0,0.015,0.06,117.0,,,,,,,2026-08-04,297.58,302.38,297.22,301.71,714740.0,300.744723
2026-08-04T20:35:06.670,2,1,IWM260805P00250000,IWM,2026-08-05,put,250.0,0.0,0.0,0.01,30.0,0.005,0.01,1.0,,,,,,,2026-08-04,297.58,302.38,297.22,301.71,714740.0,300.744723
2026-08-04T20:35:06.670,2,1,IWM260805P00255000,IWM,2026-08-05,put,255.0,0.0,0.0,0.01,85.0,0.005,0.11,93.0,,,,,,,2026-08-04,297.58,302.38,297.22,301.71,714740.0,300.744723
2026-08-04T20:35:06.670,2,1,IWM260805P00260000,IWM,2026-08-05,put,260.0,0.0,0.0,0.03,104.0,0.015,0.05,1.0,,,,,,,2026-08-04,297.58,302.38,297.22,301.71,714740.0,300.744723
2026-08-04T20:35:06.670,2,1,IWM260805P00261000,IWM,2026-08-05,put,261.0,0.0,0.0,0.01,8.0,0.005,0.06,1.0,,,,,,,2026-08-04,297.58,302.38,297.22,301.71,714740.0,300.744723
2026-08-04T20:35:06.670,2,1,IWM260805P00262000,IWM,2026-08-05,put,262.0,0.0,0.0,0.01,77.0,0.005,0.01,4.0,,,,,,,2026-08-04,297.58,302.38,297.22,301.71,714740.0,300.744723
2026-08-04T20:35:06.670,2,1,IWM260805P00263000,IWM,2026-08-05,put,263.0,0.0,0.0,0.03,79.0,0.015,0.07,1.0,,,,,,,2026-08-04,297.58,302.38,297.22,301.71,714740.0,300.744723
2026-08-04T20:35:06.670,2,1,IWM260805P00264000,IWM,2026-08-05,put,264.0,0.0,0.0,0.03,189.0,0.015,0.04,3.0,,,,,,,2026-08-04,297.58,302.38,297.22,301.71,714740.0,300.744723
2026-08-04T20:35:06.670,2,1,IWM260805P00265000,IWM,2026-08-05,put,265.0,0.0,0.0,0.03,7.0,0.015,0.13,15.0,,,,,,,2026-08-04,297.58,302.38,297.22,301.71,714740.0,300.744723
2026-08-04T20:35:06.670,2,1,IWM260805P00266000,IWM,2026-08-05,put,266.0,0.0,0.0,0.01,16.0,0.005,0.17,1.0,,,,,,,2026-08-04,297.58,302.38,297.22,301.71,714740.0,300.744723
2026-08-04T20:35:06.670,2,1,IWM260805P00267000,IWM,2026-08-05,put,267.0,0.0,0.0,0.03,90.0,0.015,0.01,10.0,,,,,,,2026-08-04,297.58,302.38,297.22,301.71,714740.0,300.744723
2026-08-04T20:35:06.670,2,1,IWM260805P00268000,IWM,2026-08-05,put,268.0,0.0,0.0,0.01,96.0,0.005,0.04,1.0,,,,,,,2026-08-04,297.58,302.38,297.22,301.71,714740.0,300.744723
2026-08-04T20:35:06.670,2,1,IWM260805P00269000,IWM,2026-08-05,put,269.0,0.0,0.0,0.03,76.0,0.015,0.01,5.0,,,,,,,2026-08-04,297.58,302.38,297.22,301.71,714740.0,300.744723
2026-08-04T20:35:06.670,2,1,IWM260805P00270000,IWM,2026-08-05,put,270.0,0.0,0.0,0.03,68.0,0.015,0.01,1.0,,,,,,,2026-08-04,297.58,302.38,297.22,301.71,714740.0,300.744723
2026-08-04T20:35:06.670,2,1,IWM260805P00271000,IWM,2026-08-05,put,271.0,0.0,0.0,0.03,77.0,0.015,0.01,10.0,,,,,,,2026-08-04,297.58,302.38,297.22,301.71,714740.0,300.744723
2026-08-04T20:35:06.670,2,1,IWM260805P00272000,IWM,2026-08-05,put,272.0,0.0,0.0,0.01,88.0,0.005,0.01,5.0,,,,,,,2026-08-04,297.58,302.38,297.22,301.71,714740.0,300.744723
2026-08-04T20:35:06.670,2,1,IWM260805P00273000,IWM,2026-08-05,put,273.0,0.0,0.0,0.01,7.0,0.005,0.01,30.0,,,,,,,2026-08-04,297.58,302.38,297.22,301.71,714740.0,300.744723
2026-08-04T20:35:06.670,2,1,IWM260805P00274000,IWM,2026-08-05,put,274.0,0.0,0.0,0.03,8.0,0.015,0.01,9.0,,,,,,,2026-08-04,297.58,302.38,297.22,301.71,714740.0,300.744723
2026-08-04T20:35:06.670,2,1,IWM260805P00275000,IWM,2026-08-05,put,275.0,0.0,0.0,0.03,65.0,0.015,0.03,2.0,,,,,,,2026-08-04,297.58,302.38,297.22,301.71,714740.0,300.744723
2026-08-04T20:35:06.670,2,1,IWM260805P00276000,IWM,2026-08-05,put,276.0,0.0,0.0,0.01,65.0,0.005,0.01,1.0,,,,,,,2026-08-04,297.58,302.38,297.22,301.71,714740.0,300.744723
2026-08-04T20:35:06.670,2,1,IWM260805P00277000,IWM,2026-08-05,put,277.0,0.0,0.0,0.03,10.0,0.015,0.03,1.0,,,,,,,2026-08-04,297.58,302.38,297.22,301.71,714740.0,300.744723
2026-08-04T20:35:06.670,2,1,IWM260805P00278000,IWM,2026-08-05,put,278.0,0.0,0.0,0.01,64.0,0.005,0.01,1.0,,,,,,,2026-08-04,297.58,302.38,297.22,301.71,714740.0,300.744723
2026-08-04T20:35:06.670,2,1,IWM260805P00279000,IWM,2026-08-05,put,279.0,0.0,0.0,0.03,59.0,0.015,0.01,1.0,,,,,,,2026-08-04,297.58,302.38,297.22,301.71,714740.0,300.744723
2026-08-04T20:35:06.670,2,1,IWM260805P00280000,IWM,2026-08-05,put,280.0,0.0,0.0,0.01,78.0,0.005,0.01,5.0,,,,,,,2026-08-04,297.58,302.38,297.22,301.71,714740.0,300.744723
2026-08-04T20:35:06.670,2,1,IWM260805P00281000,IWM,2026-08-05,put,281.0,0.0,0.0,0.03,18.0,0.015,0.01,9.0,,,,,,,2026-08-04,297.58,302.38,297.22,301.71,714740.0,300.744723
2026-08-04T20:35:06.670,2,1,IWM260805P00282000,IWM,2026-08-05,put,282.0,0.0,0.0,0.01,8.0,0.005,0.01,3.0,,,,,,,2026-08-04,297.58,302.38,297.22,301.71,714740.0,300.744723
2026-08-04T20:35:06.670,2,1,IWM260805P00283000,IWM,2026-08-05,put,283.0,0.0,0.0,0.01,58.0,0.005,0.01,3.0,,,,,,,2026-08-04,297.58,302.38,297.22,301.71,714740.0,300.744723
2026-08-04T20:35:06.670,2,1,IWM260805P00284000,IWM,2026-08-05,put,284.0,0.03,55.0,0.04,77.0,0.035,0.01,1.0,0.5244,-0.0121,0.0038,-0.13,0.005,-0.0001,2026-08-04,297.58,302.38,297.22,301.71,714740.0,300.744723
2026-08-04T20:35:06.670,2,1,IWM260805P00285000,IWM,2026-08-05,put,285.0,0.01,101.0,0.04,145.0,0.025,0.01,1.0,0.4766,-0.0097,0.0035,-0.0978,0.0041,-0.0001,2026-08-04,297.58,302.38,297.22,301.71,714740.0,300.744723
2026-08-04T20:35:06.670,2,1,IWM260805P00286000,IWM,2026-08-05,put,286.0,0.03,89.0,0.04,136.0,0.035,0.03,20.0,0.472,-0.0133,0.0046,-0.127,0.0054,-0.0001,2026-08-04,297.58,302.38,297.22,301.71,714740.0,300.744723
2026-08-04T20:35:06.670,2,1,IWM260805P00287000,IWM,2026-08-05,put,287.0,0.01,169.0,0.02,77.0,0.015,0.03,10.0,0.3997,-0.0072,0.0032,-0.0629,0.0032,-0.0001,2026-08-04,297.58,302.38,297.22,301.71,714740.0,300.744723
2026-08-04T20:35:06.670,2,1,IWM260805P00288000,IWM,2026-08-05,put,288.0,0.01,313.0,0.02,3.0,0.015,0.02,2.0,0.3755,-0.0076,0.0035,-0.0621,0.0033,-0.0001,2026-08-04,297.58,302.38,297.22,301.71,714740.0,300.744723
2026-08-04T20:35:06.670,2,1,IWM260805P00289000,IWM,2026-08-05,put,289.0,0.01,74.0,0.02,39.0,0.015,0.01,1.0,0.3513,-0.0081,0.004,-0.0613,0.0035,-0.0001,2026-08-04,297.58,302.38,297.22,301.71,714740.0,300.744723
2026-08-04T20:35:06.670,2,1,IWM260805P00290000,IWM,2026-08-05,put,290.0,0.04,81.0,0.05,70.0,0.045,0.03,81.0,0.3802,-0.0202,0.0081,-0.1463,0.0077,-0.0002,2026-08-04,297.58,302.38,297.22,301.71,714740.0,300.744723
2026-08-04T20:35:06.670,2,1,IWM260805P00291000,IWM,2026-08-05,put,291.0,0.01,79.0,0.06,181.0,0.034999999999999996,0.04,100.0,0.3394,-0.0179,0.0082,-0.1177,0.007,-0.0001,2026-08-04,297.58,302.38,297.22,301.71,714740.0,300.744723
2026-08-04T20:35:06.670,2,1,IWM260805P00292000,IWM,2026-08-05,put,292.0,0.01,191.0,0.03,194.0,0.02,0.05,1.0,0.2885,-0.0126,0.0071,-0.0737,0.0051,-0.0001,2026-08-04,297.58,302.38,297.22,301.71,714740.0,300.744723
2026-08-04T20:35:06.670,2,1,IWM260805P00293000,IWM,2026-08-05,put,293.0,0.06,93.0,0.07,3.0,0.065,0.06,10.0,0.3161,-0.033,0.0147,-0.1827,0.0116,-0.0003,2026-08-04,297.58,302.38,297.22,301.71,714740.0,300.744723
2026-08-04T20:35:06.670,2,1,IWM260805P00294000,IWM,2026-08-05,put,294.0,0.03,59.0,0.05,105.0,0.04,0.04,2.0,0.2635,-0.0253,0.0142,-0.122,0.0093,-0.0002,2026-08-04,297.58,302.38,297.22,301.71,714740.0,300.744723
2026-08-04T20:35:06.670,2,1,IWM260805P00295000,IWM,2026-08-05,put,295.0,0.05,78.0,0.1,75.0,0.07500000000000001,0.09,1.0,0.2637,-0.0438,0.0222,-0.1918,0.0146,-0.0004,2026-08-04,297.58,302.38,297.22,301.71,714740.0,300.744723
2026-08-04T20:35:06.670,2,1,IWM260805P00296000,IWM,2026-08-05,put,296.0,0.12,217.0,0.14,18.0,0.13,0.09,1.0,0.2621,-0.0705,0.0326,-0.2774,0.0213,-0.0006,2026-08-04,297.58,302.38,297.22,301.71,714740.0,300.744723
2026-08-04T20:35:06.670,2,1,IWM260805P00297000,IWM,2026-08-05,put,297.0,0.17,100.0,0.2,183.0,0.185,0.15,1.0,0.2494,-0.0988,0.0441,-0.3399,0.0275,-0.0008,2026-08-04,297.58,302.38,297.22,301.71,714740.0,300.744723
2026-08-04T20:35:06.670,2,1,IWM260805P00298000,IWM,2026-08-05,put,298.0,0.26,97.0,0.29,152.0,0.275,0.22,1.0,0.2393,-0.1415,0.0593,-0.4198,0.0354,-0.0012,2026-08-04,297.58,302.38,297.22,301.71,714740.0,300.744723
2026-08-04T20:35:06.670,2,1,IWM260805P00299000,IWM,2026-08-05,put,299.0,0.4,66.0,0.43,23.0,0.41500000000000004,0.34,10.0,0.231,-0.2019,0.0771,-0.5078,0.0445,-0.0017,2026-08-04,297.58,302.38,297.22,301.71,714740.0,300.744723
2026-08-04T20:35:06.670,2,1,IWM260805P00300000,IWM,2026-08-05,put,300.0,0.62,97.0,0.65,10.0,0.635,0.48,1.0,0.2258,-0.284,0.095,-0.5963,0.0536,-0.0024,2026-08-04,297.58,302.38,297.22,301.71,714740.0,300.744723
2026-08-04T20:35:06.670,2,1,IWM260805P00301000,IWM,2026-08-05,put,301.0,0.93,56.0,0.95,4.0,0.94,0.79,2.0,0.2203,-0.3835,0.1096,-0.6531,0.0603,-0.0032,2026-08-04,297.58,302.38,297.22,301.71,714740.0,300.744723
2026-08-04T20:35:06.670,2,1,IWM260805P00302000,IWM,2026-08-05,put,302.0,1.39,38.0,1.45,45.0,1.42,1.19,1.0,0.226,-0.4965,0.1117,-0.6974,0.0631,-0.0041,2026-08-04,297.58,302.38,297.22,301.71,714740.0,300.744723
2026-08-04T20:35:06.670,2,1,IWM260805P00303000,IWM,2026-08-05,put,303.0,1.98,3.0,2.029,3.0,2.0045,1.72,1.0,0.2306,-0.6045,0.1057,-0.6835,0.0609,-0.0051,2026-08-04,297.58,302.38,297.22,301.71,714740.0,300.744723
2026-08-04T20:35:06.670,2,1,IWM260805P00304000,IWM,2026-08-05,put,304.0,2.71,2.0,2.78,15.0,2.745,2.54,5.0,0.2452,-0.6933,0.0906,-0.6594,0.0555,-0.0058,2026-08-04,297.58,302.38,297.22,301.71,714740.0,300.744723
2026-08-04T20:35:06.670,2,1,IWM260805P00305000,IWM,2026-08-05,put,305.0,3.37,32.0,3.63,24.0,3.5,3.26,3.0,0.2484,-0.7738,0.0766,-0.5668,0.0476,-0.0065,2026-08-04,297.58,302.38,297.22,301.71,714740.0,300.744723
2026-08-04T20:35:06.670,2,1,IWM260805P00306000,IWM,2026-08-05,put,306.0,4.26,1.0,4.66,1.0,4.46,4.18,1.0,0.2846,-0.8088,0.0606,-0.5876,0.0431,-0.0068,2026-08-04,297.58,302.38,297.22,301.71,714740.0,300.744723
2026-08-04T20:35:06.670,2,1,IWM260805P00307000,IWM,2026-08-05,put,307.0,5.22,29.0,5.66,10.0,5.4399999999999995,5.08,1.0,0.322,-0.8324,0.0493,-0.6125,0.0396,-0.007,2026-08-04,297.58,302.38,297.22,301.71,714740.0,300.744723
2026-08-04T20:35:06.670,2,1,IWM260805P00307500,IWM,2026-08-05,put,307.5,5.72,1.0,6.07,10.0,5.895,,,0.3305,-0.8491,0.0448,-0.5852,0.037,-0.0072,2026-08-04,297.58,302.38,297.22,301.71,714740.0,300.744723
2026-08-04T20:35:06.670,2,1,IWM260805P00308000,IWM,2026-08-05,put,308.0,6.23,1.0,6.48,2.0,6.355,6.42,1.0,0.3389,-0.864,0.0407,-0.5577,0.0345,-0.0073,2026-08-04,297.58,302.38,297.22,301.71,714740.0,300.744723
2026-08-04T20:35:06.670,2,1,IWM260805P00309000,IWM,2026-08-05,put,309.0,6.87,10.0,7.51,10.0,7.1899999999999995,,,0.3196,-0.913,0.0313,-0.3715,0.025,-0.0078,2026-08-04,297.58,302.38,297.22,301.71,714740.0,300.744723
2026-08-04T20:35:06.670,2,1,IWM260805P00310000,IWM,2026-08-05,put,310.0,8.21,30.0,8.48,3.0,8.345,7.9,1.0,0.4101,-0.8861,0.0298,-0.5973,0.0305,-0.0076,2026-08-04,297.58,302.38,297.22,301.71,714740.0,300.744723
2026-08-04T20:35:06.670,2,1,IWM260805P00311000,IWM,2026-08-05,put,311.0,9.25,1.0,9.3,10.0,9.275,,,0.4204,-0.9069,0.0251,-0.5249,0.0263,-0.0078,2026-08-04,297.58,302.38,297.22,301.71,714740.0,300.744723
2026-08-04T20:35:06.670,2,1,IWM260805P00312000,IWM,2026-08-05,put,312.0,9.86,3.0,10.26,10.0,10.059999999999999,,,0.3389,-0.966,0.0141,-0.1717,0.0119,-0.0083,2026-08-04,297.58,302.38,297.22,301.71,714740.0,300.744723
2026-08-04T20:35:06.670,2,1,IWM260805P00313000,IWM,2026-08-05,put,313.0,11.0,1.0,11.67,3.0,11.335,,,0.511,-0.9071,0.0206,-0.643,0.0263,-0.0078,2026-08-04,297.58,302.38,297.22,301.71,714740.0,300.744723
2026-08-04T20:35:06.670,2,1,IWM260805P00314000,IWM,2026-08-05,put,314.0,11.93,1.0,12.33,13.0,12.129999999999999,,,0.4456,-0.9513,0.0143,-0.3256,0.016,-0.0082,2026-08-04,297.58,302.38,297.22,301.71,714740.0,300.744723
2026-08-04T20:35:06.670,2,1,IWM260805P00315000,IWM,2026-08-05,put,315.0,13.25,2.0,13.57,2.0,13.41,,,0.6067,-0.905,0.0176,-0.7819,0.0267,-0.0079,2026-08-04,297.58,302.38,297.22,301.71,714740.0,300.744723
2026-08-04T20:35:06.670,2,1,IWM260805P00316000,IWM,2026-08-05,put,316.0,13.98,1.0,14.75,3.0,14.365,,,0.6222,-0.9153,0.0158,-0.734,0.0245,-0.008,2026-08-04,297.58,302.38,297.22,301.71,714740.0,300.744723
2026-08-04T20:35:06.670,2,1,IWM260805P00317000,IWM,2026-08-05,put,317.0,15.03,4.0,15.52,3.0,15.274999999999999,,,0.6141,-0.932,0.0135,-0.6074,0.0208,-0.0081,2026-08-04,297.58,302.38,297.22,301.71,714740.0,300.744723
2026-08-04T20:35:06.670,2,1,IWM260805P00318000,IWM,2026-08-05,put,318.0,14.76,1.0,17.86,1.0,16.31,,,0.6616,-0.9296,0.0129,-0.6758,0.0213,-0.0081,2026-08-04,297.58,302.38,297.22,301.71,714740.0,300.744723
2026-08-04T20:35:06.670,2,1,IWM260805P00319000,IWM,2026-08-05,put,319.0,16.87,1.0,17.83,1.0,17.35,,,0.7111,-0.9267,0.0124,-0.7517,0.022,-0.0081,2026-08-04,297.58,302.38,297.22,301.71,714740.0,300.744723
2026-08-04T20:35:06.670,2,1,IWM260805P00320000,IWM,2026-08-05,put,320.0,18.24,1.0,18.67,1.0,18.455,,,0.788,-0.9166,0.0123,-0.9261,0.0243,-0.0081,2026-08-04,297.58,302.38,297.22,301.71,714740.0,300.744723
2026-08-04T20:35:06.670,2,1,IWM260805P00321000,IWM,2026-08-05,put,321.0,19.52,1.0,19.69,1.0,19.605,,,0.8788,-0.9037,0.0123,-1.1569,0.027,-0.008,2026-08-04,297.58,302.38,297.22,301.71,714740.0,300.744723
2026-08-04T20:35:06.670,2,1,IWM260805P00322000,IWM,2026-08-05,put,322.0,20.51,1.0,20.93,1.0,20.72,,,0.9534,-0.896,0.012,-1.331,0.0285,-0.008,2026-08-04,297.58,302.38,297.22,301.71,714740.0,300.744723
2026-08-04T20:35:06.670,2,1,IWM260805P00323000,IWM,2026-08-05,put,323.0,20.97,1.0,21.92,1.0,21.445,,,0.8776,-0.925,0.0102,-0.9513,0.0224,-0.0082,2026-08-04,297.58,302.38,297.22,301.71,714740.0,300.744723
2026-08-04T20:35:06.670,2,1,IWM260805P00324000,IWM,2026-08-05,put,324.0,20.75,1.0,24.23,1.0,22.490000000000002,,,0.9283,-0.9225,0.0099,-1.0343,0.0229,-0.0082,2026-08-04,297.58,302.38,297.22,301.71,714740.0,300.744723
2026-08-04T20:35:06.670,2,1,IWM260805P00325000,IWM,2026-08-05,put,325.0,22.92,2.0,23.66,1.0,23.29,,,0.8584,-0.9463,0.008,-0.7091,0.0172,-0.0085,2026-08-04,297.58,302.38,297.22,301.71,714740.0,300.744723
2026-08-04T20:35:06.670,2,1,IWM260805P00330000,IWM,2026-08-05,put,330.0,28.01,1.0,28.07,1.0,28.04,,,0.7534,-0.9871,0.0028,-0.1659,0.0053,-0.0089,2026-08-04,297.58,302.38,297.22,301.71,714740.0,300.744723
2026-08-04T20:35:06.670,2,1,IWM260805P00340000,IWM,2026-08-05,put,340.0,37.76,1.0,38.4,1.0,38.08,,,,,,,,,2026-08-04,297.58,302.38,297.22,301.71,714740.0,300.744723
2026-08-04T20:35:06.670,2,1,IWM260805P00350000,IWM,2026-08-05,put,350.0,47.15,1.0,50.58,1.0,48.864999999999995,,,,,,,,,2026-08-04,297.58,302.38,297.22,301.71,714740.0,300.744723
2026-08-04T20:35:06.670,2,2,IWM260806C00180000,IWM,2026-08-06,call,180.0,122.07,2.0,122.59,1.0,122.33,,,,,,,,,2026-08-04,297.58,302.38,297.22,301.71,714740.0,300.744723
2026-08-04T20:35:06.670,2,2,IWM260806C00190000,IWM,2026-08-06,call,190.0,112.92,1.0,113.36,1.0,113.14,,,,,,,,,2026-08-04,297.58,302.38,297.22,301.71,714740.0,300.744723
2026-08-04T20:35:06.670,2,2,IWM260806C00200000,IWM,2026-08-06,call,200.0,101.08,1.0,103.36,1.0,102.22,,,,,,,,,2026-08-04,297.58,302.38,297.22,301.71,714740.0,300.744723
2026-08-04T20:35:06.670,2,2,IWM260806C00205000,IWM,2026-08-06,call,205.0,95.47,1.0,98.59,1.0,97.03,,,,,,,,,2026-08-04,297.58,302.38,297.22,301.71,714740.0,300.744723
2026-08-04T20:35:06.670,2,2,IWM260806C00210000,IWM,2026-08-06,call,210.0,89.6,1.0,90.17,1.0,89.88499999999999,,,,,,,,,2026-08-04,297.58,302.38,297.22,301.71,714740.0,300.744723
2026-08-04T20:35:06.670,2,2,IWM260806C00215000,IWM,2026-08-06,call,215.0,86.21,1.0,88.25,1.0,87.22999999999999,,,,,,,,,2026-08-04,297.58,302.38,297.22,301.71,714740.0,300.744723
2026-08-04T20:35:06.670,2,2,IWM260806C00220000,IWM,2026-08-06,call,220.0,82.75,1.0,83.22,2.0,82.985,,,,,,,,,2026-08-04,297.58,302.38,297.22,301.71,714740.0,300.744723
2026-08-04T20:35:06.670,2,2,IWM260806C00225000,IWM,2026-08-06,call,225.0,76.94,1.0,77.41,2.0,77.175,,,,,,,,,2026-08-04,297.58,302.38,297.22,301.71,714740.0,300.744723
2026-08-04T20:35:06.670,2,2,IWM260806C00230000,IWM,2026-08-06,call,230.0,72.39,1.0,72.43,1.0,72.41,,,,,,,,,2026-08-04,297.58,302.38,297.22,301.71,714740.0,300.744723
2026-08-04T20:35:06.670,2,2,IWM260806C00235000,IWM,2026-08-06,call,235.0,65.97,1.0,68.3,1.0,67.13499999999999,,,,,,,,,2026-08-04,297.58,302.38,297.22,301.71,714740.0,300.744723
2026-08-04T20:35:06.670,2,2,IWM260806C00240000,IWM,2026-08-06,call,240.0,62.41,1.0,62.88,1.0,62.644999999999996,,,,,,,,,2026-08-04,297.58,302.38,297.22,301.71,714740.0,300.744723
2026-08-04T20:35:06.670,2,2,IWM260806C00245000,IWM,2026-08-06,call,245.0,57.05,1.0,57.47,1.0,57.26,,,,,,,,,2026-08-04,297.58,302.38,297.22,301.71,714740.0,300.744723
2026-08-04T20:35:06.670,2,2,IWM260806C00250000,IWM,2026-08-06,call,250.0,51.34,1.0,51.49,1.0,51.415000000000006,,,,,,,,,2026-08-04,297.58,302.38,297.22,301.71,714740.0,300.744723
2026-08-04T20:35:06.670,2,2,IWM260806C00255000,IWM,2026-08-06,call,255.0,46.94,1.0,47.58,1.0,47.26,36.55,2.0,,,,,,,2026-08-04,297.58,302.38,297.22,301.71,714740.0,300.744723
2026-08-04T20:35:06.670,2,2,IWM260806C00260000,IWM,2026-08-06,call,260.0,41.58,1.0,42.22,10.0,41.9,41.52,1.0,,,,,,,2026-08-04,297.58,302.38,297.22,301.71,714740.0,300.744723
2026-08-04T20:35:06.670,2,2,IWM260806C00261000,IWM,2026-08-06,call,261.0,40.08,1.0,41.12,1.0,40.599999999999994,,,,,,,,,2026-08-04,297.58,302.38,297.22,301.71,714740.0,300.744723
2026-08-04T20:35:06.670,2,2,IWM260806C00262000,IWM,2026-08-06,call,262.0,40.18,1.0,40.46,1.0,40.32,,,,,,,,,2026-08-04,297.58,302.38,297.22,301.71,714740.0,300.744723
2026-08-04T20:35:06.670,2,2,IWM260806C00263000,IWM,2026-08-06,call,263.0,37.9,2.0,38.43,2.0,38.165,,,,,,,,,2026-08-04,297.58,302.38,297.22,301.71,714740.0,300.744723
2026-08-04T20:35:06.670,2,2,IWM260806C00264000,IWM,2026-08-06,call,264.0,37.9,1.0,38.23,1.0,38.065,,,0.7318,0.994,0.001,-0.0958,0.0038,0.0144,2026-08-04,297.58,302.38,297.22,301.71,714740.0,300.744723
2026-08-04T20:35:06.670,2,2,IWM260806C00265000,IWM,2026-08-06,call,265.0,36.98,1.0,37.1,1.0,37.04,,,0.6094,0.9983,0.0004,-0.0455,0.0012,0.0145,2026-08-04,297.58,302.38,297.22,301.71,714740.0,300.744723
2026-08-04T20:35:06.670,2,2,IWM260806C00266000,IWM,2026-08-06,call,266.0,34.84,1.0,35.9,1.0,35.370000000000005,,,,,,,,,2026-08-04,297.58,302.38,297.22,301.71,714740.0,300.744723
2026-08-04T20:35:06.670,2,2,IWM260806C00267000,IWM,2026-08-06,call,267.0,34.15,1.0,35.33,1.0,34.739999999999995,,,,,,,,,2026-08-04,297.58,302.38,297.22,301.71,714740.0,300.744723
2026-08-04T20:35:06.670,2,2,IWM260806C00268000,IWM,2026-08-06,call,268.0,33.34,1.0,33.82,1.0,33.58,,,,,,,,,2026-08-04,297.58,302.38,297.22,301.71,714740.0,300.744723
2026-08-04T20:35:06.670,2,2,IWM260806C00269000,IWM,2026-08-06,call,269.0,31.93,1.0,33.33,1.0,32.629999999999995,,,,,,,,,2026-08-04,297.58,302.38,297.22,301.71,714740.0,300.744723
2026-08-04T20:35:06.670,2,2,IWM260806C00270000,IWM,2026-08-06,call,270.0,31.92,1.0,32.35,1.0,32.135000000000005,21.25,1.0,0.7239,0.983,0.0026,-0.1972,0.0094,0.0145,2026-08-04,297.58,302.38,297.22,301.71,714740.0,300.744723
2026-08-04T20:35:06.670,2,2,IWM260806C00271000,IWM,2026-08-06,call,271.0,30.92,2.0,31.38,1.0,31.15,,,0.718,0.9806,0.0029,-0.2156,0.0105,0.0145,2026-08-04,297.58,302.38,297.22,301.71,714740.0,300.744723
2026-08-04T20:35:06.670,2,2,IWM260806C00272000,IWM,2026-08-06,call,272.0,28.88,1.0,29.86,1.0,29.369999999999997,,,,,,,,,2026-08-04,297.58,302.38,297.22,301.71,714740.0,300.744723
2026-08-04T20:35:06.670,2,2,IWM260806C00273000,IWM,2026-08-06,call,273.0,28.61,1.0,29.03,1.0,28.82,,,,,,,,,2026-08-04,297.58,302.38,297.22,301.71,714740.0,300.744723
2026-08-04T20:35:06.670,2,2,IWM260806C00274000,IWM,2026-08-06,call,274.0,26.95,1.0,28.21,1.0,27.58,,,,,,,,,2026-08-04,297.58,302.38,297.22,301.71,714740.0,300.744723
2026-08-04T20:35:06.670,2,2,IWM260806C00275000,IWM,2026-08-06,call,275.0,26.49,1.0,27.08,1.0,26.784999999999997,,,,,,,,,2026-08-04,297.58,302.38,297.22,301.71,714740.0,300.744723
2026-08-04T20:35:06.670,2,2,IWM260806C00276000,IWM,2026-08-06,call,276.0,25.26,1.0,25.68,2.0,25.47,,,,,,,,,2026-08-04,297.58,302.38,297.22,301.71,714740.0,300.744723
2026-08-04T20:35:06.670,2,2,IWM260806C00277000,IWM,2026-08-06,call,277.0,23.01,1.0,26.9,1.0,24.955,16.73,1.0,,,,,,,2026-08-04,297.58,302.38,297.22,301.71,714740.0,300.744723
2026-08-04T20:35:06.670,2,2,IWM260806C00278000,IWM,2026-08-06,call,278.0,23.77,1.0,24.24,1.0,24.005,12.57,1.0,,,,,,,2026-08-04,297.58,302.38,297.22,301.71,714740.0,300.744723
2026-08-04T20:35:06.670,2,2,IWM260806C00279000,IWM,2026-08-06,call,279.0,22.03,3.0,22.96,5.0,22.495,,,,,,,,,2026-08-04,297.58,302.38,297.22,301.71,714740.0,300.744723
2026-08-04T20:35:06.670,2,2,IWM260806C00280000,IWM,2026-08-06,call,280.0,21.17,1.0,21.69,1.0,21.43,11.89,2.0,,,,,,,2026-08-04,297.58,302.38,297.22,301.71,714740.0,300.744723
2026-08-04T20:35:06.670,2,2,IWM260806C00281000,IWM,2026-08-06,call,281.0,20.74,1.0,20.83,1.0,20.784999999999997,15.1,1.0,,,,,,,2026-08-04,297.58,302.38,297.22,301.71,714740.0,300.744723
2026-08-04T20:35:06.670,2,2,IWM260806C00282000,IWM,2026-08-06,call,282.0,19.34,2.0,20.15,2.0,19.744999999999997,,,,,,,,,2026-08-04,297.58,302.38,297.22,301.71,714740.0,300.744723
2026-08-04T20:35:06.670,2,2,IWM260806C00283000,IWM,2026-08-06,call,283.0,18.75,1.0,18.81,2.0,18.78,12.26,3.0,,,,,,,2026-08-04,297.58,302.38,297.22,301.71,714740.0,300.744723
2026-08-04T20:35:06.670,2,2,IWM260806C00284000,IWM,2026-08-06,call,284.0,17.23,1.0,18.22,2.0,17.725,7.79,1.0,,,,,,,2026-08-04,297.58,302.38,297.22,301.71,714740.0,300.744723
2026-08-04T20:35:06.670,2,2,IWM260806C00285000,IWM,2026-08-06,call,285.0,16.64,1.0,17.07,1.0,16.855,10.93,1.0,,,,,,,2026-08-04,297.58,302.38,297.22,301.71,714740.0,300.744723
2026-08-04T20:35:06.670,2,2,IWM260806C00286000,IWM,2026-08-06,call,286.0,15.47,1.0,16.11,4.0,15.79,16.02,3.0,,,,,,,2026-08-04,297.58,302.38,297.22,301.71,714740.0,300.744723
2026-08-04T20:35:06.670,2,2,IWM260806C00287000,IWM,2026-08-06,call,287.0,14.85,10.0,15.23,1.0,15.04,15.21,10.0,0.2354,0.9984,0.001,-0.0357,0.0012,0.0157,2026-08-04,297.58,302.38,297.22,301.71,714740.0,300.744723
2026-08-04T20:35:06.670,2,2,IWM260806C00288000,IWM,2026-08-06,call,288.0,13.79,10.0,14.21,10.0,14.0,12.81,1.0,,,,,,,2026-08-04,297.58,302.38,297.22,301.71,714740.0,300.744723
2026-08-04T20:35:06.670,2,2,IWM260806C00289000,IWM,2026-08-06,call,289.0,12.59,10.0,12.89,1.0,12.74,12.91,1.0,,,,,,,2026-08-04,297.58,302.38,297.22,301.71,714740.0,300.744723
2026-08-04T20:35:06.670,2,2,IWM260806C00290000,IWM,2026-08-06,call,290.0,11.85,4.0,11.91,5.0,11.879999999999999,12.24,10.0,,,,,,,2026-08-04,297.58,302.38,297.22,301.71,714740.0,300.744723
2026-08-04T20:35:06.670,2,2,IWM260806C00291000,IWM,2026-08-06,call,291.0,10.87,3.0,11.25,10.0,11.059999999999999,11.21,1.0,0.2249,0.9876,0.0064,-0.0691,0.0072,0.0157,2026-08-04,297.58,302.38,297.22,301.71,714740.0,300.744723
2026-08-04T20:35:06.670,2,2,IWM260806C00292000,IWM,2026-08-06,call,292.0,9.68,1.0,9.83,5.0,9.754999999999999,10.37,2.0,,,,,,,2026-08-04,297.58,302.38,297.22,301.71,714740.0,300.744723
2026-08-04T20:35:06.670,2,2,IWM260806C00293000,IWM,2026-08-06,call,293.0,8.8,3.0,8.91,3.0,8.855,9.31,2.0,,,,,,,2026-08-04,297.58,302.38,297.22,301.71,714740.0,300.744723
2026-08-04T20:35:06.670,2,2,IWM260806C00294000,IWM,2026-08-06,call,294.0,6.64,2.0,7.96,2.0,7.3,8.06,50.0,,,,,,,2026-08-04,297.58,302.38,297.22,301.71,714740.0,300.744723
2026-08-04T20:35:06.670,2,2,IWM260806C00295000,IWM,2026-08-06,call,295.0,6.74,7.0,7.05,14.0,6.895,7.14,1.0,,,,,,,2026-08-04,297.58,302.38,297.22,301.71,714740.0,300.744723
2026-08-04T20:35:06.670,2,2,IWM260806C00296000,IWM,2026-08-06,call,296.0,5.76,24.0,6.06,80.0,5.91,6.19,1.0,,,,,,,2026-08-04,297.58,302.38,297.22,301.71,714740.0,300.744723
2026-08-04T20:35:06.670,2,2,IWM260806C00297000,IWM,2026-08-06,call,297.0,4.98,16.0,5.11,12.0,5.045,5.31,1.0,0.0943,0.9921,0.0102,-0.0409,0.0048,0.0161,2026-08-04,297.58,302.38,297.22,301.71,714740.0,300.744723
2026-08-04T20:35:06.670,2,2,IWM260806C00298000,IWM,2026-08-06,call,298.0,4.05,55.0,4.32,5.0,4.1850000000000005,4.66,1.0,0.1409,0.9025,0.0547,-0.1626,0.0385,0.0147,2026-08-04,297.58,302.38,297.22,301.71,714740.0,300.744723
2026-08-04T20:35:06.670,2,2,IWM260806C00299000,IWM,2026-08-06,call,299.0,3.3,14.0,3.43,10.0,3.365,3.66,10.0,0.1495,0.8212,0.0782,-0.2428,0.0584,0.0134,2026-08-04,297.58,302.38,297.22,301.71,714740.0,300.744723
2026-08-04T20:35:06.670,2,2,IWM260806C00300000,IWM,2026-08-06,call,300.0,2.64,5.0,2.79,8.0,2.715,2.97,2.0,0.1661,0.7114,0.092,-0.3382,0.0763,0.0116,2026-08-04,297.58,302.38,297.22,301.71,714740.0,300.744723
2026-08-04T20:35:06.670,2,2,IWM260806C00301000,IWM,2026-08-06,call,301.0,1.97,86.0,2.08,10.0,2.025,2.17,2.0,0.1624,0.6153,0.1053,-0.3652,0.0854,0.0101,2026-08-04,297.58,302.38,297.22,301.71,714740.0,300.744723
2026-08-04T20:35:06.670,2,2,IWM260806C00302000,IWM,2026-08-06,call,302.0,1.43,1.0,1.5,19.0,1.4649999999999999,1.68,1.0,0.162,0.5069,0.1101,-0.3763,0.0892,0.0083,2026-08-04,297.58,302.38,297.22,301.71,714740.0,300.744723
2026-08-04T20:35:06.670,2,2,IWM260806C00303000,IWM,2026-08-06,call,303.0,1.01,2.0,1.08,1.0,1.045,1.25,1.0,0.1652,0.4,0.1046,-0.3686,0.0864,0.0066,2026-08-04,297.58,302.38,297.22,301.71,714740.0,300.744723
2026-08-04T20:35:06.670,2,2,IWM260806C00304000,IWM,2026-08-06,call,304.0,0.69,9.0,0.79,29.0,0.74,0.82,2.0,0.1703,0.3062,0.0922,-0.3431,0.0784,0.005,2026-08-04,297.58,302.38,297.22,301.71,714740.0,300.744723
2026-08-04T20:35:06.670,2,2,IWM260806C00305000,IWM,2026-08-06,call,305.0,0.48,169.0,0.52,57.0,0.5,0.55,1.0,0.173,0.2252,0.0776,-0.2969,0.0671,0.0037,2026-08-04,297.58,302.38,297.22,301.71,714740.0,300.744723
2026-08-04T20:35:06.670,2,2,IWM260806C00306000,IWM,2026-08-06,call,306.0,0.32,29.0,0.37,4.0,0.345,0.37,1.0,0.1787,0.1641,0.0619,-0.2519,0.0553,0.0027,2026-08-04,297.58,302.38,297.22,301.71,714740.0,300.744723
2026-08-04T20:35:06.670,2,2,IWM260806C00307000,IWM,2026-08-06,call,307.0,0.18,10.0,0.25,11.0,0.215,0.24,1.0,0.1794,0.1113,0.0473,-0.1936,0.0424,0.0018,2026-08-04,297.58,302.38,297.22,301.71,714740.0,300.744723
2026-08-04T20:35:06.670,2,2,IWM260806C00307500,IWM,2026-08-06,call,307.5,0.18,10.0,0.21,21.0,0.195,0.21,4.0,0.1871,0.0992,0.0417,-0.1854,0.039,0.0016,2026-08-04,297.58,302.38,297.22,301.71,714740.0,300.744723
2026-08-04T20:35:06.670,2,2,IWM260806C00308000,IWM,2026-08-06,call,308.0,0.15,18.0,0.18,75.0,0.16499999999999998,0.17,1.0,0.1911,0.0848,0.0363,-0.1684,0.0347,0.0014,2026-08-04,297.58,302.38,297.22,301.71,714740.0,300.744723
2026-08-04T20:35:06.670,2,2,IWM260806C00309000,IWM,2026-08-06,call,309.0,0.07,15.0,0.13,23.0,0.1,0.12,1.0,0.1919,0.0552,0.026,-0.1213,0.0249,0.0009,2026-08-04,297.58,302.38,297.22,301.71,714740.0,300.744723
2026-08-04T20:35:06.670,2,2,IWM260806C00310000,IWM,2026-08-06,call,310.0,0.05,20.0,0.06,32.0,0.055,0.08,1.0,0.1905,0.0331,0.0173,-0.0795,0.0165,0.0005,2026-08-04,297.58,302.38,297.22,301.71,714740.0,300.744723
2026-08-04T20:35:06.670,2,2,IWM260806C00311000,IWM,2026-08-06,call,311.0,0.03,37.0,0.08,30.0,0.055,0.08,2.0,0.2097,0.0304,0.0147,-0.0815,0.0154,0.0005,2026-08-04,297.58,302.38,297.22,301.71,714740.0,300.744723
2026-08-04T20:35:06.670,2,2,IWM260806C00312000,IWM,2026-08-06,call,312.0,0.06,18.0,0.07,10.0,0.065,0.04,1.0,0.2352,0.0318,0.0136,-0.0949,0.016,0.0005,2026-08-04,297.58,302.38,297.22,301.71,714740.0,300.744723
2026-08-04T20:35:06.670,2,2,IWM260806C00313000,IWM,2026-08-06,call,313.0,0.05,96.0,0.06,4.0,0.055,0.03,1.0,0.2473,0.0263,0.011,-0.0851,0.0136,0.0004,2026-08-04,297.58,302.38,297.22,301.71,714740.0,300.744723
2026-08-04T20:35:06.670,2,2,IWM260806C00314000,IWM,2026-08-06,call,314.0,0.05,15.0,0.06,103.0,0.055,0.05,1.0,0.2657,0.0247,0.0097,-0.0867,0.0129,0.0004,2026-08-04,297.58,302.38,297.22,301.71,714740.0,300.744723
2026-08-04T20:35:06.670,2,2,IWM260806C00315000,IWM,2026-08-06,call,315.0,0.01,58.0,0.02,28.0,0.015,0.03,9.0,0.2371,0.0085,0.0044,-0.031,0.0052,0.0001,2026-08-04,297.58,302.38,297.22,301.71,714740.0,300.744723
2026-08-04T20:35:06.670,2,2,IWM260806C00316000,IWM,2026-08-06,call,316.0,0.04,59.0,0.05,64.0,0.045,0.03,11.0,0.2926,0.019,0.0071,-0.0764,0.0104,0.0003,2026-08-04,297.58,302.38,297.22,301.71,714740.0,300.744723
2026-08-04T20:35:06.670,2,2,IWM260806C00317000,IWM,2026-08-06,call,317.0,0.03,99.0,0.05,26.0,0.04,,,0.3047,0.0165,0.006,-0.0705,0.0092,0.0003,2026-08-04,297.58,302.38,297.22,301.71,714740.0,300.744723
2026-08-04T20:35:06.670,2,2,IWM260806C00318000,IWM,2026-08-06,call,318.0,0.01,58.0,0.02,13.0,0.015,0.01,5.0,0.2834,0.0073,0.0032,-0.0321,0.0045,0.0001,2026-08-04,297.58,302.38,297.22,301.71,714740.0,300.744723
2026-08-04T20:35:06.670,2,2,IWM260806C00319000,IWM,2026-08-06,call,319.0,0.01,113.0,0.04,102.0,0.025,,,0.3177,0.0104,0.0039,-0.0494,0.0062,0.0002,2026-08-04,297.58,302.38,297.22,301.71,714740.0,300.744723
2026-08-04T20:35:06.670,2,2,IWM260806C00320000,IWM,2026-08-06,call,320.0,0.01,30.0,0.02,51.0,0.015,0.03,2.0,0.3136,0.0066,0.0027,-0.0328,0.0042,0.0001,2026-08-04,297.58,302.38,297.22,301.71,714740.0,300.744723
2026-08-04T20:35:06.670,2,2,IWM260806C00321000,IWM,2026-08-06,call,321.0,0.01,73.0,0.02,72.0,0.015,,,0.3285,0.0064,0.0024,-0.0331,0.004,0.0001,2026-08-04,297.58,302.38,297.22,301.71,714740.0,300.744723
2026-08-04T20:35:06.670,2,2,IWM260806C00322000,IWM,2026-08-06,call,322.0,0.03,10.0,0.04,9.0,0.035,,,0.3806,0.012,0.0037,-0.0668,0.007,0.0002,2026-08-04,297.58,302.38,297.22,301.71,714740.0,300.744723
2026-08-04T20:35:06.670,2,2,IWM260806C00323000,IWM,2026-08-06,call,323.0,0.03,104.0,0.04,104.0,0.035,,,0.3965,0.0116,0.0034,-0.0674,0.0068,0.0002,2026-08-04,297.58,302.38,297.22,301.71,714740.0,300.744723
2026-08-04T20:35:06.670,2,2,IWM260806C00324000,IWM,2026-08-06,call,324.0,0.01,11.0,0.04,104.0,0.025,,,0.3953,0.0086,0.0026,-0.0517,0.0052,0.0001,2026-08-04,297.58,302.38,297.22,301.71,714740.0,300.744723
2026-08-04T20:35:06.670,2,2,IWM260806C00325000,IWM,2026-08-06,call,325.0,0.0,0.0,0.01,110.0,0.005,,,,,,,,,2026-08-04,297.58,302.38,297.22,301.71,714740.0,300.744723
2026-08-04T20:35:06.670,2,2,IWM260806C00330000,IWM,2026-08-06,call,330.0,0.0,0.0,0.01,110.0,0.005,,,,,,,,,2026-08-04,297.58,302.38,297.22,301.71,714740.0,300.744723
2026-08-04T20:35:06.670,2,2,IWM260806C00340000,IWM,2026-08-06,call,340.0,0.0,0.0,0.03,12.0,0.015,,,,,,,,,2026-08-04,297.58,302.38,297.22,301.71,714740.0,300.744723
2026-08-04T20:35:06.670,2,2,IWM260806C00350000,IWM,2026-08-06,call,350.0,0.0,0.0,0.01,112.0,0.005,,,,,,,,,2026-08-04,297.58,302.38,297.22,301.71,714740.0,300.744723
2026-08-04T20:35:06.670,2,2,IWM260806P00180000,IWM,2026-08-06,put,180.0,0.0,0.0,0.03,15.0,0.015,,,,,,,,,2026-08-04,297.58,302.38,297.22,301.71,714740.0,300.744723
2026-08-04T20:35:06.670,2,2,IWM260806P00190000,IWM,2026-08-06,put,190.0,0.0,0.0,0.01,14.0,0.005,,,,,,,,,2026-08-04,297.58,302.38,297.22,301.71,714740.0,300.744723
2026-08-04T20:35:06.670,2,2,IWM260806P00200000,IWM,2026-08-06,put,200.0,0.0,0.0,0.03,121.0,0.015,,,,,,,,,2026-08-04,297.58,302.38,297.22,301.71,714740.0,300.744723
2026-08-04T20:35:06.670,2,2,IWM260806P00205000,IWM,2026-08-06,put,205.0,0.0,0.0,0.03,121.0,0.015,,,,,,,,,2026-08-04,297.58,302.38,297.22,301.71,714740.0,300.744723
2026-08-04T20:35:06.670,2,2,IWM260806P00210000,IWM,2026-08-06,put,210.0,0.0,0.0,0.01,121.0,0.005,,,,,,,,,2026-08-04,297.58,302.38,297.22,301.71,714740.0,300.744723
2026-08-04T20:35:06.670,2,2,IWM260806P00215000,IWM,2026-08-06,put,215.0,0.0,0.0,0.03,10.0,0.015,,,,,,,,,2026-08-04,297.58,302.38,297.22,301.71,714740.0,300.744723
2026-08-04T20:35:06.670,2,2,IWM260806P00220000,IWM,2026-08-06,put,220.0,0.0,0.0,0.03,29.0,0.015,0.02,1.0,,,,,,,2026-08-04,297.58,302.38,297.22,301.71,714740.0,300.744723
2026-08-04T20:35:06.670,2,2,IWM260806P00225000,IWM,2026-08-06,put,225.0,0.0,0.0,0.03,15.0,0.015,,,,,,,,,2026-08-04,297.58,302.38,297.22,301.71,714740.0,300.744723
2026-08-04T20:35:06.670,2,2,IWM260806P00230000,IWM,2026-08-06,put,230.0,0.0,0.0,0.03,104.0,0.015,,,,,,,,,2026-08-04,297.58,302.38,297.22,301.71,714740.0,300.744723
2026-08-04T20:35:06.670,2,2,IWM260806P00235000,IWM,2026-08-06,put,235.0,0.0,0.0,0.03,120.0,0.015,,,,,,,,,2026-08-04,297.58,302.38,297.22,301.71,714740.0,300.744723
2026-08-04T20:35:06.670,2,2,IWM260806P00240000,IWM,2026-08-06,put,240.0,0.0,0.0,0.03,120.0,0.015,0.01,3.0,,,,,,,2026-08-04,297.58,302.38,297.22,301.71,714740.0,300.744723
2026-08-04T20:35:06.670,2,2,IWM260806P00245000,IWM,2026-08-06,put,245.0,0.0,0.0,0.03,121.0,0.015,0.05,1.0,,,,,,,2026-08-04,297.58,302.38,297.22,301.71,714740.0,300.744723
2026-08-04T20:35:06.670,2,2,IWM260806P00250000,IWM,2026-08-06,put,250.0,0.0,0.0,0.03,120.0,0.015,0.05,1.0,,,,,,,2026-08-04,297.58,302.38,297.22,301.71,714740.0,300.744723
2026-08-04T20:35:06.670,2,2,IWM260806P00255000,IWM,2026-08-06,put,255.0,0.0,0.0,0.01,105.0,0.005,0.04,1.0,,,,,,,2026-08-04,297.58,302.38,297.22,301.71,714740.0,300.744723
2026-08-04T20:35:06.670,2,2,IWM260806P00260000,IWM,2026-08-06,put,260.0,0.0,0.0,0.01,114.0,0.005,0.11,1.0,,,,,,,2026-08-04,297.58,302.38,297.22,301.71,714740.0,300.744723
2026-08-04T20:35:06.670,2,2,IWM260806P00261000,IWM,2026-08-06,put,261.0,0.0,0.0,0.01,121.0,0.005,0.15,11.0,,,,,,,2026-08-04,297.58,302.38,297.22,301.71,714740.0,300.744723
2026-08-04T20:35:06.670,2,2,IWM260806P00262000,IWM,2026-08-06,put,262.0,0.0,0.0,0.03,14.0,0.015,,,,,,,,,2026-08-04,297.58,302.38,297.22,301.71,714740.0,300.744723
2026-08-04T20:35:06.670,2,2,IWM260806P00263000,IWM,2026-08-06,put,263.0,0.0,0.0,0.03,10.0,0.015,,,,,,,,,2026-08-04,297.58,302.38,297.22,301.71,714740.0,300.744723
2026-08-04T20:35:06.670,2,2,IWM260806P00264000,IWM,2026-08-06,put,264.0,0.0,0.0,0.01,114.0,0.005,0.01,3.0,,,,,,,2026-08-04,297.58,302.38,297.22,301.71,714740.0,300.744723
2026-08-04T20:35:06.670,2,2,IWM260806P00265000,IWM,2026-08-06,put,265.0,0.0,0.0,0.03,106.0,0.015,0.12,1.0,,,,,,,2026-08-04,297.58,302.38,297.22,301.71,714740.0,300.744723
2026-08-04T20:35:06.670,2,2,IWM260806P00266000,IWM,2026-08-06,put,266.0,0.0,0.0,0.01,105.0,0.005,0.01,5.0,,,,,,,2026-08-04,297.58,302.38,297.22,301.71,714740.0,300.744723
2026-08-04T20:35:06.670,2,2,IWM260806P00267000,IWM,2026-08-06,put,267.0,0.0,0.0,0.01,23.0,0.005,0.01,5.0,,,,,,,2026-08-04,297.58,302.38,297.22,301.71,714740.0,300.744723
2026-08-04T20:35:06.670,2,2,IWM260806P00268000,IWM,2026-08-06,put,268.0,0.0,0.0,0.01,105.0,0.005,0.11,3.0,,,,,,,2026-08-04,297.58,302.38,297.22,301.71,714740.0,300.744723
2026-08-04T20:35:06.670,2,2,IWM260806P00269000,IWM,2026-08-06,put,269.0,0.0,0.0,0.03,106.0,0.015,0.01,1.0,,,,,,,2026-08-04,297.58,302.38,297.22,301.71,714740.0,300.744723
2026-08-04T20:35:06.670,2,2,IWM260806P00270000,IWM,2026-08-06,put,270.0,0.0,0.0,0.01,132.0,0.005,0.01,5.0,,,,,,,2026-08-04,297.58,302.38,297.22,301.71,714740.0,300.744723
2026-08-04T20:35:06.670,2,2,IWM260806P00271000,IWM,2026-08-06,put,271.0,0.0,0.0,0.01,114.0,0.005,0.01,1.0,,,,,,,2026-08-04,297.58,302.38,297.22,301.71,714740.0,300.744723
2026-08-04T20:35:06.670,2,2,IWM260806P00272000,IWM,2026-08-06,put,272.0,0.0,0.0,0.01,58.0,0.005,0.01,6.0,,,,,,,2026-08-04,297.58,302.38,297.22,301.71,714740.0,300.744723
2026-08-04T20:35:06.670,2,2,IWM260806P00273000,IWM,2026-08-06,put,273.0,0.0,0.0,0.03,162.0,0.015,0.01,5.0,,,,,,,2026-08-04,297.58,302.38,297.22,301.71,714740.0,300.744723
2026-08-04T20:35:06.670,2,2,IWM260806P00274000,IWM,2026-08-06,put,274.0,0.0,0.0,0.01,13.0,0.005,0.01,2.0,,,,,,,2026-08-04,297.58,302.38,297.22,301.71,714740.0,300.744723
2026-08-04T20:35:06.670,2,2,IWM260806P00275000,IWM,2026-08-06,put,275.0,0.0,0.0,0.01,113.0,0.005,0.01,1.0,,,,,,,2026-08-04,297.58,302.38,297.22,301.71,714740.0,300.744723
2026-08-04T20:35:06.670,2,2,IWM260806P00276000,IWM,2026-08-06,put,276.0,0.0,0.0,0.04,172.0,0.02,0.01,30.0,,,,,,,2026-08-04,297.58,302.38,297.22,301.71,714740.0,300.744723
2026-08-04T20:35:06.670,2,2,IWM260806P00277000,IWM,2026-08-06,put,277.0,0.01,35.0,0.02,161.0,0.015,0.01,9.0,0.4527,-0.0047,0.0013,-0.0343,0.003,-0.0001,2026-08-04,297.58,302.38,297.22,301.71,714740.0,300.744723
2026-08-04T20:35:06.670,2,2,IWM260806P00278000,IWM,2026-08-06,put,278.0,0.03,49.0,0.04,104.0,0.035,0.01,28.0,0.4816,-0.0095,0.0024,-0.0685,0.0057,-0.0002,2026-08-04,297.58,302.38,297.22,301.71,714740.0,300.744723
2026-08-04T20:35:06.670,2,2,IWM260806P00279000,IWM,2026-08-06,put,279.0,0.03,99.0,0.04,68.0,0.035,0.02,8.0,0.4633,-0.0099,0.0025,-0.068,0.0059,-0.0002,2026-08-04,297.58,302.38,297.22,301.71,714740.0,300.744723
2026-08-04T20:35:06.670,2,2,IWM260806P00280000,IWM,2026-08-06,put,280.0,0.03,20.0,0.04,38.0,0.035,0.02,1.0,0.4449,-0.0103,0.0027,-0.0674,0.0061,-0.0002,2026-08-04,297.58,302.38,297.22,301.71,714740.0,300.744723
2026-08-04T20:35:06.670,2,2,IWM260806P00281000,IWM,2026-08-06,put,281.0,0.03,112.0,0.04,9.0,0.035,0.02,11.0,0.4266,-0.0107,0.003,-0.0668,0.0063,-0.0002,2026-08-04,297.58,302.38,297.22,301.71,714740.0,300.744723
2026-08-04T20:35:06.670,2,2,IWM260806P00282000,IWM,2026-08-06,put,282.0,0.01,24.0,0.02,103.0,0.015,0.02,9.0,0.3681,-0.0057,0.002,-0.033,0.0036,-0.0001,2026-08-04,297.58,302.38,297.22,301.71,714740.0,300.744723
2026-08-04T20:35:06.670,2,2,IWM260806P00283000,IWM,2026-08-06,put,283.0,0.01,94.0,0.05,13.0,0.030000000000000002,0.03,1.0,0.382,-0.0102,0.0032,-0.0578,0.0061,-0.0002,2026-08-04,297.58,302.38,297.22,301.71,714740.0,300.744723
2026-08-04T20:35:06.670,2,2,IWM260806P00284000,IWM,2026-08-06,put,284.0,0.01,57.0,0.05,64.0,0.030000000000000002,0.02,1.0,0.3638,-0.0107,0.0035,-0.0572,0.0063,-0.0002,2026-08-04,297.58,302.38,297.22,301.71,714740.0,300.744723
2026-08-04T20:35:06.670,2,2,IWM260806P00285000,IWM,2026-08-06,put,285.0,0.05,77.0,0.06,128.0,0.055,0.03,1.0,0.3762,-0.0179,0.0052,-0.092,0.0098,-0.0003,2026-08-04,297.58,302.38,297.22,301.71,714740.0,300.744723
2026-08-04T20:35:06.670,2,2,IWM260806P00286000,IWM,2026-08-06,put,286.0,0.05,120.0,0.06,64.0,0.055,0.02,2.0,0.3567,-0.0188,0.0058,-0.0909,0.0103,-0.0003,2026-08-04,297.58,302.38,297.22,301.71,714740.0,300.744723
2026-08-04T20:35:06.670,2,2,IWM260806P00287000,IWM,2026-08-06,put,287.0,0.06,90.0,0.07,7.0,0.065,0.06,1.0,0.346,-0.0224,0.0069,-0.1022,0.0119,-0.0004,2026-08-04,297.58,302.38,297.22,301.71,714740.0,300.744723
2026-08-04T20:35:06.670,2,2,IWM260806P00288000,IWM,2026-08-06,put,288.0,0.03,8.0,0.08,182.0,0.055,0.03,1.0,0.3175,-0.0208,0.0071,-0.0883,0.0112,-0.0003,2026-08-04,297.58,302.38,297.22,301.71,714740.0,300.744723
2026-08-04T20:35:06.670,2,2,IWM260806P00289000,IWM,2026-08-06,put,289.0,0.03,210.0,0.05,126.0,0.04,0.07,1.0,0.2838,-0.0174,0.0068,-0.0675,0.0096,-0.0003,2026-08-04,297.58,302.38,297.22,301.71,714740.0,300.744723
2026-08-04T20:35:06.670,2,2,IWM260806P00290000,IWM,2026-08-06,put,290.0,0.05,120.0,0.06,61.0,0.055,0.09,2.0,0.278,-0.0235,0.0089,-0.0853,0.0124,-0.0004,2026-08-04,297.58,302.38,297.22,301.71,714740.0,300.744723
2026-08-04T20:35:06.670,2,2,IWM260806P00291000,IWM,2026-08-06,put,291.0,0.06,174.0,0.12,104.0,0.09,0.07,1.0,0.2809,-0.0358,0.0125,-0.1225,0.0176,-0.0006,2026-08-04,297.58,302.38,297.22,301.71,714740.0,300.744723
2026-08-04T20:35:06.670,2,2,IWM260806P00292000,IWM,2026-08-06,put,292.0,0.08,92.0,0.1,94.0,0.09,0.09,10.0,0.2595,-0.0384,0.0144,-0.1197,0.0186,-0.0006,2026-08-04,297.58,302.38,297.22,301.71,714740.0,300.744723
2026-08-04T20:35:06.670,2,2,IWM260806P00293000,IWM,2026-08-06,put,293.0,0.11,52.0,0.13,61.0,0.12,0.12,1.0,0.2518,-0.0506,0.0185,-0.1449,0.0233,-0.0008,2026-08-04,297.58,302.38,297.22,301.71,714740.0,300.744723
2026-08-04T20:35:06.670,2,2,IWM260806P00294000,IWM,2026-08-06,put,294.0,0.14,89.0,0.17,58.0,0.15500000000000003,0.15,1.0,0.2423,-0.0651,0.0234,-0.1699,0.0284,-0.0011,2026-08-04,297.58,302.38,297.22,301.71,714740.0,300.744723
2026-08-04T20:35:06.670,2,2,IWM260806P00295000,IWM,2026-08-06,put,295.0,0.23,78.0,0.26,21.0,0.245,0.2,4.0,0.2447,-0.0949,0.0309,-0.2281,0.0378,-0.0016,2026-08-04,297.58,302.38,297.22,301.71,714740.0,300.744723
2026-08-04T20:35:06.670,2,2,IWM260806P00296000,IWM,2026-08-06,put,296.0,0.3,67.0,0.34,99.0,0.32,0.28,1.0,0.236,-0.1219,0.0384,-0.2631,0.0452,-0.002,2026-08-04,297.58,302.38,297.22,301.71,714740.0,300.744723
2026-08-04T20:35:06.670,2,2,IWM260806P00297000,IWM,2026-08-06,put,297.0,0.4,223.0,0.44,73.0,0.42000000000000004,0.37,12.0,0.2274,-0.1567,0.0472,-0.3001,0.0536,-0.0026,2026-08-04,297.58,302.38,297.22,301.71,714740.0,300.744723
2026-08-04T20:35:06.670,2,2,IWM260806P00298000,IWM,2026-08-06,put,298.0,0.55,57.0,0.59,57.0,0.5700000000000001,0.49,1.0,0.2216,-0.2035,0.0571,-0.3442,0.0632,-0.0034,2026-08-04,297.58,302.38,297.22,301.71,714740.0,300.744723
2026-08-04T20:35:06.670,2,2,IWM260806P00299000,IWM,2026-08-06,put,299.0,0.71,31.0,0.8,59.0,0.755,0.66,19.0,0.2142,-0.2591,0.0676,-0.3797,0.0724,-0.0043,2026-08-04,297.58,302.38,297.22,301.71,714740.0,300.744723
2026-08-04T20:35:06.670,2,2,IWM260806P00300000,IWM,2026-08-06,put,300.0,1.02,10.0,1.05,13.0,1.0350000000000001,0.9,1.0,0.2117,-0.3298,0.0765,-0.4183,0.0809,-0.0055,2026-08-04,297.58,302.38,297.22,301.71,714740.0,300.744723
2026-08-04T20:35:06.670,2,2,IWM260806P00301000,IWM,2026-08-06,put,301.0,1.37,10.0,1.38,1.0,1.375,1.25,1.0,0.2077,-0.4082,0.0837,-0.4382,0.0868,-0.0068,2026-08-04,297.58,302.38,297.22,301.71,714740.0,300.744723
2026-08-04T20:35:06.670,2,2,IWM260806P00302000,IWM,2026-08-06,put,302.0,1.76,126.0,1.88,2.0,1.8199999999999998,1.59,1.0,0.2064,-0.4934,0.0865,-0.4449,0.0892,-0.0083,2026-08-04,297.58,302.38,297.22,301.71,714740.0,300.744723
2026-08-04T20:35:06.670,2,2,IWM260806P00303000,IWM,2026-08-06,put,303.0,2.3,12.0,2.45,76.0,2.375,2.15,5.0,0.2078,-0.5787,0.0842,-0.4365,0.0874,-0.0097,2026-08-04,297.58,302.38,297.22,301.71,714740.0,300.744723
2026-08-04T20:35:06.670,2,2,IWM260806P00304000,IWM,2026-08-06,put,304.0,3.0,29.0,3.15,11.0,3.075,2.83,1.0,0.2169,-0.6535,0.0761,-0.4271,0.0825,-0.011,2026-08-04,297.58,302.38,297.22,301.71,714740.0,300.744723
2026-08-04T20:35:06.670,2,2,IWM260806P00305000,IWM,2026-08-06,put,305.0,3.78,2.0,3.97,2.0,3.875,3.46,1.0,0.2307,-0.7131,0.066,-0.4171,0.0761,-0.012,2026-08-04,297.58,302.38,297.22,301.71,714740.0,300.744723
2026-08-04T20:35:06.670,2,2,IWM260806P00306000,IWM,2026-08-06,put,306.0,4.44,35.0,4.77,59.0,4.605,4.38,1.0,0.2277,-0.7776,0.0585,-0.3552,0.0666,-0.0131,2026-08-04,297.58,302.38,297.22,301.71,714740.0,300.744723
2026-08-04T20:35:06.670,2,2,IWM260806P00307000,IWM,2026-08-06,put,307.0,5.48,24.0,5.64,25.0,5.5600000000000005,5.27,4.0,0.2524,-0.8058,0.0488,-0.363,0.0615,-0.0136,2026-08-04,297.58,302.38,297.22,301.71,714740.0,300.744723
2026-08-04T20:35:06.670,2,2,IWM260806P00307500,IWM,2026-08-06,put,307.5,5.87,3.0,6.25,3.0,6.0600000000000005,,,0.2676,-0.8144,0.0447,-0.3748,0.0598,-0.0138,2026-08-04,297.58,302.38,297.22,301.71,714740.0,300.744723
2026-08-04T20:35:06.670,2,2,IWM260806P00308000,IWM,2026-08-06,put,308.0,6.21,3.0,6.79,3.0,6.5,5.98,1.0,0.2721,-0.8314,0.0414,-0.3569,0.0563,-0.0141,2026-08-04,297.58,302.38,297.22,301.71,714740.0,300.744723
2026-08-04T20:35:06.670,2,2,IWM260806P00309000,IWM,2026-08-06,put,309.0,7.34,1.0,7.73,3.0,7.535,,,0.3072,-0.839,0.0356,-0.3934,0.0546,-0.0143,2026-08-04,297.58,302.38,297.22,301.71,714740.0,300.744723
2026-08-04T20:35:06.670,2,2,IWM260806P00310000,IWM,2026-08-06,put,310.0,8.24,10.0,8.51,4.0,8.375,7.86,1.0,0.3028,-0.8747,0.0305,-0.3216,0.0461,-0.0149,2026-08-04,297.58,302.38,297.22,301.71,714740.0,300.744723
2026-08-04T20:35:06.670,2,2,IWM260806P00311000,IWM,2026-08-06,put,311.0,9.39,2.0,9.8,10.0,9.595,11.81,10.0,0.3745,-0.851,0.0277,-0.4592,0.0519,-0.0146,2026-08-04,297.58,302.38,297.22,301.71,714740.0,300.744723
2026-08-04T20:35:06.670,2,2,IWM260806P00312000,IWM,2026-08-06,put,312.0,10.2,1.0,10.59,1.0,10.395,,,0.3588,-0.8865,0.024,-0.3577,0.043,-0.0152,2026-08-04,297.58,302.38,297.22,301.71,714740.0,300.744723
2026-08-04T20:35:06.670,2,2,IWM260806P00313000,IWM,2026-08-06,put,313.0,11.32,1.0,11.62,3.0,11.469999999999999,,,0.4014,-0.882,0.022,-0.4157,0.0442,-0.0152,2026-08-04,297.58,302.38,297.22,301.71,714740.0,300.744723
2026-08-04T20:35:06.670,2,2,IWM260806P00314000,IWM,2026-08-06,put,314.0,12.28,1.0,12.83,1.0,12.555,,,0.4458,-0.877,0.0204,-0.4793,0.0455,-0.0152,2026-08-04,297.58,302.38,297.22,301.71,714740.0,300.744723
2026-08-04T20:35:06.670,2,2,IWM260806P00315000,IWM,2026-08-06,put,315.0,13.32,2.0,13.85,1.0,13.585,,,0.478,-0.8789,0.0188,-0.5097,0.045,-0.0153,2026-08-04,297.58,302.38,297.22,301.71,714740.0,300.744723
2026-08-04T20:35:06.670,2,2,IWM260806P00316000,IWM,2026-08-06,put,316.0,14.02,10.0,14.42,1.0,14.219999999999999,,,0.4037,-0.9328,0.0144,-0.264,0.0291,-0.0162,2026-08-04,297.58,302.38,297.22,301.71,714740.0,300.744723
2026-08-04T20:35:06.670,2,2,IWM260806P00317000,IWM,2026-08-06,put,317.0,13.84,1.0,17.34,1.0,15.59,,,0.5292,-0.8877,0.0161,-0.5358,0.0427,-0.0155,2026-08-04,297.58,302.38,297.22,301.71,714740.0,300.744723
2026-08-04T20:35:06.670,2,2,IWM260806P00318000,IWM,2026-08-06,put,318.0,16.29,1.0,16.6,1.0,16.445,,,0.5167,-0.9077,0.0143,-0.4485,0.037,-0.0159,2026-08-04,297.58,302.38,297.22,301.71,714740.0,300.744723
2026-08-04T20:35:06.670,2,2,IWM260806P00319000,IWM,2026-08-06,put,319.0,17.15,1.0,17.64,1.0,17.395,,,0.5257,-0.9169,0.013,-0.42,0.0342,-0.0161,2026-08-04,297.58,302.38,297.22,301.71,714740.0,300.744723
2026-08-04T20:35:06.670,2,2,IWM260806P00320000,IWM,2026-08-06,put,320.0,18.3,1.0,18.65,1.0,18.475,,,0.5712,-0.9107,0.0126,-0.4862,0.0361,-0.0161,2026-08-04,297.58,302.38,297.22,301.71,714740.0,300.744723
2026-08-04T20:35:06.670,2,2,IWM260806P00321000,IWM,2026-08-06,put,321.0,19.01,1.0,19.53,1.0,19.270000000000003,,,0.5288,-0.9377,0.0104,-0.3322,0.0274,-0.0166,2026-08-04,297.58,302.38,297.22,301.71,714740.0,300.744723
2026-08-04T20:35:06.670,2,2,IWM260806P00322000,IWM,2026-08-06,put,322.0,20.51,2.0,20.96,3.0,20.735,,,0.6849,-0.8919,0.0121,-0.6817,0.0415,-0.0159,2026-08-04,297.58,302.38,297.22,301.71,714740.0,300.744723
2026-08-04T20:35:06.670,2,2,IWM260806P00323000,IWM,2026-08-06,put,323.0,21.2,1.0,21.29,2.0,21.244999999999997,,,0.5607,-0.9447,0.0089,-0.3193,0.025,-0.0168,2026-08-04,297.58,302.38,297.22,301.71,714740.0,300.744723
2026-08-04T20:35:06.670,2,2,IWM260806P00324000,IWM,2026-08-06,put,324.0,22.54,1.0,23.69,1.0,23.115000000000002,,,0.8192,-0.8702,0.0115,-0.939,0.0472,-0.0157,2026-08-04,297.58,302.38,297.22,301.71,714740.0,300.744723
2026-08-04T20:35:06.670,2,2,IWM260806P00325000,IWM,2026-08-06,put,325.0,23.32,2.0,23.77,2.0,23.545,,,0.7038,-0.9162,0.0098,-0.5753,0.0344,-0.0165,2026-08-04,297.58,302.38,297.22,301.71,714740.0,300.744723
2026-08-04T20:35:06.670,2,2,IWM260806P00330000,IWM,2026-08-06,put,330.0,27.55,1.0,28.52,1.0,28.035,,,0.5646,-0.982,0.0035,-0.107,0.0099,-0.0178,2026-08-04,297.58,302.38,297.22,301.71,714740.0,300.744723
2026-08-04T20:35:06.670,2,2,IWM260806P00340000,IWM,2026-08-06,put,340.0,38.61,3.0,38.99,3.0,38.8,,,,,,,,,2026-08-04,297.58,302.38,297.22,301.71,714740.0,300.744723
2026-08-04T20:35:06.670,2,2,IWM260806P00350000,IWM,2026-08-06,put,350.0,47.25,1.0,48.31,1.0,47.78,,,,,,,,,2026-08-04,297.58,302.38,297.22,301.71,714740.0,300.744723
2026-08-04T20:35:06.670,2,3,IWM260807C00150000,IWM,2026-08-07,call,150.0,148.71,1.0,149.59,1.0,149.15,143.78,1.0,,,,,,,2026-08-04,297.58,302.38,297.22,301.71,714740.0,300.744723
2026-08-04T20:35:06.670,2,3,IWM260807C00155000,IWM,2026-08-07,call,155.0,145.78,1.0,147.46,1.0,146.62,142.29,1.0,,,,,,,2026-08-04,297.58,302.38,297.22,301.71,714740.0,300.744723
2026-08-04T20:35:06.670,2,3,IWM260807C00160000,IWM,2026-08-07,call,160.0,143.58,1.0,143.74,1.0,143.66000000000003,133.6,2.0,,,,,,,2026-08-04,297.58,302.38,297.22,301.71,714740.0,300.744723
2026-08-04T20:35:06.670,2,3,IWM260807C00165000,IWM,2026-08-07,call,165.0,138.97,1.0,139.33,1.0,139.15,129.82,1.0,,,,,,,2026-08-04,297.58,302.38,297.22,301.71,714740.0,300.744723
2026-08-04T20:35:06.670,2,3,IWM260807C00170000,IWM,2026-08-07,call,170.0,133.64,1.0,134.07,1.0,133.855,124.96,1.0,,,,,,,2026-08-04,297.58,302.38,297.22,301.71,714740.0,300.744723
2026-08-04T20:35:06.670,2,3,IWM260807C00175000,IWM,2026-08-07,call,175.0,128.259,1.0,129.35,1.0,128.8045,,,,,,,,,2026-08-04,297.58,302.38,297.22,301.71,714740.0,300.744723
2026-08-04T20:35:06.670,2,3,IWM260807C00180000,IWM,2026-08-07,call,180.0,120.73,1.0,123.55,1.0,122.14,115.69,1.0,,,,,,,2026-08-04,297.58,302.38,297.22,301.71,714740.0,300.744723
2026-08-04T20:35:06.670,2,3,IWM260807C00185000,IWM,2026-08-07,call,185.0,117.49,1.0,117.96,2.0,117.725,112.81,1.0,,,,,,,2026-08-04,297.58,302.38,297.22,301.71,714740.0,300.744723
2026-08-04T20:35:06.670,2,3,IWM260807C00190000,IWM,2026-08-07,call,190.0,113.02,2.0,113.49,2.0,113.255,104.62,1.0,,,,,,,2026-08-04,297.58,302.38,297.22,301.71,714740.0,300.744723
2026-08-04T20:35:06.670,2,3,IWM260807C00195000,IWM,2026-08-07,call,195.0,106.63,1.0,107.05,1.0,106.84,,,,,,,,,2026-08-04,297.58,302.38,297.22,301.71,714740.0,300.744723
2026-08-04T20:35:06.670,2,3,IWM260807C00200000,IWM,2026-08-07,call,200.0,102.48,1.0,103.02,1.0,102.75,93.57,3.0,,,,,,,2026-08-04,297.58,302.38,297.22,301.71,714740.0,300.744723
2026-08-04T20:35:06.670,2,3,IWM260807C00205000,IWM,2026-08-07,call,205.0,95.88,1.0,97.12,6.0,96.5,,,,,,,,,2026-08-04,297.58,302.38,297.22,301.71,714740.0,300.744723
2026-08-04T20:35:06.670,2,3,IWM260807C00210000,IWM,2026-08-07,call,210.0,91.73,1.0,92.42,1.0,92.075,,,,,,,,,2026-08-04,297.58,302.38,297.22,301.71,714740.0,300.744723
2026-08-04T20:35:06.670,2,3,IWM260807C00215000,IWM,2026-08-07,call,215.0,87.06,2.0,87.51,3.0,87.285,,,,,,,,,2026-08-04,297.58,302.38,297.22,301.71,714740.0,300.744723
2026-08-04T20:35:06.670,2,3,IWM260807C00220000,IWM,2026-08-07,call,220.0,81.31,1.0,82.9,1.0,82.105,77.96,1.0,,,,,,,2026-08-04,297.58,302.38,297.22,301.71,714740.0,300.744723
2026-08-04T20:35:06.670,2,3,IWM260807C00225000,IWM,2026-08-07,call,225.0,76.04,1.0,77.22,1.0,76.63,66.78,3.0,,,,,,,2026-08-04,297.58,302.38,297.22,301.71,714740.0,300.744723
2026-08-04T20:35:06.670,2,3,IWM260807C00230000,IWM,2026-08-07,call,230.0,72.08,1.0,72.51,1.0,72.295,61.8,1.0,,,,,,,2026-08-04,297.58,302.38,297.22,301.71,714740.0,300.744723
2026-08-04T20:35:06.670,2,3,IWM260807C00235000,IWM,2026-08-07,call,235.0,67.44,1.0,68.45,1.0,67.945,56.52,2.0,,,,,,,2026-08-04,297.58,302.38,297.22,301.71,714740.0,300.744723
2026-08-04T20:35:06.670,2,3,IWM260807C00240000,IWM,2026-08-07,call,240.0,60.55,1.0,62.15,1.0,61.349999999999994,51.37,1.0,,,,,,,2026-08-04,297.58,302.38,297.22,301.71,714740.0,300.744723
2026-08-04T20:35:06.670,2,3,IWM260807C00245000,IWM,2026-08-07,call,245.0,56.18,9.0,57.4,3.0,56.79,55.86,1.0,,,,,,,2026-08-04,297.58,302.38,297.22,301.71,714740.0,300.744723
2026-08-04T20:35:06.670,2,3,IWM260807C00250000,IWM,2026-08-07,call,250.0,50.86,3.0,51.79,3.0,51.325,51.01,1.0,,,,,,,2026-08-04,297.58,302.38,297.22,301.71,714740.0,300.744723
2026-08-04T20:35:06.670,2,3,IWM260807C00255000,IWM,2026-08-07,call,255.0,45.69,1.0,46.11,1.0,45.9,40.19,2.0,,,,,,,2026-08-04,297.58,302.38,297.22,301.71,714740.0,300.744723
2026-08-04T20:35:06.670,2,3,IWM260807C00260000,IWM,2026-08-07,call,260.0,42.21,1.0,42.69,1.0,42.45,35.12,1.0,0.947,0.9633,0.0031,-0.3724,0.022,0.0204,2026-08-04,297.58,302.38,297.22,301.71,714740.0,300.744723
2026-08-04T20:35:06.670,2,3,IWM260807C00261000,IWM,2026-08-07,call,261.0,40.36,1.0,40.78,1.0,40.57,34.83,1.0,,,,,,,2026-08-04,297.58,302.38,297.22,301.71,714740.0,300.744723
2026-08-04T20:35:06.670,2,3,IWM260807C00262000,IWM,2026-08-07,call,262.0,39.21,1.0,39.73,1.0,39.47,39.06,1.0,,,,,,,2026-08-04,297.58,302.38,297.22,301.71,714740.0,300.744723
2026-08-04T20:35:06.670,2,3,IWM260807C00263000,IWM,2026-08-07,call,263.0,38.86,1.0,39.42,1.0,39.14,26.54,1.0,0.688,0.9878,0.0017,-0.1252,0.0087,0.0213,2026-08-04,297.58,302.38,297.22,301.71,714740.0,300.744723
2026-08-04T20:35:06.670,2,3,IWM260807C00264000,IWM,2026-08-07,call,264.0,37.02,1.0,37.73,1.0,37.375,27.86,1.0,,,,,,,2026-08-04,297.58,302.38,297.22,301.71,714740.0,300.744723
2026-08-04T20:35:06.670,2,3,IWM260807C00265000,IWM,2026-08-07,call,265.0,35.99,3.0,38.87,44.0,37.43,37.29,1.0,0.8378,0.961,0.0037,-0.3483,0.0231,0.0208,2026-08-04,297.58,302.38,297.22,301.71,714740.0,300.744723
2026-08-04T20:35:06.670,2,3,IWM260807C00266000,IWM,2026-08-07,call,266.0,35.07,1.0,35.92,1.0,35.495000000000005,24.02,1.0,,,,,,,2026-08-04,297.58,302.38,297.22,301.71,714740.0,300.744723
2026-08-04T20:35:06.670,2,3,IWM260807C00267000,IWM,2026-08-07,call,267.0,34.49,1.0,35.31,1.0,34.900000000000006,35.67,1.0,,,,,,,2026-08-04,297.58,302.38,297.22,301.71,714740.0,300.744723
2026-08-04T20:35:06.670,2,3,IWM260807C00268000,IWM,2026-08-07,call,268.0,32.93,1.0,34.04,1.0,33.485,31.22,1.0,,,,,,,2026-08-04,297.58,302.38,297.22,301.71,714740.0,300.744723
2026-08-04T20:35:06.670,2,3,IWM260807C00269000,IWM,2026-08-07,call,269.0,32.259,1.0,32.63,1.0,32.444500000000005,30.16,1.0,,,,,,,2026-08-04,297.58,302.38,297.22,301.71,714740.0,300.744723
2026-08-04T20:35:06.670,2,3,IWM260807C00270000,IWM,2026-08-07,call,270.0,30.95,5.0,32.95,1.0,31.950000000000003,21.34,1.0,,,,,,,2026-08-04,297.58,302.38,297.22,301.71,714740.0,300.744723
2026-08-04T20:35:06.670,2,3,IWM260807C00271000,IWM,2026-08-07,call,271.0,30.23,2.0,30.91,1.0,30.57,20.5,1.0,,,,,,,2026-08-04,297.58,302.38,297.22,301.71,714740.0,300.744723
2026-08-04T20:35:06.670,2,3,IWM260807C00272000,IWM,2026-08-07,call,272.0,29.14,1.0,30.04,1.0,29.59,19.67,9.0,,,,,,,2026-08-04,297.58,302.38,297.22,301.71,714740.0,300.744723
2026-08-04T20:35:06.670,2,3,IWM260807C00273000,IWM,2026-08-07,call,273.0,28.49,1.0,28.76,1.0,28.625,23.01,1.0,,,,,,,2026-08-04,297.58,302.38,297.22,301.71,714740.0,300.744723
2026-08-04T20:35:06.670,2,3,IWM260807C00274000,IWM,2026-08-07,call,274.0,27.74,1.0,28.22,2.0,27.979999999999997,15.97,3.0,,,,,,,2026-08-04,297.58,302.38,297.22,301.71,714740.0,300.744723
2026-08-04T20:35:06.670,2,3,IWM260807C00275000,IWM,2026-08-07,call,275.0,26.55,1.0,27.03,1.0,26.79,20.64,1.0,,,,,,,2026-08-04,297.58,302.38,297.22,301.71,714740.0,300.744723
2026-08-04T20:35:06.670,2,3,IWM260807C00276000,IWM,2026-08-07,call,276.0,24.19,1.0,27.45,1.0,25.82,15.01,6.0,,,,,,,2026-08-04,297.58,302.38,297.22,301.71,714740.0,300.744723
2026-08-04T20:35:06.670,2,3,IWM260807C00277000,IWM,2026-08-07,call,277.0,23.12,1.0,26.4,1.0,24.759999999999998,25.17,1.0,,,,,,,2026-08-04,297.58,302.38,297.22,301.71,714740.0,300.744723
2026-08-04T20:35:06.670,2,3,IWM260807C00278000,IWM,2026-08-07,call,278.0,23.93,1.0,24.39,1.0,24.16,17.55,1.0,0.4539,0.9792,0.004,-0.1307,0.0137,0.0223,2026-08-04,297.58,302.38,297.22,301.71,714740.0,300.744723
2026-08-04T20:35:06.670,2,3,IWM260807C00279000,IWM,2026-08-07,call,279.0,22.77,1.0,23.2,1.0,22.985,19.11,1.0,,,,,,,2026-08-04,297.58,302.38,297.22,301.71,714740.0,300.744723
2026-08-04T20:35:06.670,2,3,IWM260807C00280000,IWM,2026-08-07,call,280.0,21.6,1.0,23.47,1.0,22.535,22.41,3.0,0.5694,0.9326,0.0084,-0.3646,0.0357,0.0213,2026-08-04,297.58,302.38,297.22,301.71,714740.0,300.744723
2026-08-04T20:35:06.670,2,3,IWM260807C00281000,IWM,2026-08-07,call,281.0,20.17,36.0,20.87,1.0,20.520000000000003,20.04,1.0,,,,,,,2026-08-04,297.58,302.38,297.22,301.71,714740.0,300.744723
2026-08-04T20:35:06.670,2,3,IWM260807C00282000,IWM,2026-08-07,call,282.0,19.74,1.0,19.82,34.0,19.78,20.0,1.0,,,,,,,2026-08-04,297.58,302.38,297.22,301.71,714740.0,300.744723
2026-08-04T20:35:06.670,2,3,IWM260807C00283000,IWM,2026-08-07,call,283.0,18.6,1.0,18.86,1.0,18.73,18.9,1.0,,,,,,,2026-08-04,297.58,302.38,297.22,301.71,714740.0,300.744723
2026-08-04T20:35:06.670,2,3,IWM260807C00284000,IWM,2026-08-07,call,284.0,17.71,14.0,17.88,17.0,17.795,18.18,1.0,,,,,,,2026-08-04,297.58,302.38,297.22,301.71,714740.0,300.744723
2026-08-04T20:35:06.670,2,3,IWM260807C00285000,IWM,2026-08-07,call,285.0,16.74,2.0,17.29,1.0,17.015,17.39,3.0,,,,,,,2026-08-04,297.58,302.38,297.22,301.71,714740.0,300.744723
2026-08-04T20:35:06.670,2,3,IWM260807C00286000,IWM,2026-08-07,call,286.0,15.77,5.0,16.2,1.0,15.985,16.07,1.0,,,,,,,2026-08-04,297.58,302.38,297.22,301.71,714740.0,300.744723
2026-08-04T20:35:06.670,2,3,IWM260807C00287000,IWM,2026-08-07,call,287.0,14.57,3.0,15.28,3.0,14.925,13.99,1.0,,,,,,,2026-08-04,297.58,302.38,297.22,301.71,714740.0,300.744723
2026-08-04T20:35:06.670,2,3,IWM260807C00287500,IWM,2026-08-07,call,287.5,14.06,10.0,14.65,2.0,14.355,8.69,3.0,,,,,,,2026-08-04,297.58,302.38,297.22,301.71,714740.0,300.744723
2026-08-04T20:35:06.670,2,3,IWM260807C00288000,IWM,2026-08-07,call,288.0,12.45,1.0,14.0,4.0,13.225,14.12,1.0,,,,,,,2026-08-04,297.58,302.38,297.22,301.71,714740.0,300.744723
2026-08-04T20:35:06.670,2,3,IWM260807C00289000,IWM,2026-08-07,call,289.0,12.43,1.0,12.96,6.0,12.695,13.08,2.0,,,,,,,2026-08-04,297.58,302.38,297.22,301.71,714740.0,300.744723
2026-08-04T20:35:06.670,2,3,IWM260807C00290000,IWM,2026-08-07,call,290.0,11.73,1.0,12.21,10.0,11.97,12.1,1.0,,,,,,,2026-08-04,297.58,302.38,297.22,301.71,714740.0,300.744723
2026-08-04T20:35:06.670,2,3,IWM260807C00291000,IWM,2026-08-07,call,291.0,10.71,76.0,10.86,1.0,10.785,11.15,8.0,,,,,,,2026-08-04,297.58,302.38,297.22,301.71,714740.0,300.744723
2026-08-04T20:35:06.670,2,3,IWM260807C00292000,IWM,2026-08-07,call,292.0,9.81,76.0,10.33,10.0,10.07,10.27,1.0,0.1311,0.9979,0.0019,-0.0332,0.0018,0.0239,2026-08-04,297.58,302.38,297.22,301.71,714740.0,300.744723
2026-08-04T20:35:06.670,2,3,IWM260807C00292500,IWM,2026-08-07,call,292.5,9.29,3.0,9.82,3.0,9.555,8.61,1.0,,,,,,,2026-08-04,297.58,302.38,297.22,301.71,714740.0,300.744723
2026-08-04T20:35:06.670,2,3,IWM260807C00293000,IWM,2026-08-07,call,293.0,8.88,1.0,9.22,12.0,9.05,9.61,1.0,,,,,,,2026-08-04,297.58,302.38,297.22,301.71,714740.0,300.744723
2026-08-04T20:35:06.670,2,3,IWM260807C00294000,IWM,2026-08-07,call,294.0,7.85,14.0,8.37,12.0,8.11,8.42,6.0,0.1541,0.9741,0.0143,-0.071,0.0165,0.0235,2026-08-04,297.58,302.38,297.22,301.71,714740.0,300.744723
2026-08-04T20:35:06.670,2,3,IWM260807C00295000,IWM,2026-08-07,call,295.0,6.97,48.0,7.38,71.0,7.175,7.34,2.0,0.1645,0.9447,0.0248,-0.1117,0.0306,0.0229,2026-08-04,297.58,302.38,297.22,301.71,714740.0,300.744723
2026-08-04T20:35:06.670,2,3,IWM260807C00296000,IWM,2026-08-07,call,296.0,6.05,173.0,6.38,78.0,6.215,6.56,1.0,0.1567,0.9245,0.0332,-0.1291,0.0389,0.0224,2026-08-04,297.58,302.38,297.22,301.71,714740.0,300.744723
2026-08-04T20:35:06.670,2,3,IWM260807C00297000,IWM,2026-08-07,call,297.0,5.41,47.0,5.56,47.0,5.484999999999999,5.88,1.0,0.1857,0.8447,0.0469,-0.2272,0.0653,0.0205,2026-08-04,297.58,302.38,297.22,301.71,714740.0,300.744723
2026-08-04T20:35:06.670,2,3,IWM260807C00297500,IWM,2026-08-07,call,297.5,4.9,20.0,5.13,3.0,5.015000000000001,5.53,1.0,0.1778,0.83,0.052,-0.2299,0.0693,0.0202,2026-08-04,297.58,302.38,297.22,301.71,714740.0,300.744723
2026-08-04T20:35:06.670,2,3,IWM260807C00298000,IWM,2026-08-07,call,298.0,4.48,71.0,4.64,12.0,4.5600000000000005,4.94,2.0,0.1712,0.811,0.0577,-0.2354,0.074,0.0198,2026-08-04,297.58,302.38,297.22,301.71,714740.0,300.744723
2026-08-04T20:35:06.670,2,3,IWM260807C00299000,IWM,2026-08-07,call,299.0,3.77,60.0,3.94,14.0,3.855,4.05,2.0,0.1792,0.738,0.0664,-0.2882,0.0892,0.018,2026-08-04,297.58,302.38,297.22,301.71,714740.0,300.744723
2026-08-04T20:35:06.670,2,3,IWM260807C00300000,IWM,2026-08-07,call,300.0,3.12,72.0,3.35,29.0,3.2350000000000003,3.45,1.0,0.1869,0.6607,0.0715,-0.3319,0.1002,0.0161,2026-08-04,297.58,302.38,297.22,301.71,714740.0,300.744723
2026-08-04T20:35:06.670,2,3,IWM260807C00301000,IWM,2026-08-07,call,301.0,2.5,26.0,2.66,43.0,2.58,2.8,1.0,0.1834,0.5878,0.0775,-0.3432,0.1066,0.0144,2026-08-04,297.58,302.38,297.22,301.71,714740.0,300.744723
2026-08-04T20:35:06.670,2,3,IWM260807C00302000,IWM,2026-08-07,call,302.0,2.0,45.0,2.07,19.0,2.035,2.21,1.0,0.1831,0.5089,0.0796,-0.3484,0.1092,0.0125,2026-08-04,297.58,302.38,297.22,301.71,714740.0,300.744723
2026-08-04T20:35:06.670,2,3,IWM260807C00302500,IWM,2026-08-07,call,302.5,1.76,20.0,1.78,18.0,1.77,1.96,4.0,0.1809,0.4688,0.0803,-0.3423,0.1089,0.0115,2026-08-04,297.58,302.38,297.22,301.71,714740.0,300.744723
2026-08-04T20:35:06.670,2,3,IWM260807C00303000,IWM,2026-08-07,call,303.0,1.53,62.0,1.56,26.0,1.545,1.7,1.0,0.1805,0.4288,0.0794,-0.3362,0.1075,0.0105,2026-08-04,297.58,302.38,297.22,301.71,714740.0,300.744723
2026-08-04T20:35:06.670,2,3,IWM260807C00304000,IWM,2026-08-07,call,304.0,1.17,5.0,1.19,6.0,1.18,1.32,9.0,0.1824,0.3532,0.0744,-0.3198,0.1017,0.0087,2026-08-04,297.58,302.38,297.22,301.71,714740.0,300.744723
2026-08-04T20:35:06.670,2,3,IWM260807C00305000,IWM,2026-08-07,call,305.0,0.8,123.0,0.9,61.0,0.8500000000000001,0.97,2.0,0.1803,0.2802,0.0682,-0.2855,0.0922,0.0069,2026-08-04,297.58,302.38,297.22,301.71,714740.0,300.744723
2026-08-04T20:35:06.670,2,3,IWM260807C00306000,IWM,2026-08-07,call,306.0,0.57,29.0,0.62,56.0,0.595,0.69,1.0,0.1788,0.215,0.0597,-0.2448,0.08,0.0053,2026-08-04,297.58,302.38,297.22,301.71,714740.0,300.744723
2026-08-04T20:35:06.670,2,3,IWM260807C00307000,IWM,2026-08-07,call,307.0,0.4,38.0,0.44,37.0,0.42000000000000004,0.46,1.0,0.18,0.1626,0.0499,-0.2067,0.0673,0.004,2026-08-04,297.58,302.38,297.22,301.71,714740.0,300.744723
2026-08-04T20:35:06.670,2,3,IWM260807C00307500,IWM,2026-08-07,call,307.5,0.34,45.0,0.38,3.0,0.36,0.41,4.0,0.1821,0.1422,0.0451,-0.1912,0.0616,0.0035,2026-08-04,297.58,302.38,297.22,301.71,714740.0,300.744723
2026-08-04T20:35:06.670,2,3,IWM260807C00308000,IWM,2026-08-07,call,308.0,0.28,6.0,0.32,4.0,0.30000000000000004,0.36,1.0,0.1829,0.1222,0.0405,-0.1727,0.0555,0.003,2026-08-04,297.58,302.38,297.22,301.71,714740.0,300.744723
2026-08-04T20:35:06.670,2,3,IWM260807C00309000,IWM,2026-08-07,call,309.0,0.23,11.0,0.26,10.0,0.245,0.26,1.0,0.1929,0.0989,0.033,-0.1562,0.0477,0.0024,2026-08-04,297.58,302.38,297.22,301.71,714740.0,300.744723
2026-08-04T20:35:06.670,2,3,IWM260807C00310000,IWM,2026-08-07,call,310.0,0.13,29.0,0.2,58.0,0.165,0.2,1.0,0.1933,0.0708,0.0256,-0.1216,0.0371,0.0017,2026-08-04,297.58,302.38,297.22,301.71,714740.0,300.744723
2026-08-04T20:35:06.670,2,3,IWM260807C00311000,IWM,2026-08-07,call,311.0,0.09,71.0,0.11,14.0,0.1,0.15,1.0,0.1905,0.0467,0.0187,-0.0863,0.0267,0.0012,2026-08-04,297.58,302.38,297.22,301.71,714740.0,300.744723
2026-08-04T20:35:06.670,2,3,IWM260807C00312000,IWM,2026-08-07,call,312.0,0.07,8.0,0.12,17.0,0.095,0.11,1.0,0.2052,0.0419,0.0159,-0.085,0.0245,0.001,2026-08-04,297.58,302.38,297.22,301.71,714740.0,300.744723
2026-08-04T20:35:06.670,2,3,IWM260807C00313000,IWM,2026-08-07,call,313.0,0.05,18.0,0.1,136.0,0.07500000000000001,0.09,1.0,0.2123,0.0331,0.0127,-0.0725,0.0202,0.0008,2026-08-04,297.58,302.38,297.22,301.71,714740.0,300.744723
2026-08-04T20:35:06.670,2,3,IWM260807C00314000,IWM,2026-08-07,call,314.0,0.03,22.0,0.09,10.0,0.06,0.07,1.0,0.2195,0.0264,0.0102,-0.0621,0.0168,0.0007,2026-08-04,297.58,302.38,297.22,301.71,714740.0,300.744723
2026-08-04T20:35:06.670,2,3,IWM260807C00315000,IWM,2026-08-07,call,315.0,0.02,98.0,0.03,2.0,0.025,0.05,1.0,0.2062,0.0128,0.0058,-0.0315,0.009,0.0003,2026-08-04,297.58,302.38,297.22,301.71,714740.0,300.744723
2026-08-04T20:35:06.670,2,3,IWM260807C00317500,IWM,2026-08-07,call,317.5,0.05,120.0,0.06,124.0,0.055,0.04,1.0,0.2674,0.0206,0.0068,-0.0611,0.0136,0.0005,2026-08-04,297.58,302.38,297.22,301.71,714740.0,300.744723
2026-08-04T20:35:06.670,2,3,IWM260807C00320000,IWM,2026-08-07,call,320.0,0.01,59.0,0.05,12.0,0.030000000000000002,0.03,3.0,0.2783,0.0115,0.004,-0.0387,0.0083,0.0003,2026-08-04,297.58,302.38,297.22,301.71,714740.0,300.744723
2026-08-04T20:35:06.670,2,3,IWM260807C00325000,IWM,2026-08-07,call,325.0,0.03,115.0,0.04,161.0,0.035,0.02,1.0,0.349,0.0108,0.003,-0.0458,0.0078,0.0003,2026-08-04,297.58,302.38,297.22,301.71,714740.0,300.744723
2026-08-04T20:35:06.670,2,3,IWM260807C00330000,IWM,2026-08-07,call,330.0,0.03,7.0,0.04,145.0,0.035,0.01,4.0,0.4115,0.0093,0.0022,-0.0474,0.0069,0.0002,2026-08-04,297.58,302.38,297.22,301.71,714740.0,300.744723
2026-08-04T20:35:06.670,2,3,IWM260807C00335000,IWM,2026-08-07,call,335.0,0.0,0.0,0.01,31.0,0.005,0.01,120.0,,,,,,,2026-08-04,297.58,302.38,297.22,301.71,714740.0,300.744723
2026-08-04T20:35:06.670,2,3,IWM260807P00150000,IWM,2026-08-07,put,150.0,0.0,0.0,0.03,13.0,0.015,,,,,,,,,2026-08-04,297.58,302.38,297.22,301.71,714740.0,300.744723
2026-08-04T20:35:06.670,2,3,IWM260807P00155000,IWM,2026-08-07,put,155.0,0.0,0.0,0.01,31.0,0.005,,,,,,,,,2026-08-04,297.58,302.38,297.22,301.71,714740.0,300.744723
2026-08-04T20:35:06.670,2,3,IWM260807P00160000,IWM,2026-08-07,put,160.0,0.0,0.0,0.01,10.0,0.005,,,,,,,,,2026-08-04,297.58,302.38,297.22,301.71,714740.0,300.744723
2026-08-04T20:35:06.670,2,3,IWM260807P00165000,IWM,2026-08-07,put,165.0,0.0,0.0,0.01,13.0,0.005,,,,,,,,,2026-08-04,297.58,302.38,297.22,301.71,714740.0,300.744723
2026-08-04T20:35:06.670,2,3,IWM260807P00170000,IWM,2026-08-07,put,170.0,0.0,0.0,0.01,122.0,0.005,0.01,1.0,,,,,,,2026-08-04,297.58,302.38,297.22,301.71,714740.0,300.744723
2026-08-04T20:35:06.670,2,3,IWM260807P00175000,IWM,2026-08-07,put,175.0,0.0,0.0,0.01,31.0,0.005,0.01,36.0,,,,,,,2026-08-04,297.58,302.38,297.22,301.71,714740.0,300.744723
2026-08-04T20:35:06.670,2,3,IWM260807P00180000,IWM,2026-08-07,put,180.0,0.0,0.0,0.01,14.0,0.005,,,,,,,,,2026-08-04,297.58,302.38,297.22,301.71,714740.0,300.744723
2026-08-04T20:35:06.670,2,3,IWM260807P00185000,IWM,2026-08-07,put,185.0,0.0,0.0,0.03,31.0,0.015,0.07,2.0,,,,,,,2026-08-04,297.58,302.38,297.22,301.71,714740.0,300.744723
2026-08-04T20:35:06.670,2,3,IWM260807P00190000,IWM,2026-08-07,put,190.0,0.0,0.0,0.01,31.0,0.005,0.01,16.0,,,,,,,2026-08-04,297.58,302.38,297.22,301.71,714740.0,300.744723
2026-08-04T20:35:06.670,2,3,IWM260807P00195000,IWM,2026-08-07,put,195.0,0.0,0.0,0.01,14.0,0.005,0.03,14.0,,,,,,,2026-08-04,297.58,302.38,297.22,301.71,714740.0,300.744723
2026-08-04T20:35:06.670,2,3,IWM260807P00200000,IWM,2026-08-07,put,200.0,0.0,0.0,0.01,108.0,0.005,0.02,20.0,,,,,,,2026-08-04,297.58,302.38,297.22,301.71,714740.0,300.744723
2026-08-04T20:35:06.670,2,3,IWM260807P00205000,IWM,2026-08-07,put,205.0,0.0,0.0,0.03,104.0,0.015,0.01,9.0,,,,,,,2026-08-04,297.58,302.38,297.22,301.71,714740.0,300.744723
2026-08-04T20:35:06.670,2,3,IWM260807P00210000,IWM,2026-08-07,put,210.0,0.0,0.0,0.01,123.0,0.005,0.03,10.0,,,,,,,2026-08-04,297.58,302.38,297.22,301.71,714740.0,300.744723
2026-08-04T20:35:06.670,2,3,IWM260807P00215000,IWM,2026-08-07,put,215.0,0.0,0.0,0.03,13.0,0.015,0.09,238.0,,,,,,,2026-08-04,297.58,302.38,297.22,301.71,714740.0,300.744723
2026-08-04T20:35:06.670,2,3,IWM260807P00220000,IWM,2026-08-07,put,220.0,0.0,0.0,0.01,36.0,0.005,0.03,1.0,,,,,,,2026-08-04,297.58,302.38,297.22,301.71,714740.0,300.744723
2026-08-04T20:35:06.670,2,3,IWM260807P00225000,IWM,2026-08-07,put,225.0,0.0,0.0,0.01,106.0,0.005,0.05,1.0,,,,,,,2026-08-04,297.58,302.38,297.22,301.71,714740.0,300.744723
2026-08-04T20:35:06.670,2,3,IWM260807P00230000,IWM,2026-08-07,put,230.0,0.0,0.0,0.01,18.0,0.005,0.01,1.0,,,,,,,2026-08-04,297.58,302.38,297.22,301.71,714740.0,300.744723
2026-08-04T20:35:06.670,2,3,IWM260807P00235000,IWM,2026-08-07,put,235.0,0.0,0.0,0.03,14.0,0.015,0.02,10.0,,,,,,,2026-08-04,297.58,302.38,297.22,301.71,714740.0,300.744723
2026-08-04T20:35:06.670,2,3,IWM260807P00240000,IWM,2026-08-07,put,240.0,0.0,0.0,0.03,110.0,0.015,0.01,3.0,,,,,,,2026-08-04,297.58,302.38,297.22,301.71,714740.0,300.744723
2026-08-04T20:35:06.670,2,3,IWM260807P00245000,IWM,2026-08-07,put,245.0,0.0,0.0,0.01,33.0,0.005,0.02,1.0,,,,,,,2026-08-04,297.58,302.38,297.22,301.71,714740.0,300.744723
2026-08-04T20:35:06.670,2,3,IWM260807P00250000,IWM,2026-08-07,put,250.0,0.0,0.0,0.03,114.0,0.015,0.01,4.0,,,,,,,2026-08-04,297.58,302.38,297.22,301.71,714740.0,300.744723
2026-08-04T20:35:06.670,2,3,IWM260807P00255000,IWM,2026-08-07,put,255.0,0.0,0.0,0.01,15.0,0.005,0.01,24.0,,,,,,,2026-08-04,297.58,302.38,297.22,301.71,714740.0,300.744723
2026-08-04T20:35:06.670,2,3,IWM260807P00260000,IWM,2026-08-07,put,260.0,0.0,0.0,0.03,15.0,0.015,0.01,10.0,,,,,,,2026-08-04,297.58,302.38,297.22,301.71,714740.0,300.744723
2026-08-04T20:35:06.670,2,3,IWM260807P00261000,IWM,2026-08-07,put,261.0,0.0,0.0,0.01,109.0,0.005,0.05,1.0,,,,,,,2026-08-04,297.58,302.38,297.22,301.71,714740.0,300.744723
2026-08-04T20:35:06.670,2,3,IWM260807P00262000,IWM,2026-08-07,put,262.0,0.0,0.0,0.03,9.0,0.015,0.01,1.0,,,,,,,2026-08-04,297.58,302.38,297.22,301.71,714740.0,300.744723
2026-08-04T20:35:06.670,2,3,IWM260807P00263000,IWM,2026-08-07,put,263.0,0.0,0.0,0.01,115.0,0.005,0.01,6.0,,,,,,,2026-08-04,297.58,302.38,297.22,301.71,714740.0,300.744723
2026-08-04T20:35:06.670,2,3,IWM260807P00264000,IWM,2026-08-07,put,264.0,0.0,0.0,0.01,151.0,0.005,0.01,5.0,,,,,,,2026-08-04,297.58,302.38,297.22,301.71,714740.0,300.744723
2026-08-04T20:35:06.670,2,3,IWM260807P00265000,IWM,2026-08-07,put,265.0,0.0,0.0,0.03,50.0,0.015,0.01,5.0,,,,,,,2026-08-04,297.58,302.38,297.22,301.71,714740.0,300.744723
2026-08-04T20:35:06.670,2,3,IWM260807P00266000,IWM,2026-08-07,put,266.0,0.0,0.0,0.01,58.0,0.005,0.01,9.0,,,,,,,2026-08-04,297.58,302.38,297.22,301.71,714740.0,300.744723
2026-08-04T20:35:06.670,2,3,IWM260807P00267000,IWM,2026-08-07,put,267.0,0.0,0.0,0.01,142.0,0.005,0.01,5.0,,,,,,,2026-08-04,297.58,302.38,297.22,301.71,714740.0,300.744723
2026-08-04T20:35:06.670,2,3,IWM260807P00268000,IWM,2026-08-07,put,268.0,0.0,0.0,0.01,19.0,0.005,0.03,1.0,,,,,,,2026-08-04,297.58,302.38,297.22,301.71,714740.0,300.744723
2026-08-04T20:35:06.670,2,3,IWM260807P00269000,IWM,2026-08-07,put,269.0,0.0,0.0,0.01,2.0,0.005,0.01,7.0,,,,,,,2026-08-04,297.58,302.38,297.22,301.71,714740.0,300.744723
2026-08-04T20:35:06.670,2,3,IWM260807P00270000,IWM,2026-08-07,put,270.0,0.0,0.0,0.04,11.0,0.02,0.01,3.0,,,,,,,2026-08-04,297.58,302.38,297.22,301.71,714740.0,300.744723
2026-08-04T20:35:06.670,2,3,IWM260807P00271000,IWM,2026-08-07,put,271.0,0.0,0.0,0.04,75.0,0.02,0.03,10.0,,,,,,,2026-08-04,297.58,302.38,297.22,301.71,714740.0,300.744723
2026-08-04T20:35:06.670,2,3,IWM260807P00272000,IWM,2026-08-07,put,272.0,0.03,15.0,0.04,10.0,0.035,0.03,9.0,0.4835,-0.0079,0.0016,-0.0475,0.0059,-0.0002,2026-08-04,297.58,302.38,297.22,301.71,714740.0,300.744723
2026-08-04T20:35:06.670,2,3,IWM260807P00273000,IWM,2026-08-07,put,273.0,0.01,106.0,0.02,114.0,0.015,0.02,1.0,0.4253,-0.0041,0.001,-0.0234,0.0033,-0.0001,2026-08-04,297.58,302.38,297.22,301.71,714740.0,300.744723
2026-08-04T20:35:06.670,2,3,IWM260807P00274000,IWM,2026-08-07,put,274.0,0.03,104.0,0.04,114.0,0.035,0.03,15.0,0.4536,-0.0084,0.0018,-0.0469,0.0062,-0.0002,2026-08-04,297.58,302.38,297.22,301.71,714740.0,300.744723
2026-08-04T20:35:06.670,2,3,IWM260807P00275000,IWM,2026-08-07,put,275.0,0.03,162.0,0.04,10.0,0.035,0.03,1.0,0.4386,-0.0086,0.002,-0.0466,0.0064,-0.0002,2026-08-04,297.58,302.38,297.22,301.71,714740.0,300.744723
2026-08-04T20:35:06.670,2,3,IWM260807P00276000,IWM,2026-08-07,put,276.0,0.01,20.0,0.02,114.0,0.015,0.02,3.0,0.3839,-0.0045,0.0013,-0.023,0.0036,-0.0001,2026-08-04,297.58,302.38,297.22,301.71,714740.0,300.744723
2026-08-04T20:35:06.670,2,3,IWM260807P00277000,IWM,2026-08-07,put,277.0,0.04,58.0,0.05,123.0,0.045,0.02,87.0,0.4221,-0.0112,0.0025,-0.0564,0.0081,-0.0003,2026-08-04,297.58,302.38,297.22,301.71,714740.0,300.744723
2026-08-04T20:35:06.670,2,3,IWM260807P00278000,IWM,2026-08-07,put,278.0,0.01,104.0,0.02,23.0,0.015,0.03,1.0,0.3562,-0.0048,0.0014,-0.0227,0.0038,-0.0001,2026-08-04,297.58,302.38,297.22,301.71,714740.0,300.744723
2026-08-04T20:35:06.670,2,3,IWM260807P00279000,IWM,2026-08-07,put,279.0,0.05,67.0,0.06,157.0,0.055,0.05,1.0,0.4023,-0.014,0.0032,-0.0652,0.0098,-0.0004,2026-08-04,297.58,302.38,297.22,301.71,714740.0,300.744723
2026-08-04T20:35:06.670,2,3,IWM260807P00280000,IWM,2026-08-07,put,280.0,0.05,175.0,0.06,23.0,0.055,0.05,2.0,0.3866,-0.0145,0.0035,-0.0646,0.0101,-0.0004,2026-08-04,297.58,302.38,297.22,301.71,714740.0,300.744723
2026-08-04T20:35:06.670,2,3,IWM260807P00281000,IWM,2026-08-07,put,281.0,0.02,22.0,0.03,63.0,0.025,0.06,9.0,0.3342,-0.0082,0.0024,-0.0338,0.0061,-0.0002,2026-08-04,297.58,302.38,297.22,301.71,714740.0,300.744723
2026-08-04T20:35:06.670,2,3,IWM260807P00282000,IWM,2026-08-07,put,282.0,0.02,64.0,0.04,139.0,0.03,0.03,4.0,0.3271,-0.0098,0.0029,-0.0388,0.0072,-0.0002,2026-08-04,297.58,302.38,297.22,301.71,714740.0,300.744723
2026-08-04T20:35:06.670,2,3,IWM260807P00283000,IWM,2026-08-07,put,283.0,0.03,135.0,0.05,138.0,0.04,0.07,1.0,0.3244,-0.0128,0.0037,-0.0485,0.009,-0.0003,2026-08-04,297.58,302.38,297.22,301.71,714740.0,300.744723
2026-08-04T20:35:06.670,2,3,IWM260807P00284000,IWM,2026-08-07,put,284.0,0.08,131.0,0.09,14.0,0.08499999999999999,0.06,1.0,0.3458,-0.0237,0.0059,-0.0874,0.0153,-0.0006,2026-08-04,297.58,302.38,297.22,301.71,714740.0,300.744723
2026-08-04T20:35:06.670,2,3,IWM260807P00285000,IWM,2026-08-07,put,285.0,0.09,245.0,0.11,151.0,0.1,0.07,1.0,0.3381,-0.0279,0.0069,-0.0979,0.0175,-0.0007,2026-08-04,297.58,302.38,297.22,301.71,714740.0,300.744723
2026-08-04T20:35:06.670,2,3,IWM260807P00286000,IWM,2026-08-07,put,286.0,0.1,312.0,0.12,224.0,0.11,0.1,1.0,0.3264,-0.0313,0.0079,-0.1039,0.0193,-0.0008,2026-08-04,297.58,302.38,297.22,301.71,714740.0,300.744723
2026-08-04T20:35:06.670,2,3,IWM260807P00287000,IWM,2026-08-07,put,287.0,0.12,181.0,0.13,21.0,0.125,0.11,2.0,0.3162,-0.036,0.0091,-0.1129,0.0216,-0.0009,2026-08-04,297.58,302.38,297.22,301.71,714740.0,300.744723
2026-08-04T20:35:06.670,2,3,IWM260807P00287500,IWM,2026-08-07,put,287.5,0.13,43.0,0.14,26.0,0.135,0.11,2.0,0.3118,-0.0389,0.0099,-0.1187,0.0231,-0.001,2026-08-04,297.58,302.38,297.22,301.71,714740.0,300.744723
2026-08-04T20:35:06.670,2,3,IWM260807P00288000,IWM,2026-08-07,put,288.0,0.1,15.0,0.11,39.0,0.10500000000000001,0.13,30.0,0.2892,-0.0334,0.0094,-0.0971,0.0204,-0.0008,2026-08-04,297.58,302.38,297.22,301.71,714740.0,300.744723
2026-08-04T20:35:06.670,2,3,IWM260807P00289000,IWM,2026-08-07,put,289.0,0.16,22.0,0.17,13.0,0.165,0.15,2.0,0.2963,-0.0484,0.0124,-0.1345,0.0275,-0.0012,2026-08-04,297.58,302.38,297.22,301.71,714740.0,300.744723
2026-08-04T20:35:06.670,2,3,IWM260807P00290000,IWM,2026-08-07,put,290.0,0.14,114.0,0.16,11.0,0.15000000000000002,0.15,2.0,0.2723,-0.048,0.0134,-0.1226,0.0273,-0.0012,2026-08-04,297.58,302.38,297.22,301.71,714740.0,300.744723
2026-08-04T20:35:06.670,2,3,IWM260807P00291000,IWM,2026-08-07,put,291.0,0.17,31.0,0.2,109.0,0.185,0.2,9.0,0.2652,-0.0588,0.0162,-0.1401,0.0321,-0.0015,2026-08-04,297.58,302.38,297.22,301.71,714740.0,300.744723
2026-08-04T20:35:06.670,2,3,IWM260807P00292000,IWM,2026-08-07,put,292.0,0.22,42.0,0.28,55.0,0.25,0.23,1.0,0.2637,-0.0763,0.0199,-0.1703,0.0393,-0.0019,2026-08-04,297.58,302.38,297.22,301.71,714740.0,300.744723
2026-08-04T20:35:06.670,2,3,IWM260807P00292500,IWM,2026-08-07,put,292.5,0.28,27.0,0.31,68.0,0.29500000000000004,0.23,1.0,0.2643,-0.0876,0.022,-0.1892,0.0436,-0.0022,2026-08-04,297.58,302.38,297.22,301.71,714740.0,300.744723
2026-08-04T20:35:06.670,2,3,IWM260807P00293000,IWM,2026-08-07,put,293.0,0.27,16.0,0.34,154.0,0.30500000000000005,0.27,1.0,0.256,-0.0925,0.0236,-0.1907,0.0454,-0.0023,2026-08-04,297.58,302.38,297.22,301.71,714740.0,300.744723
2026-08-04T20:35:06.670,2,3,IWM260807P00294000,IWM,2026-08-07,put,294.0,0.33,84.0,0.37,26.0,0.35,0.34,1.0,0.2437,-0.108,0.0278,-0.2031,0.0508,-0.0027,2026-08-04,297.58,302.38,297.22,301.71,714740.0,300.744723
2026-08-04T20:35:06.670,2,3,IWM260807P00295000,IWM,2026-08-07,put,295.0,0.42,24.0,0.5,157.0,0.45999999999999996,0.43,1.0,0.2407,-0.1365,0.0332,-0.2361,0.0599,-0.0034,2026-08-04,297.58,302.38,297.22,301.71,714740.0,300.744723
2026-08-04T20:35:06.670,2,3,IWM260807P00296000,IWM,2026-08-07,put,296.0,0.57,76.0,0.6,79.0,0.585,0.52,1.0,0.2357,-0.1684,0.039,-0.2654,0.0689,-0.0042,2026-08-04,297.58,302.38,297.22,301.71,714740.0,300.744723
2026-08-04T20:35:06.670,2,3,IWM260807P00297000,IWM,2026-08-07,put,297.0,0.72,60.0,0.78,35.0,0.75,0.66,1.0,0.2319,-0.2074,0.0451,-0.2964,0.0783,-0.0052,2026-08-04,297.58,302.38,297.22,301.71,714740.0,300.744723
2026-08-04T20:35:06.670,2,3,IWM260807P00297500,IWM,2026-08-07,put,297.5,0.81,91.0,0.86,6.0,0.835,0.78,1.0,0.2286,-0.2278,0.0483,-0.3081,0.0827,-0.0057,2026-08-04,297.58,302.38,297.22,301.71,714740.0,300.744723
2026-08-04T20:35:06.670,2,3,IWM260807P00298000,IWM,2026-08-07,put,298.0,0.88,31.0,0.93,47.0,0.905,0.84,5.0,0.2225,-0.2474,0.0519,-0.3132,0.0865,-0.0062,2026-08-04,297.58,302.38,297.22,301.71,714740.0,300.744723
2026-08-04T20:35:06.670,2,3,IWM260807P00299000,IWM,2026-08-07,put,299.0,1.12,53.0,1.18,21.0,1.15,1.05,9.0,0.2187,-0.2997,0.0581,-0.3376,0.0951,-0.0075,2026-08-04,297.58,302.38,297.22,301.71,714740.0,300.744723
2026-08-04T20:35:06.670,2,3,IWM260807P00300000,IWM,2026-08-07,put,300.0,1.46,103.0,1.52,32.0,1.49,1.34,1.0,0.219,-0.3608,0.0625,-0.363,0.1025,-0.0091,2026-08-04,297.58,302.38,297.22,301.71,714740.0,300.744723
2026-08-04T20:35:06.670,2,3,IWM260807P00301000,IWM,2026-08-07,put,301.0,1.8,25.0,1.87,17.0,1.835,1.7,1.0,0.2138,-0.4235,0.0669,-0.3691,0.1072,-0.0107,2026-08-04,297.58,302.38,297.22,301.71,714740.0,300.744723
2026-08-04T20:35:06.670,2,3,IWM260807P00302000,IWM,2026-08-07,put,302.0,2.2,2.0,2.32,29.0,2.26,2.12,5.0,0.2102,-0.4913,0.0693,-0.3674,0.1092,-0.0124,2026-08-04,297.58,302.38,297.22,301.71,714740.0,300.744723
2026-08-04T20:35:06.670,2,3,IWM260807P00302500,IWM,2026-08-07,put,302.5,2.52,2.0,2.54,5.0,2.5300000000000002,2.37,5.0,0.2113,-0.5257,0.0688,-0.3676,0.109,-0.0133,2026-08-04,297.58,302.38,297.22,301.71,714740.0,300.744723
2026-08-04T20:35:06.670,2,3,IWM260807P00303000,IWM,2026-08-07,put,303.0,2.73,4.0,2.86,9.0,2.795,2.67,4.0,0.2103,-0.5602,0.0685,-0.3613,0.108,-0.0141,2026-08-04,297.58,302.38,297.22,301.71,714740.0,300.744723
2026-08-04T20:35:06.670,2,3,IWM260807P00304000,IWM,2026-08-07,put,304.0,3.34,7.0,3.51,9.0,3.425,3.14,1.0,0.2131,-0.6255,0.065,-0.3493,0.1038,-0.0158,2026-08-04,297.58,302.38,297.22,301.71,714740.0,300.744723
2026-08-04T20:35:06.670,2,3,IWM260807P00305000,IWM,2026-08-07,put,305.0,4.019,24.0,4.15,4.0,4.0845,3.9,5.0,0.2127,-0.6883,0.0607,-0.3219,0.0968,-0.0174,2026-08-04,297.58,302.38,297.22,301.71,714740.0,300.744723
2026-08-04T20:35:06.670,2,3,IWM260807P00306000,IWM,2026-08-07,put,306.0,4.79,1.0,5.02,2.0,4.904999999999999,15.08,20.0,0.2236,-0.7348,0.0535,-0.3115,0.0897,-0.0186,2026-08-04,297.58,302.38,297.22,301.71,714740.0,300.744723
2026-08-04T20:35:06.670,2,3,IWM260807P00307000,IWM,2026-08-07,put,307.0,5.59,31.0,5.87,10.0,5.73,5.27,1.0,0.2308,-0.7773,0.0472,-0.29,0.0816,-0.0198,2026-08-04,297.58,302.38,297.22,301.71,714740.0,300.744723
2026-08-04T20:35:06.670,2,3,IWM260807P00307500,IWM,2026-08-07,put,307.5,5.84,1.0,6.17,3.0,6.005,8.85,1.0,0.2145,-0.8177,0.0451,-0.2335,0.0724,-0.0208,2026-08-04,297.58,302.38,297.22,301.71,714740.0,300.744723
2026-08-04T20:35:06.670,2,3,IWM260807P00308000,IWM,2026-08-07,put,308.0,6.28,1.0,6.69,3.0,6.485,16.52,1.0,0.2237,-0.8285,0.0415,-0.2341,0.0697,-0.0211,2026-08-04,297.58,302.38,297.22,301.71,714740.0,300.744723
2026-08-04T20:35:06.670,2,3,IWM260807P00309000,IWM,2026-08-07,put,309.0,7.38,1.0,7.72,10.0,7.55,14.86,1.0,0.2569,-0.832,0.0357,-0.2685,0.0688,-0.0213,2026-08-04,297.58,302.38,297.22,301.71,714740.0,300.744723
2026-08-04T20:35:06.670,2,3,IWM260807P00310000,IWM,2026-08-07,put,310.0,8.27,1.0,8.67,2.0,8.469999999999999,8.13,1.0,0.2677,-0.8544,0.0312,-0.2526,0.0626,-0.0219,2026-08-04,297.58,302.38,297.22,301.71,714740.0,300.744723
2026-08-04T20:35:06.670,2,3,IWM260807P00311000,IWM,2026-08-07,put,311.0,9.16,1.0,9.66,10.0,9.41,16.56,3.0,0.2797,-0.8721,0.0273,-0.2396,0.0573,-0.0224,2026-08-04,297.58,302.38,297.22,301.71,714740.0,300.744723
2026-08-04T20:35:06.670,2,3,IWM260807P00312000,IWM,2026-08-07,put,312.0,10.21,1.0,10.41,3.0,10.31,16.6,1.0,0.2818,-0.8949,0.0236,-0.2059,0.0498,-0.0231,2026-08-04,297.58,302.38,297.22,301.71,714740.0,300.744723
2026-08-04T20:35:06.670,2,3,IWM260807P00313000,IWM,2026-08-07,put,313.0,11.19,2.0,11.55,10.0,11.370000000000001,17.87,4.0,0.314,-0.8914,0.0217,-0.2388,0.051,-0.0231,2026-08-04,297.58,302.38,297.22,301.71,714740.0,300.744723
2026-08-04T20:35:06.670,2,3,IWM260807P00314000,IWM,2026-08-07,put,314.0,12.07,1.0,12.37,10.0,12.219999999999999,18.68,1.0,0.3008,-0.9202,0.018,-0.1745,0.0406,-0.0238,2026-08-04,297.58,302.38,297.22,301.71,714740.0,300.744723
2026-08-04T20:35:06.670,2,3,IWM260807P00315000,IWM,2026-08-07,put,315.0,13.35,1.0,13.52,10.0,13.434999999999999,23.19,1.0,0.3672,-0.8929,0.0183,-0.2806,0.0505,-0.0233,2026-08-04,297.58,302.38,297.22,301.71,714740.0,300.744723
2026-08-04T20:35:06.670,2,3,IWM260807P00317500,IWM,2026-08-07,put,317.5,15.56,1.0,16.35,1.0,15.955000000000002,,,0.4207,-0.901,0.0151,-0.3056,0.0477,-0.0237,2026-08-04,297.58,302.38,297.22,301.71,714740.0,300.744723
2026-08-04T20:35:06.670,2,3,IWM260807P00320000,IWM,2026-08-07,put,320.0,18.38,1.0,19.53,1.0,18.955,20.54,1.0,0.5639,-0.8649,0.0141,-0.531,0.0595,-0.023,2026-08-04,297.58,302.38,297.22,301.71,714740.0,300.744723
2026-08-04T20:35:06.670,2,3,IWM260807P00325000,IWM,2026-08-07,put,325.0,23.1,1.0,23.4,1.0,23.25,26.0,2.0,0.5027,-0.9432,0.0083,-0.2308,0.0312,-0.0253,2026-08-04,297.58,302.38,297.22,301.71,714740.0,300.744723
2026-08-04T20:35:06.670,2,3,IWM260807P00330000,IWM,2026-08-07,put,330.0,28.03,1.0,28.47,2.0,28.25,35.25,9.0,0.5843,-0.9498,0.0065,-0.2442,0.0283,-0.0259,2026-08-04,297.58,302.38,297.22,301.71,714740.0,300.744723
2026-08-04T20:35:06.670,2,3,IWM260807P00335000,IWM,2026-08-07,put,335.0,32.18,1.0,35.3,1.0,33.739999999999995,,,0.8057,-0.9162,0.007,-0.5348,0.0421,-0.0255,2026-08-04,297.58,302.38,297.22,301.71,714740.0,300.744723
2026-08-04T20:35:06.670,7,6,IWM260810C00180000,IWM,2026-08-10,call,180.0,120.53,12.0,124.3,2.0,122.41499999999999,,,,,,,,,2026-08-04,297.58,302.38,297.22,301.71,714740.0,300.744723
2026-08-04T20:35:06.670,7,6,IWM260810C00190000,IWM,2026-08-10,call,190.0,110.77,12.0,111.52,1.0,111.145,,,,,,,,,2026-08-04,297.58,302.38,297.22,301.71,714740.0,300.744723
2026-08-04T20:35:06.670,7,6,IWM260810C00200000,IWM,2026-08-10,call,200.0,102.26,2.0,102.69,14.0,102.475,,,,,,,,,2026-08-04,297.58,302.38,297.22,301.71,714740.0,300.744723
2026-08-04T20:35:06.670,7,6,IWM260810C00205000,IWM,2026-08-10,call,205.0,96.26,2.0,97.65,1.0,96.95500000000001,,,,,,,,,2026-08-04,297.58,302.38,297.22,301.71,714740.0,300.744723
2026-08-04T20:35:06.670,7,6,IWM260810C00210000,IWM,2026-08-10,call,210.0,91.5,2.0,93.49,2.0,92.495,,,,,,,,,2026-08-04,297.58,302.38,297.22,301.71,714740.0,300.744723
2026-08-04T20:35:06.670,7,6,IWM260810C00215000,IWM,2026-08-10,call,215.0,85.86,2.0,87.43,6.0,86.64500000000001,,,,,,,,,2026-08-04,297.58,302.38,297.22,301.71,714740.0,300.744723
2026-08-04T20:35:06.670,7,6,IWM260810C00220000,IWM,2026-08-10,call,220.0,80.19,2.0,81.3,2.0,80.745,72.18,2.0,,,,,,,2026-08-04,297.58,302.38,297.22,301.71,714740.0,300.744723
2026-08-04T20:35:06.670,7,6,IWM260810C00225000,IWM,2026-08-10,call,225.0,75.16,2.0,77.21,2.0,76.185,65.94,2.0,,,,,,,2026-08-04,297.58,302.38,297.22,301.71,714740.0,300.744723
2026-08-04T20:35:06.670,7,6,IWM260810C00230000,IWM,2026-08-10,call,230.0,70.54,3.0,70.89,4.0,70.715,,,,,,,,,2026-08-04,297.58,302.38,297.22,301.71,714740.0,300.744723
2026-08-04T20:35:06.670,7,6,IWM260810C00235000,IWM,2026-08-10,call,235.0,66.87,2.0,67.38,2.0,67.125,,,0.6115,0.9994,0.0001,-0.0276,0.0008,0.0386,2026-08-04,297.58,302.38,297.22,301.71,714740.0,300.744723
2026-08-04T20:35:06.670,7,6,IWM260810C00240000,IWM,2026-08-10,call,240.0,60.71,2.0,62.07,2.0,61.39,,,,,,,,,2026-08-04,297.58,302.38,297.22,301.71,714740.0,300.744723
2026-08-04T20:35:06.670,7,6,IWM260810C00245000,IWM,2026-08-10,call,245.0,56.29,2.0,57.29,6.0,56.79,,,,,,,,,2026-08-04,297.58,302.38,297.22,301.71,714740.0,300.744723
2026-08-04T20:35:06.670,7,6,IWM260810C00250000,IWM,2026-08-10,call,250.0,51.06,2.0,51.53,2.0,51.295,,,,,,,,,2026-08-04,297.58,302.38,297.22,301.71,714740.0,300.744723
2026-08-04T20:35:06.670,7,6,IWM260810C00255000,IWM,2026-08-10,call,255.0,45.32,1.0,46.85,12.0,46.085,,,,,,,,,2026-08-04,297.58,302.38,297.22,301.71,714740.0,300.744723
2026-08-04T20:35:06.670,7,6,IWM260810C00260000,IWM,2026-08-10,call,260.0,41.89,5.0,42.23,2.0,42.06,,,,,,,,,2026-08-04,297.58,302.38,297.22,301.71,714740.0,300.744723
2026-08-04T20:35:06.670,7,6,IWM260810C00261000,IWM,2026-08-10,call,261.0,40.98,2.0,41.41,2.0,41.19499999999999,,,0.4892,0.991,0.0013,-0.0642,0.0094,0.0424,2026-08-04,297.58,302.38,297.22,301.71,714740.0,300.744723
2026-08-04T20:35:06.670,7,6,IWM260810C00262000,IWM,2026-08-10,call,262.0,39.52,2.0,39.67,2.0,39.595,,,,,,,,,2026-08-04,297.58,302.38,297.22,301.71,714740.0,300.744723
2026-08-04T20:35:06.670,7,6,IWM260810C00263000,IWM,2026-08-10,call,263.0,39.25,2.0,39.99,1.0,39.620000000000005,,,0.6543,0.9551,0.0037,-0.2246,0.0366,0.0409,2026-08-04,297.58,302.38,297.22,301.71,714740.0,300.744723
2026-08-04T20:35:06.670,7,6,IWM260810C00264000,IWM,2026-08-10,call,264.0,37.62,2.0,38.52,2.0,38.07,,,,,,,,,2026-08-04,297.58,302.38,297.22,301.71,714740.0,300.744723
2026-08-04T20:35:06.670,7,6,IWM260810C00265000,IWM,2026-08-10,call,265.0,36.93,2.0,37.0,12.0,36.965,,,,,,,,,2026-08-04,297.58,302.38,297.22,301.71,714740.0,300.744723
2026-08-04T20:35:06.670,7,6,IWM260810C00266000,IWM,2026-08-10,call,266.0,35.98,2.0,36.8,1.0,36.39,,,0.5392,0.9698,0.0033,-0.1446,0.0265,0.0422,2026-08-04,297.58,302.38,297.22,301.71,714740.0,300.744723
2026-08-04T20:35:06.670,7,6,IWM260810C00267000,IWM,2026-08-10,call,267.0,35.05,2.0,35.48,3.0,35.265,,,0.4693,0.9815,0.0025,-0.0947,0.0175,0.0429,2026-08-04,297.58,302.38,297.22,301.71,714740.0,300.744723
2026-08-04T20:35:06.670,7,6,IWM260810C00267500,IWM,2026-08-10,call,267.5,33.47,2.0,35.05,2.0,34.26,,,,,,,,,2026-08-04,297.58,302.38,297.22,301.71,714740.0,300.744723
2026-08-04T20:35:06.670,7,6,IWM260810C00268000,IWM,2026-08-10,call,268.0,33.69,2.0,34.12,2.0,33.905,,,,,,,,,2026-08-04,297.58,302.38,297.22,301.71,714740.0,300.744723
2026-08-04T20:35:06.670,7,6,IWM260810C00269000,IWM,2026-08-10,call,269.0,32.54,4.0,33.0,2.0,32.769999999999996,,,,,,,,,2026-08-04,297.58,302.38,297.22,301.71,714740.0,300.744723
2026-08-04T20:35:06.670,7,6,IWM260810C00270000,IWM,2026-08-10,call,270.0,31.04,2.0,32.47,2.0,31.755,26.04,1.0,,,,,,,2026-08-04,297.58,302.38,297.22,301.71,714740.0,300.744723
2026-08-04T20:35:06.670,7,6,IWM260810C00271000,IWM,2026-08-10,call,271.0,30.24,2.0,31.42,3.0,30.83,,,,,,,,,2026-08-04,297.58,302.38,297.22,301.71,714740.0,300.744723
2026-08-04T20:35:06.670,7,6,IWM260810C00272000,IWM,2026-08-10,call,272.0,29.77,2.0,30.42,2.0,30.095,,,,,,,,,2026-08-04,297.58,302.38,297.22,301.71,714740.0,300.744723
2026-08-04T20:35:06.670,7,6,IWM260810C00272500,IWM,2026-08-10,call,272.5,29.24,2.0,29.72,2.0,29.479999999999997,,,,,,,,,2026-08-04,297.58,302.38,297.22,301.71,714740.0,300.744723
2026-08-04T20:35:06.670,7,6,IWM260810C00273000,IWM,2026-08-10,call,273.0,28.95,2.0,29.44,2.0,29.195,,,0.3484,0.9891,0.0021,-0.0593,0.0111,0.0443,2026-08-04,297.58,302.38,297.22,301.71,714740.0,300.744723
2026-08-04T20:35:06.670,7,6,IWM260810C00274000,IWM,2026-08-10,call,274.0,27.49,3.0,28.3,4.0,27.895,,,,,,,,,2026-08-04,297.58,302.38,297.22,301.71,714740.0,300.744723
2026-08-04T20:35:06.670,7,6,IWM260810C00275000,IWM,2026-08-10,call,275.0,26.51,2.0,27.46,2.0,26.985,25.79,2.0,,,,,,,2026-08-04,297.58,302.38,297.22,301.71,714740.0,300.744723
2026-08-04T20:35:06.670,7,6,IWM260810C00276000,IWM,2026-08-10,call,276.0,25.09,2.0,26.03,2.0,25.560000000000002,14.42,1.0,,,,,,,2026-08-04,297.58,302.38,297.22,301.71,714740.0,300.744723
2026-08-04T20:35:06.670,7,6,IWM260810C00277000,IWM,2026-08-10,call,277.0,24.59,2.0,24.69,2.0,24.64,13.98,2.0,,,,,,,2026-08-04,297.58,302.38,297.22,301.71,714740.0,300.744723
2026-08-04T20:35:06.670,7,6,IWM260810C00277500,IWM,2026-08-10,call,277.5,24.25,2.0,24.67,2.0,24.46,,,,,,,,,2026-08-04,297.58,302.38,297.22,301.71,714740.0,300.744723
2026-08-04T20:35:06.670,7,6,IWM260810C00278000,IWM,2026-08-10,call,278.0,23.4,2.0,24.13,14.0,23.765,17.32,1.0,,,,,,,2026-08-04,297.58,302.38,297.22,301.71,714740.0,300.744723
2026-08-04T20:35:06.670,7,6,IWM260810C00279000,IWM,2026-08-10,call,279.0,22.3,5.0,23.31,6.0,22.805,13.01,1.0,,,,,,,2026-08-04,297.58,302.38,297.22,301.71,714740.0,300.744723
2026-08-04T20:35:06.670,7,6,IWM260810C00280000,IWM,2026-08-10,call,280.0,21.35,2.0,23.64,1.0,22.495,15.71,1.0,0.3773,0.9451,0.0076,-0.1616,0.043,0.0432,2026-08-04,297.58,302.38,297.22,301.71,714740.0,300.744723
2026-08-04T20:35:06.670,7,6,IWM260810C00281000,IWM,2026-08-10,call,281.0,20.86,2.0,21.12,2.0,20.990000000000002,15.0,1.0,,,,,,,2026-08-04,297.58,302.38,297.22,301.71,714740.0,300.744723
2026-08-04T20:35:06.670,7,6,IWM260810C00282000,IWM,2026-08-10,call,282.0,19.6,2.0,21.71,1.0,20.655,20.07,2.0,0.3807,0.9249,0.0096,-0.1999,0.0548,0.0425,2026-08-04,297.58,302.38,297.22,301.71,714740.0,300.744723
2026-08-04T20:35:06.670,7,6,IWM260810C00283000,IWM,2026-08-10,call,283.0,16.51,1.0,21.62,1.0,19.065,13.3,1.0,,,,,,,2026-08-04,297.58,302.38,297.22,301.71,714740.0,300.744723
2026-08-04T20:35:06.670,7,6,IWM260810C00284000,IWM,2026-08-10,call,284.0,17.93,2.0,18.32,2.0,18.125,14.95,1.0,,,,,,,2026-08-04,297.58,302.38,297.22,301.71,714740.0,300.744723
2026-08-04T20:35:06.670,7,6,IWM260810C00285000,IWM,2026-08-10,call,285.0,16.66,2.0,17.21,2.0,16.935000000000002,17.35,2.0,,,,,,,2026-08-04,297.58,302.38,297.22,301.71,714740.0,300.744723
2026-08-04T20:35:06.670,7,6,IWM260810C00286000,IWM,2026-08-10,call,286.0,15.57,2.0,15.87,2.0,15.719999999999999,6.67,1.0,,,,,,,2026-08-04,297.58,302.38,297.22,301.71,714740.0,300.744723
2026-08-04T20:35:06.670,7,6,IWM260810C00287000,IWM,2026-08-10,call,287.0,14.93,4.0,15.03,9.0,14.98,15.09,1.0,,,,,,,2026-08-04,297.58,302.38,297.22,301.71,714740.0,300.744723
2026-08-04T20:35:06.670,7,6,IWM260810C00288000,IWM,2026-08-10,call,288.0,14.13,3.0,14.42,3.0,14.275,14.19,1.0,0.2112,0.963,0.0099,-0.0828,0.0313,0.0455,2026-08-04,297.58,302.38,297.22,301.71,714740.0,300.744723
2026-08-04T20:35:06.670,7,6,IWM260810C00289000,IWM,2026-08-10,call,289.0,12.92,10.0,13.3,10.0,13.11,13.42,1.0,,,,,,,2026-08-04,297.58,302.38,297.22,301.71,714740.0,300.744723
2026-08-04T20:35:06.670,7,6,IWM260810C00290000,IWM,2026-08-10,call,290.0,12.17,6.0,12.44,8.0,12.305,12.59,1.0,0.1939,0.9521,0.0133,-0.0899,0.0386,0.0452,2026-08-04,297.58,302.38,297.22,301.71,714740.0,300.744723
2026-08-04T20:35:06.670,7,6,IWM260810C00291000,IWM,2026-08-10,call,291.0,10.81,6.0,11.21,12.0,11.010000000000002,10.17,1.0,,,,,,,2026-08-04,297.58,302.38,297.22,301.71,714740.0,300.744723
2026-08-04T20:35:06.670,7,6,IWM260810C00292000,IWM,2026-08-10,call,292.0,10.13,3.0,10.49,4.0,10.31,10.36,3.0,0.1684,0.9447,0.0171,-0.0883,0.0433,0.0452,2026-08-04,297.58,302.38,297.22,301.71,714740.0,300.744723
2026-08-04T20:35:06.670,7,6,IWM260810C00293000,IWM,2026-08-10,call,293.0,9.36,3.0,9.92,31.0,9.64,9.43,1.0,0.2075,0.8791,0.025,-0.1602,0.0778,0.0421,2026-08-04,297.58,302.38,297.22,301.71,714740.0,300.744723
2026-08-04T20:35:06.670,7,6,IWM260810C00294000,IWM,2026-08-10,call,294.0,8.32,7.0,8.59,6.0,8.455,8.7,10.0,0.1662,0.9025,0.0268,-0.1189,0.0667,0.0434,2026-08-04,297.58,302.38,297.22,301.71,714740.0,300.744723
2026-08-04T20:35:06.670,7,6,IWM260810C00295000,IWM,2026-08-10,call,295.0,7.33,10.0,7.79,3.0,7.5600000000000005,7.84,6.0,0.1647,0.8742,0.0324,-0.1356,0.0801,0.0422,2026-08-04,297.58,302.38,297.22,301.71,714740.0,300.744723
2026-08-04T20:35:06.670,7,6,IWM260810C00296000,IWM,2026-08-10,call,296.0,6.41,24.0,6.71,57.0,6.5600000000000005,6.83,10.0,0.1482,0.8629,0.0382,-0.1304,0.0849,0.0418,2026-08-04,297.58,302.38,297.22,301.71,714740.0,300.744723
2026-08-04T20:35:06.670,7,6,IWM260810C00297000,IWM,2026-08-10,call,297.0,5.74,52.0,5.9,18.0,5.82,5.95,1.0,0.1576,0.8059,0.0451,-0.1635,0.1064,0.0391,2026-08-04,297.58,302.38,297.22,301.71,714740.0,300.744723
2026-08-04T20:35:06.670,7,6,IWM260810C00298000,IWM,2026-08-10,call,298.0,4.96,16.0,5.01,60.0,4.984999999999999,5.37,1.0,0.1526,0.7638,0.0522,-0.1743,0.1193,0.0371,2026-08-04,297.58,302.38,297.22,301.71,714740.0,300.744723
2026-08-04T20:35:06.670,7,6,IWM260810C00299000,IWM,2026-08-10,call,299.0,4.22,58.0,4.58,60.0,4.4,4.46,1.0,0.1634,0.6959,0.0553,-0.205,0.1354,0.0338,2026-08-04,297.58,302.38,297.22,301.71,714740.0,300.744723
2026-08-04T20:35:06.670,7,6,IWM260810C00300000,IWM,2026-08-10,call,300.0,3.47,63.0,3.7,44.0,3.585,3.79,4.0,0.1526,0.6468,0.0629,-0.2022,0.1439,0.0315,2026-08-04,297.58,302.38,297.22,301.71,714740.0,300.744723
2026-08-04T20:35:06.670,7,6,IWM260810C00301000,IWM,2026-08-10,call,301.0,2.8,86.0,3.01,12.0,2.905,3.14,5.0,0.1477,0.5843,0.0682,-0.2033,0.151,0.0285,2026-08-04,297.58,302.38,297.22,301.71,714740.0,300.744723
2026-08-04T20:35:06.670,7,6,IWM260810C00302000,IWM,2026-08-10,call,302.0,2.39,78.0,2.48,42.0,2.435,2.58,2.0,0.1524,0.5148,0.0676,-0.2114,0.1544,0.0252,2026-08-04,297.58,302.38,297.22,301.71,714740.0,300.744723
2026-08-04T20:35:06.670,7,6,IWM260810C00302500,IWM,2026-08-10,call,302.5,2.14,60.0,2.25,20.0,2.1950000000000003,2.27,1.0,0.1527,0.4811,0.0674,-0.2107,0.1543,0.0235,2026-08-04,297.58,302.38,297.22,301.71,714740.0,300.744723
2026-08-04T20:35:06.670,7,6,IWM260810C00303000,IWM,2026-08-10,call,303.0,1.84,51.0,1.99,54.0,1.915,2.02,2.0,0.1493,0.4462,0.0684,-0.2038,0.1531,0.0218,2026-08-04,297.58,302.38,297.22,301.71,714740.0,300.744723
2026-08-04T20:35:06.670,7,6,IWM260810C00304000,IWM,2026-08-10,call,304.0,1.49,58.0,1.56,10.0,1.525,1.66,1.0,0.1503,0.3802,0.0654,-0.1961,0.1474,0.0186,2026-08-04,297.58,302.38,297.22,301.71,714740.0,300.744723
2026-08-04T20:35:06.670,7,6,IWM260810C00305000,IWM,2026-08-10,call,305.0,1.15,47.0,1.19,27.0,1.17,1.31,20.0,0.1493,0.3161,0.0615,-0.1808,0.1377,0.0155,2026-08-04,297.58,302.38,297.22,301.71,714740.0,300.744723
2026-08-04T20:35:06.670,7,6,IWM260810C00306000,IWM,2026-08-10,call,306.0,0.89,4.0,0.93,15.0,0.91,1.01,1.0,0.1509,0.2602,0.0555,-0.1658,0.1256,0.0128,2026-08-04,297.58,302.38,297.22,301.71,714740.0,300.744723
2026-08-04T20:35:06.670,7,6,IWM260810C00307000,IWM,2026-08-10,call,307.0,0.62,82.0,0.68,4.0,0.65,0.81,1.0,0.148,0.2039,0.0494,-0.1414,0.1097,0.01,2026-08-04,297.58,302.38,297.22,301.71,714740.0,300.744723
2026-08-04T20:35:06.670,7,6,IWM260810C00307500,IWM,2026-08-10,call,307.5,0.58,1.0,0.62,47.0,0.6,0.64,1.0,0.1522,0.1874,0.0457,-0.1378,0.1042,0.0092,2026-08-04,297.58,302.38,297.22,301.71,714740.0,300.744723
2026-08-04T20:35:06.670,7,6,IWM260810C00308000,IWM,2026-08-10,call,308.0,0.45,12.0,0.5,21.0,0.475,0.56,1.0,0.1481,0.159,0.0423,-0.1206,0.0938,0.0078,2026-08-04,297.58,302.38,297.22,301.71,714740.0,300.744723
2026-08-04T20:35:06.670,7,6,IWM260810C00309000,IWM,2026-08-10,call,309.0,0.33,26.0,0.37,60.0,0.35,0.41,1.0,0.1494,0.1233,0.0352,-0.102,0.0789,0.0061,2026-08-04,297.58,302.38,297.22,301.71,714740.0,300.744723
2026-08-04T20:35:06.670,7,6,IWM260810C00310000,IWM,2026-08-10,call,310.0,0.24,48.0,0.28,58.0,0.26,0.32,8.0,0.1515,0.0953,0.0289,-0.0857,0.0656,0.0047,2026-08-04,297.58,302.38,297.22,301.71,714740.0,300.744723
2026-08-04T20:35:06.670,7,6,IWM260810C00311000,IWM,2026-08-10,call,311.0,0.17,10.0,0.21,11.0,0.19,0.25,1.0,0.1533,0.0725,0.0232,-0.0704,0.0534,0.0036,2026-08-04,297.58,302.38,297.22,301.71,714740.0,300.744723
2026-08-04T20:35:06.670,7,6,IWM260810C00312000,IWM,2026-08-10,call,312.0,0.16,59.0,0.19,4.0,0.175,0.11,1.0,0.1632,0.0641,0.0199,-0.068,0.0486,0.0032,2026-08-04,297.58,302.38,297.22,301.71,714740.0,300.744723
2026-08-04T20:35:06.670,7,6,IWM260810C00313000,IWM,2026-08-10,call,313.0,0.09,74.0,0.16,14.0,0.125,0.1,1.0,0.1639,0.0478,0.0157,-0.0541,0.0385,0.0024,2026-08-04,297.58,302.38,297.22,301.71,714740.0,300.744723
2026-08-04T20:35:06.670,7,6,IWM260810C00314000,IWM,2026-08-10,call,314.0,0.06,73.0,0.12,9.0,0.09,0.02,3.0,0.1653,0.0357,0.0123,-0.043,0.0304,0.0018,2026-08-04,297.58,302.38,297.22,301.71,714740.0,300.744723
2026-08-04T20:35:06.670,7,6,IWM260810C00315000,IWM,2026-08-10,call,315.0,0.09,103.0,0.1,9.0,0.095,0.09,1.0,0.1781,0.0351,0.0112,-0.0455,0.03,0.0017,2026-08-04,297.58,302.38,297.22,301.71,714740.0,300.744723
2026-08-04T20:35:06.670,7,6,IWM260810C00316000,IWM,2026-08-10,call,316.0,0.08,58.0,0.09,5.0,0.08499999999999999,0.08,5.0,0.1855,0.0307,0.0097,-0.0424,0.0269,0.0015,2026-08-04,297.58,302.38,297.22,301.71,714740.0,300.744723
2026-08-04T20:35:06.670,7,6,IWM260810C00317000,IWM,2026-08-10,call,317.0,0.02,58.0,0.04,98.0,0.03,0.08,108.0,0.1678,0.0133,0.0053,-0.0189,0.0132,0.0007,2026-08-04,297.58,302.38,297.22,301.71,714740.0,300.744723
2026-08-04T20:35:06.670,7,6,IWM260810C00318000,IWM,2026-08-10,call,318.0,0.06,24.0,0.07,3.0,0.065,0.06,1.0,0.1982,0.0229,0.0071,-0.0354,0.021,0.0011,2026-08-04,297.58,302.38,297.22,301.71,714740.0,300.744723
2026-08-04T20:35:06.670,7,6,IWM260810C00319000,IWM,2026-08-10,call,319.0,0.01,103.0,0.03,95.0,0.02,0.01,1.0,0.1773,0.0088,0.0035,-0.0139,0.0092,0.0004,2026-08-04,297.58,302.38,297.22,301.71,714740.0,300.744723
2026-08-04T20:35:06.670,7,6,IWM260810C00320000,IWM,2026-08-10,call,320.0,0.05,23.0,0.06,117.0,0.055,0.05,7.0,0.2131,0.0185,0.0055,-0.0317,0.0175,0.0009,2026-08-04,297.58,302.38,297.22,301.71,714740.0,300.744723
2026-08-04T20:35:06.670,7,6,IWM260810C00321000,IWM,2026-08-10,call,321.0,0.01,30.0,0.06,24.0,0.034999999999999996,,,0.2093,0.0125,0.004,-0.0223,0.0126,0.0006,2026-08-04,297.58,302.38,297.22,301.71,714740.0,300.744723
2026-08-04T20:35:06.670,7,6,IWM260810C00322000,IWM,2026-08-10,call,322.0,0.04,109.0,0.05,3.0,0.045,,,0.2261,0.0147,0.0042,-0.0275,0.0144,0.0007,2026-08-04,297.58,302.38,297.22,301.71,714740.0,300.744723
2026-08-04T20:35:06.670,7,6,IWM260810C00323000,IWM,2026-08-10,call,323.0,0.01,26.0,0.02,12.0,0.015,0.02,1.0,0.2056,0.0059,0.0021,-0.0113,0.0065,0.0003,2026-08-04,297.58,302.38,297.22,301.71,714740.0,300.744723
2026-08-04T20:35:06.670,7,6,IWM260810C00324000,IWM,2026-08-10,call,324.0,0.01,21.0,0.02,20.0,0.015,,,0.214,0.0057,0.002,-0.0114,0.0063,0.0003,2026-08-04,297.58,302.38,297.22,301.71,714740.0,300.744723
2026-08-04T20:35:06.670,7,6,IWM260810C00325000,IWM,2026-08-10,call,325.0,0.03,112.0,0.05,11.0,0.04,,,0.2502,0.0121,0.0032,-0.0257,0.0121,0.0006,2026-08-04,297.58,302.38,297.22,301.71,714740.0,300.744723
2026-08-04T20:35:06.670,7,6,IWM260810C00330000,IWM,2026-08-10,call,330.0,0.01,104.0,0.02,9.0,0.015,,,0.2632,0.0047,0.0014,-0.0118,0.0053,0.0002,2026-08-04,297.58,302.38,297.22,301.71,714740.0,300.744723
2026-08-04T20:35:06.670,7,6,IWM260810C00340000,IWM,2026-08-10,call,340.0,0.0,0.0,0.01,114.0,0.005,0.01,4.0,,,,,,,2026-08-04,297.58,302.38,297.22,301.71,714740.0,300.744723
2026-08-04T20:35:06.670,7,6,IWM260810C00350000,IWM,2026-08-10,call,350.0,0.0,0.0,0.03,111.0,0.015,,,,,,,,,2026-08-04,297.58,302.38,297.22,301.71,714740.0,300.744723
2026-08-04T20:35:06.670,7,6,IWM260810P00180000,IWM,2026-08-10,put,180.0,0.0,0.0,0.01,10.0,0.005,,,,,,,,,2026-08-04,297.58,302.38,297.22,301.71,714740.0,300.744723
2026-08-04T20:35:06.670,7,6,IWM260810P00190000,IWM,2026-08-10,put,190.0,0.0,0.0,0.01,21.0,0.005,0.01,1.0,,,,,,,2026-08-04,297.58,302.38,297.22,301.71,714740.0,300.744723
2026-08-04T20:35:06.670,7,6,IWM260810P00200000,IWM,2026-08-10,put,200.0,0.0,0.0,0.03,16.0,0.015,,,,,,,,,2026-08-04,297.58,302.38,297.22,301.71,714740.0,300.744723
2026-08-04T20:35:06.670,7,6,IWM260810P00205000,IWM,2026-08-10,put,205.0,0.0,0.0,0.01,15.0,0.005,,,,,,,,,2026-08-04,297.58,302.38,297.22,301.71,714740.0,300.744723
2026-08-04T20:35:06.670,7,6,IWM260810P00210000,IWM,2026-08-10,put,210.0,0.0,0.0,0.03,122.0,0.015,,,,,,,,,2026-08-04,297.58,302.38,297.22,301.71,714740.0,300.744723
2026-08-04T20:35:06.670,7,6,IWM260810P00215000,IWM,2026-08-10,put,215.0,0.0,0.0,0.01,21.0,0.005,0.02,2.0,,,,,,,2026-08-04,297.58,302.38,297.22,301.71,714740.0,300.744723
2026-08-04T20:35:06.670,7,6,IWM260810P00220000,IWM,2026-08-10,put,220.0,0.0,0.0,0.01,123.0,0.005,0.04,2.0,,,,,,,2026-08-04,297.58,302.38,297.22,301.71,714740.0,300.744723
2026-08-04T20:35:06.670,7,6,IWM260810P00225000,IWM,2026-08-10,put,225.0,0.0,0.0,0.01,122.0,0.005,,,,,,,,,2026-08-04,297.58,302.38,297.22,301.71,714740.0,300.744723
2026-08-04T20:35:06.670,7,6,IWM260810P00230000,IWM,2026-08-10,put,230.0,0.0,0.0,0.01,26.0,0.005,0.01,6.0,,,,,,,2026-08-04,297.58,302.38,297.22,301.71,714740.0,300.744723
2026-08-04T20:35:06.670,7,6,IWM260810P00235000,IWM,2026-08-10,put,235.0,0.0,0.0,0.03,115.0,0.015,,,,,,,,,2026-08-04,297.58,302.38,297.22,301.71,714740.0,300.744723
2026-08-04T20:35:06.670,7,6,IWM260810P00240000,IWM,2026-08-10,put,240.0,0.0,0.0,0.03,124.0,0.015,,,,,,,,,2026-08-04,297.58,302.38,297.22,301.71,714740.0,300.744723
2026-08-04T20:35:06.670,7,6,IWM260810P00245000,IWM,2026-08-10,put,245.0,0.0,0.0,0.03,40.0,0.015,0.04,3.0,,,,,,,2026-08-04,297.58,302.38,297.22,301.71,714740.0,300.744723
2026-08-04T20:35:06.670,7,6,IWM260810P00250000,IWM,2026-08-10,put,250.0,0.0,0.0,0.03,124.0,0.015,0.01,20.0,,,,,,,2026-08-04,297.58,302.38,297.22,301.71,714740.0,300.744723
2026-08-04T20:35:06.670,7,6,IWM260810P00255000,IWM,2026-08-10,put,255.0,0.0,0.0,0.01,27.0,0.005,0.06,1.0,,,,,,,2026-08-04,297.58,302.38,297.22,301.71,714740.0,300.744723
2026-08-04T20:35:06.670,7,6,IWM260810P00260000,IWM,2026-08-10,put,260.0,0.0,0.0,0.01,105.0,0.005,0.02,9.0,,,,,,,2026-08-04,297.58,302.38,297.22,301.71,714740.0,300.744723
2026-08-04T20:35:06.670,7,6,IWM260810P00261000,IWM,2026-08-10,put,261.0,0.0,0.0,0.04,29.0,0.02,,,,,,,,,2026-08-04,297.58,302.38,297.22,301.71,714740.0,300.744723
2026-08-04T20:35:06.670,7,6,IWM260810P00262000,IWM,2026-08-10,put,262.0,0.0,0.0,0.01,18.0,0.005,,,,,,,,,2026-08-04,297.58,302.38,297.22,301.71,714740.0,300.744723
2026-08-04T20:35:06.670,7,6,IWM260810P00263000,IWM,2026-08-10,put,263.0,0.01,104.0,0.04,114.0,0.025,0.37,1.0,0.4222,-0.0048,0.0008,-0.0188,0.0054,-0.0002,2026-08-04,297.58,302.38,297.22,301.71,714740.0,300.744723
2026-08-04T20:35:06.670,7,6,IWM260810P00264000,IWM,2026-08-10,put,264.0,0.01,105.0,0.02,28.0,0.015,0.25,7.0,0.3901,-0.0032,0.0006,-0.0122,0.0038,-0.0002,2026-08-04,297.58,302.38,297.22,301.71,714740.0,300.744723
2026-08-04T20:35:06.670,7,6,IWM260810P00265000,IWM,2026-08-10,put,265.0,0.03,114.0,0.04,105.0,0.035,0.03,1.0,0.4172,-0.0066,0.0011,-0.0246,0.0071,-0.0003,2026-08-04,297.58,302.38,297.22,301.71,714740.0,300.744723
2026-08-04T20:35:06.670,7,6,IWM260810P00266000,IWM,2026-08-10,put,266.0,0.03,114.0,0.04,115.0,0.035,0.28,10.0,0.4066,-0.0067,0.0012,-0.0245,0.0073,-0.0003,2026-08-04,297.58,302.38,297.22,301.71,714740.0,300.744723
2026-08-04T20:35:06.670,7,6,IWM260810P00267000,IWM,2026-08-10,put,267.0,0.01,14.0,0.02,7.0,0.015,,,0.3605,-0.0035,0.0007,-0.012,0.004,-0.0002,2026-08-04,297.58,302.38,297.22,301.71,714740.0,300.744723
2026-08-04T20:35:06.670,7,6,IWM260810P00267500,IWM,2026-08-10,put,267.5,0.03,104.0,0.05,104.0,0.04,,,0.3969,-0.0078,0.0014,-0.0271,0.0083,-0.0004,2026-08-04,297.58,302.38,297.22,301.71,714740.0,300.744723
2026-08-04T20:35:06.670,7,6,IWM260810P00268000,IWM,2026-08-10,put,268.0,0.03,116.0,0.05,121.0,0.04,0.59,1.0,0.3915,-0.0079,0.0014,-0.027,0.0084,-0.0004,2026-08-04,297.58,302.38,297.22,301.71,714740.0,300.744723
2026-08-04T20:35:06.670,7,6,IWM260810P00269000,IWM,2026-08-10,put,269.0,0.01,163.0,0.03,140.0,0.02,0.03,86.0,0.3514,-0.0046,0.001,-0.0151,0.0052,-0.0002,2026-08-04,297.58,302.38,297.22,301.71,714740.0,300.744723
2026-08-04T20:35:06.670,7,6,IWM260810P00270000,IWM,2026-08-10,put,270.0,0.01,27.0,0.05,22.0,0.030000000000000002,0.04,40.0,0.3574,-0.0066,0.0013,-0.0211,0.0072,-0.0003,2026-08-04,297.58,302.38,297.22,301.71,714740.0,300.744723
2026-08-04T20:35:06.670,7,6,IWM260810P00271000,IWM,2026-08-10,put,271.0,0.04,114.0,0.05,109.0,0.045,0.03,2.0,0.3646,-0.0093,0.0018,-0.0292,0.0097,-0.0005,2026-08-04,297.58,302.38,297.22,301.71,714740.0,300.744723
2026-08-04T20:35:06.670,7,6,IWM260810P00272000,IWM,2026-08-10,put,272.0,0.04,118.0,0.06,119.0,0.05,0.02,5.0,0.3585,-0.0104,0.002,-0.0317,0.0107,-0.0005,2026-08-04,297.58,302.38,297.22,301.71,714740.0,300.744723
2026-08-04T20:35:06.670,7,6,IWM260810P00272500,IWM,2026-08-10,put,272.5,0.04,147.0,0.06,102.0,0.05,0.05,5.0,0.3531,-0.0106,0.002,-0.0316,0.0108,-0.0005,2026-08-04,297.58,302.38,297.22,301.71,714740.0,300.744723
2026-08-04T20:35:06.670,7,6,IWM260810P00273000,IWM,2026-08-10,put,273.0,0.05,27.0,0.06,32.0,0.055,0.08,8.0,0.352,-0.0116,0.0022,-0.034,0.0117,-0.0006,2026-08-04,297.58,302.38,297.22,301.71,714740.0,300.744723
2026-08-04T20:35:06.670,7,6,IWM260810P00274000,IWM,2026-08-10,put,274.0,0.05,102.0,0.07,101.0,0.060000000000000005,0.09,3.0,0.3449,-0.0127,0.0025,-0.0362,0.0127,-0.0006,2026-08-04,297.58,302.38,297.22,301.71,714740.0,300.744723
2026-08-04T20:35:06.670,7,6,IWM260810P00275000,IWM,2026-08-10,put,275.0,0.02,11.0,0.03,109.0,0.025,0.08,4.0,0.2986,-0.0066,0.0016,-0.0176,0.0071,-0.0003,2026-08-04,297.58,302.38,297.22,301.71,714740.0,300.744723
2026-08-04T20:35:06.670,7,6,IWM260810P00276000,IWM,2026-08-10,put,276.0,0.06,100.0,0.08,99.0,0.07,0.05,1.0,0.3296,-0.0152,0.003,-0.0403,0.0149,-0.0008,2026-08-04,297.58,302.38,297.22,301.71,714740.0,300.744723
2026-08-04T20:35:06.670,7,6,IWM260810P00277000,IWM,2026-08-10,put,277.0,0.07,97.0,0.08,18.0,0.07500000000000001,0.03,1.0,0.3214,-0.0166,0.0033,-0.0423,0.016,-0.0008,2026-08-04,297.58,302.38,297.22,301.71,714740.0,300.744723
2026-08-04T20:35:06.670,7,6,IWM260810P00277500,IWM,2026-08-10,put,277.5,0.03,33.0,0.05,124.0,0.04,0.14,5.0,0.2895,-0.0104,0.0025,-0.0254,0.0107,-0.0005,2026-08-04,297.58,302.38,297.22,301.71,714740.0,300.744723
2026-08-04T20:35:06.670,7,6,IWM260810P00278000,IWM,2026-08-10,put,278.0,0.03,428.0,0.09,184.0,0.06,0.08,2.0,0.3001,-0.0144,0.0032,-0.0351,0.0142,-0.0007,2026-08-04,297.58,302.38,297.22,301.71,714740.0,300.744723
2026-08-04T20:35:06.670,7,6,IWM260810P00279000,IWM,2026-08-10,put,279.0,0.08,90.0,0.1,23.0,0.09,0.09,10.0,0.3068,-0.0203,0.0041,-0.048,0.019,-0.001,2026-08-04,297.58,302.38,297.22,301.71,714740.0,300.744723
2026-08-04T20:35:06.670,7,6,IWM260810P00280000,IWM,2026-08-10,put,280.0,0.05,92.0,0.07,91.0,0.060000000000000005,0.07,5.0,0.2777,-0.0155,0.0036,-0.0344,0.0151,-0.0008,2026-08-04,297.58,302.38,297.22,301.71,714740.0,300.744723
2026-08-04T20:35:06.670,7,6,IWM260810P00281000,IWM,2026-08-10,put,281.0,0.06,89.0,0.08,89.0,0.07,0.08,15.0,0.2726,-0.0181,0.0042,-0.0385,0.0172,-0.0009,2026-08-04,297.58,302.38,297.22,301.71,714740.0,300.744723
2026-08-04T20:35:06.670,7,6,IWM260810P00282000,IWM,2026-08-10,put,282.0,0.11,153.0,0.13,37.0,0.12,0.1,3.0,0.2846,-0.028,0.0058,-0.0582,0.0249,-0.0014,2026-08-04,297.58,302.38,297.22,301.71,714740.0,300.744723
2026-08-04T20:35:06.670,7,6,IWM260810P00283000,IWM,2026-08-10,put,283.0,0.12,92.0,0.14,47.0,0.13,0.07,9.0,0.2762,-0.0309,0.0065,-0.0611,0.027,-0.0016,2026-08-04,297.58,302.38,297.22,301.71,714740.0,300.744723
2026-08-04T20:35:06.670,7,6,IWM260810P00284000,IWM,2026-08-10,put,284.0,0.09,285.0,0.11,35.0,0.1,0.12,12.0,0.2522,-0.0266,0.0063,-0.0492,0.0238,-0.0013,2026-08-04,297.58,302.38,297.22,301.71,714740.0,300.744723
2026-08-04T20:35:06.670,7,6,IWM260810P00285000,IWM,2026-08-10,put,285.0,0.15,79.0,0.17,87.0,0.16,0.1,1.0,0.2611,-0.0389,0.0083,-0.0698,0.0326,-0.002,2026-08-04,297.58,302.38,297.22,301.71,714740.0,300.744723
2026-08-04T20:35:06.670,7,6,IWM260810P00286000,IWM,2026-08-10,put,286.0,0.13,4.0,0.19,32.0,0.16,0.14,2.0,0.2482,-0.0407,0.0091,-0.0687,0.0338,-0.002,2026-08-04,297.58,302.38,297.22,301.71,714740.0,300.744723
2026-08-04T20:35:06.670,7,6,IWM260810P00287000,IWM,2026-08-10,put,287.0,0.19,35.0,0.21,38.0,0.2,0.19,1.0,0.246,-0.0497,0.0108,-0.08,0.0397,-0.0025,2026-08-04,297.58,302.38,297.22,301.71,714740.0,300.744723
2026-08-04T20:35:06.670,7,6,IWM260810P00288000,IWM,2026-08-10,put,288.0,0.17,98.0,0.24,21.0,0.20500000000000002,0.18,3.0,0.2339,-0.0531,0.0119,-0.08,0.0419,-0.0027,2026-08-04,297.58,302.38,297.22,301.71,714740.0,300.744723
2026-08-04T20:35:06.670,7,6,IWM260810P00289000,IWM,2026-08-10,put,289.0,0.2,155.0,0.28,74.0,0.24000000000000002,0.23,5.0,0.2281,-0.0621,0.0139,-0.0881,0.0474,-0.0031,2026-08-04,297.58,302.38,297.22,301.71,714740.0,300.744723
2026-08-04T20:35:06.670,7,6,IWM260810P00290000,IWM,2026-08-10,put,290.0,0.28,144.0,0.32,61.0,0.30000000000000004,0.25,1.0,0.2256,-0.0757,0.0163,-0.1014,0.0552,-0.0038,2026-08-04,297.58,302.38,297.22,301.71,714740.0,300.744723
2026-08-04T20:35:06.670,7,6,IWM260810P00291000,IWM,2026-08-10,put,291.0,0.33,69.0,0.37,15.0,0.35,0.31,1.0,0.2194,-0.0882,0.0188,-0.1105,0.0619,-0.0044,2026-08-04,297.58,302.38,297.22,301.71,714740.0,300.744723
2026-08-04T20:35:06.670,7,6,IWM260810P00292000,IWM,2026-08-10,put,292.0,0.35,94.0,0.39,21.0,0.37,0.35,2.0,0.2074,-0.0969,0.0213,-0.1118,0.0664,-0.0049,2026-08-04,297.58,302.38,297.22,301.71,714740.0,300.744723
2026-08-04T20:35:06.670,7,6,IWM260810P00293000,IWM,2026-08-10,put,293.0,0.47,100.0,0.51,10.0,0.49,0.43,3.0,0.2083,-0.1217,0.0251,-0.132,0.0782,-0.0061,2026-08-04,297.58,302.38,297.22,301.71,714740.0,300.744723
2026-08-04T20:35:06.670,7,6,IWM260810P00294000,IWM,2026-08-10,put,294.0,0.56,109.0,0.61,44.0,0.585,0.53,6.0,0.2031,-0.1435,0.0288,-0.1439,0.0876,-0.0072,2026-08-04,297.58,302.38,297.22,301.71,714740.0,300.744723
2026-08-04T20:35:06.670,7,6,IWM260810P00295000,IWM,2026-08-10,put,295.0,0.68,99.0,0.73,10.0,0.7050000000000001,0.64,2.0,0.1985,-0.1697,0.0329,-0.1567,0.0979,-0.0085,2026-08-04,297.58,302.38,297.22,301.71,714740.0,300.744723
2026-08-04T20:35:06.670,7,6,IWM260810P00296000,IWM,2026-08-10,put,296.0,0.83,118.0,0.88,25.0,0.855,0.78,2.0,0.1945,-0.2008,0.0373,-0.1699,0.1087,-0.0101,2026-08-04,297.58,302.38,297.22,301.71,714740.0,300.744723
2026-08-04T20:35:06.670,7,6,IWM260810P00297000,IWM,2026-08-10,put,297.0,1.01,1.0,1.07,16.0,1.04,0.95,1.0,0.1909,-0.2369,0.0418,-0.1829,0.1195,-0.0119,2026-08-04,297.58,302.38,297.22,301.71,714740.0,300.744723
2026-08-04T20:35:06.670,7,6,IWM260810P00298000,IWM,2026-08-10,put,298.0,1.23,34.0,1.29,31.0,1.26,1.15,1.0,0.1873,-0.2778,0.0462,-0.1941,0.1298,-0.014,2026-08-04,297.58,302.38,297.22,301.71,714740.0,300.744723
2026-08-04T20:35:06.670,7,6,IWM260810P00299000,IWM,2026-08-10,put,299.0,1.45,1.0,1.5,2.0,1.475,1.43,3.0,0.1805,-0.3206,0.0512,-0.1986,0.1386,-0.0162,2026-08-04,297.58,302.38,297.22,301.71,714740.0,300.744723
2026-08-04T20:35:06.670,7,6,IWM260810P00300000,IWM,2026-08-10,put,300.0,1.82,23.0,1.85,71.0,1.835,1.67,1.0,0.1808,-0.374,0.0541,-0.2095,0.1467,-0.0189,2026-08-04,297.58,302.38,297.22,301.71,714740.0,300.744723
2026-08-04T20:35:06.670,7,6,IWM260810P00301000,IWM,2026-08-10,put,301.0,2.2,13.0,2.22,13.0,2.21,2.08,3.0,0.1785,-0.4287,0.0568,-0.2129,0.152,-0.0216,2026-08-04,297.58,302.38,297.22,301.71,714740.0,300.744723
2026-08-04T20:35:06.670,7,6,IWM260810P00302000,IWM,2026-08-10,put,302.0,2.63,9.0,2.66,7.0,2.645,2.43,1.0,0.1765,-0.4861,0.0584,-0.212,0.1544,-0.0246,2026-08-04,297.58,302.38,297.22,301.71,714740.0,300.744723
2026-08-04T20:35:06.670,7,6,IWM260810P00302500,IWM,2026-08-10,put,302.5,2.9,10.0,3.0,19.0,2.95,2.67,3.0,0.1797,-0.5148,0.0573,-0.2153,0.1544,-0.026,2026-08-04,297.58,302.38,297.22,301.71,714740.0,300.744723
2026-08-04T20:35:06.670,7,6,IWM260810P00303000,IWM,2026-08-10,put,303.0,3.05,84.0,3.25,66.0,3.15,3.05,12.0,0.1752,-0.5446,0.0584,-0.2074,0.1535,-0.0276,2026-08-04,297.58,302.38,297.22,301.71,714740.0,300.744723
2026-08-04T20:35:06.670,7,6,IWM260810P00304000,IWM,2026-08-10,put,304.0,3.69,24.0,3.9,10.0,3.795,3.43,1.0,0.1795,-0.5995,0.0556,-0.2052,0.1496,-0.0304,2026-08-04,297.58,302.38,297.22,301.71,714740.0,300.744723
2026-08-04T20:35:06.670,7,6,IWM260810P00305000,IWM,2026-08-10,put,305.0,3.32,1.0,4.5,1.0,3.91,4.16,1.0,0.1423,-0.6927,0.0638,-0.14,0.1361,-0.035,2026-08-04,297.58,302.38,297.22,301.71,714740.0,300.744723
2026-08-04T20:35:06.670,7,6,IWM260810P00306000,IWM,2026-08-10,put,306.0,5.02,6.0,5.34,3.0,5.18,7.41,5.0,0.1841,-0.6995,0.0488,-0.1851,0.1347,-0.0356,2026-08-04,297.58,302.38,297.22,301.71,714740.0,300.744723
2026-08-04T20:35:06.670,7,6,IWM260810P00307000,IWM,2026-08-10,put,307.0,5.77,3.0,6.07,10.0,5.92,6.17,1.0,0.1849,-0.7448,0.0449,-0.1686,0.1244,-0.0379,2026-08-04,297.58,302.38,297.22,301.71,714740.0,300.744723
2026-08-04T20:35:06.670,7,6,IWM260810P00307500,IWM,2026-08-10,put,307.5,6.06,3.0,6.3,3.0,6.18,,,0.1745,-0.7798,0.0438,-0.1426,0.1147,-0.0397,2026-08-04,297.58,302.38,297.22,301.71,714740.0,300.744723
2026-08-04T20:35:06.670,7,6,IWM260810P00308000,IWM,2026-08-10,put,308.0,6.54,2.0,7.06,2.0,6.8,6.29,1.0,0.1943,-0.7751,0.0399,-0.1638,0.1161,-0.0396,2026-08-04,297.58,302.38,297.22,301.71,714740.0,300.744723
2026-08-04T20:35:06.670,7,6,IWM260810P00309000,IWM,2026-08-10,put,309.0,7.53,10.0,8.02,3.0,7.775,15.89,1.0,0.2105,-0.7927,0.0351,-0.1695,0.1107,-0.0406,2026-08-04,297.58,302.38,297.22,301.71,714740.0,300.744723
2026-08-04T20:35:06.670,7,6,IWM260810P00310000,IWM,2026-08-10,put,310.0,8.31,3.0,8.81,2.0,8.56,8.17,1.0,0.2074,-0.8289,0.0316,-0.1441,0.0984,-0.0426,2026-08-04,297.58,302.38,297.22,301.71,714740.0,300.744723
2026-08-04T20:35:06.670,7,6,IWM260810P00311000,IWM,2026-08-10,put,311.0,9.37,2.0,10.03,10.0,9.7,9.11,1.0,0.2383,-0.8234,0.0281,-0.1734,0.1004,-0.0425,2026-08-04,297.58,302.38,297.22,301.71,714740.0,300.744723
2026-08-04T20:35:06.670,7,6,IWM260810P00312000,IWM,2026-08-10,put,312.0,10.36,10.0,10.77,14.0,10.565,12.82,10.0,0.2406,-0.8469,0.0254,-0.1568,0.0915,-0.0438,2026-08-04,297.58,302.38,297.22,301.71,714740.0,300.744723
2026-08-04T20:35:06.670,7,6,IWM260810P00313000,IWM,2026-08-10,put,313.0,11.3,10.0,11.89,4.0,11.595,19.79,1.0,0.2598,-0.8511,0.0231,-0.1676,0.0898,-0.0442,2026-08-04,297.58,302.38,297.22,301.71,714740.0,300.744723
2026-08-04T20:35:06.670,7,6,IWM260810P00314000,IWM,2026-08-10,put,314.0,12.04,10.0,12.71,1.0,12.375,21.11,1.0,0.2486,-0.883,0.0204,-0.1297,0.0761,-0.0459,2026-08-04,297.58,302.38,297.22,301.71,714740.0,300.744723
2026-08-04T20:35:06.670,7,6,IWM260810P00315000,IWM,2026-08-10,put,315.0,13.36,10.0,13.9,2.0,13.629999999999999,22.11,1.0,0.2949,-0.8603,0.0195,-0.1841,0.0861,-0.0449,2026-08-04,297.58,302.38,297.22,301.71,714740.0,300.744723
2026-08-04T20:35:06.670,7,6,IWM260810P00316000,IWM,2026-08-10,put,316.0,13.98,10.0,14.82,1.0,14.4,23.11,1.0,0.2808,-0.8898,0.0173,-0.1422,0.0729,-0.0465,2026-08-04,297.58,302.38,297.22,301.71,714740.0,300.744723
2026-08-04T20:35:06.670,7,6,IWM260810P00317000,IWM,2026-08-10,put,317.0,15.43,2.0,15.87,18.0,15.649999999999999,24.11,1.0,0.3276,-0.8688,0.0168,-0.1972,0.0824,-0.0457,2026-08-04,297.58,302.38,297.22,301.71,714740.0,300.744723
2026-08-04T20:35:06.670,7,6,IWM260810P00318000,IWM,2026-08-10,put,318.0,14.93,2.0,17.52,3.0,16.225,,,0.2815,-0.9189,0.0138,-0.107,0.0582,-0.0483,2026-08-04,297.58,302.38,297.22,301.71,714740.0,300.744723
2026-08-04T20:35:06.670,7,6,IWM260810P00319000,IWM,2026-08-10,put,319.0,17.46,3.0,17.93,2.0,17.695,,,0.3626,-0.8735,0.0148,-0.2147,0.0804,-0.0463,2026-08-04,297.58,302.38,297.22,301.71,714740.0,300.744723
2026-08-04T20:35:06.670,7,6,IWM260810P00320000,IWM,2026-08-10,put,320.0,17.91,2.0,18.55,2.0,18.23,,,0.3084,-0.9238,0.012,-0.1128,0.0555,-0.0489,2026-08-04,297.58,302.38,297.22,301.71,714740.0,300.744723
2026-08-04T20:35:06.670,7,6,IWM260810P00321000,IWM,2026-08-10,put,321.0,19.1,2.0,19.26,2.0,19.18,,,0.3116,-0.9324,0.0108,-0.1012,0.0506,-0.0494,2026-08-04,297.58,302.38,297.22,301.71,714740.0,300.744723
2026-08-04T20:35:06.670,7,6,IWM260810P00322000,IWM,2026-08-10,put,322.0,20.39,2.0,20.92,8.0,20.655,,,0.4004,-0.8875,0.0123,-0.218,0.074,-0.0474,2026-08-04,297.58,302.38,297.22,301.71,714740.0,300.744723
2026-08-04T20:35:06.670,7,6,IWM260810P00323000,IWM,2026-08-10,put,323.0,21.4,2.0,21.76,6.0,21.58,,,0.4037,-0.8966,0.0115,-0.205,0.0696,-0.0481,2026-08-04,297.58,302.38,297.22,301.71,714740.0,300.744723
2026-08-04T20:35:06.670,7,6,IWM260810P00324000,IWM,2026-08-10,put,324.0,22.31,3.0,22.76,3.0,22.535,,,0.4106,-0.903,0.0108,-0.1977,0.0664,-0.0485,2026-08-04,297.58,302.38,297.22,301.71,714740.0,300.744723
2026-08-04T20:35:06.670,7,6,IWM260810P00325000,IWM,2026-08-10,put,325.0,23.4,2.0,24.07,2.0,23.735,,,0.4529,-0.8899,0.0107,-0.2457,0.0729,-0.0481,2026-08-04,297.58,302.38,297.22,301.71,714740.0,300.744723
2026-08-04T20:35:06.670,7,6,IWM260810P00330000,IWM,2026-08-10,put,330.0,28.19,2.0,28.36,2.0,28.275,,,0.4403,-0.9374,0.0072,-0.1438,0.0477,-0.0512,2026-08-04,297.58,302.38,297.22,301.71,714740.0,300.744723
2026-08-04T20:35:06.670,7,6,IWM260810P00340000,IWM,2026-08-10,put,340.0,38.69,2.0,39.17,2.0,38.93,,,0.6771,-0.9059,0.0064,-0.3355,0.065,-0.0514,2026-08-04,297.58,302.38,297.22,301.71,714740.0,300.744723
2026-08-04T20:35:06.670,7,6,IWM260810P00350000,IWM,2026-08-10,put,350.0,47.78,2.0,47.81,2.0,47.795,,,,,,,,,2026-08-04,297.58,302.38,297.22,301.71,714740.0,300.744723
2026-08-04T20:35:06.670,7,7,IWM260811C00180000,IWM,2026-08-11,call,180.0,123.85,2.0,124.36,2.0,124.10499999999999,,,,,,,,,2026-08-04,297.58,302.38,297.22,301.71,714740.0,300.744723
2026-08-04T20:35:06.670,7,7,IWM260811C00190000,IWM,2026-08-11,call,190.0,110.18,2.0,112.62,2.0,111.4,,,,,,,,,2026-08-04,297.58,302.38,297.22,301.71,714740.0,300.744723
2026-08-04T20:35:06.670,7,7,IWM260811C00200000,IWM,2026-08-11,call,200.0,100.67,2.0,101.15,2.0,100.91,,,,,,,,,2026-08-04,297.58,302.38,297.22,301.71,714740.0,300.744723
2026-08-04T20:35:06.670,7,7,IWM260811C00205000,IWM,2026-08-11,call,205.0,95.92,2.0,97.04,2.0,96.48,,,,,,,,,2026-08-04,297.58,302.38,297.22,301.71,714740.0,300.744723
2026-08-04T20:35:06.670,7,7,IWM260811C00210000,IWM,2026-08-11,call,210.0,89.71,2.0,91.59,2.0,90.65,,,,,,,,,2026-08-04,297.58,302.38,297.22,301.71,714740.0,300.744723
2026-08-04T20:35:06.670,7,7,IWM260811C00215000,IWM,2026-08-11,call,215.0,86.31,2.0,88.14,2.0,87.225,,,,,,,,,2026-08-04,297.58,302.38,297.22,301.71,714740.0,300.744723
2026-08-04T20:35:06.670,7,7,IWM260811C00220000,IWM,2026-08-11,call,220.0,81.11,2.0,81.33,2.0,81.22,,,,,,,,,2026-08-04,297.58,302.38,297.22,301.71,714740.0,300.744723
2026-08-04T20:35:06.670,7,7,IWM260811C00225000,IWM,2026-08-11,call,225.0,75.68,2.0,77.98,2.0,76.83000000000001,,,,,,,,,2026-08-04,297.58,302.38,297.22,301.71,714740.0,300.744723
2026-08-04T20:35:06.670,7,7,IWM260811C00230000,IWM,2026-08-11,call,230.0,71.27,2.0,71.58,2.0,71.425,,,,,,,,,2026-08-04,297.58,302.38,297.22,301.71,714740.0,300.744723
2026-08-04T20:35:06.670,7,7,IWM260811C00235000,IWM,2026-08-11,call,235.0,66.8,2.0,67.01,2.0,66.905,,,,,,,,,2026-08-04,297.58,302.38,297.22,301.71,714740.0,300.744723
2026-08-04T20:35:06.670,7,7,IWM260811C00240000,IWM,2026-08-11,call,240.0,62.39,2.0,62.41,2.0,62.4,,,0.8263,0.9808,0.0014,-0.1388,0.0195,0.0448,2026-08-04,297.58,302.38,297.22,301.71,714740.0,300.744723
2026-08-04T20:35:06.670,7,7,IWM260811C00245000,IWM,2026-08-11,call,245.0,55.65,2.0,56.38,2.0,56.015,,,,,,,,,2026-08-04,297.58,302.38,297.22,301.71,714740.0,300.744723
2026-08-04T20:35:06.670,7,7,IWM260811C00250000,IWM,2026-08-11,call,250.0,50.75,2.0,50.99,2.0,50.870000000000005,,,,,,,,,2026-08-04,297.58,302.38,297.22,301.71,714740.0,300.744723
2026-08-04T20:35:06.670,7,7,IWM260811C00255000,IWM,2026-08-11,call,255.0,45.88,2.0,46.74,2.0,46.31,,,,,,,,,2026-08-04,297.58,302.38,297.22,301.71,714740.0,300.744723
2026-08-04T20:35:06.670,7,7,IWM260811C00257500,IWM,2026-08-11,call,257.5,44.88,2.0,45.39,2.0,45.135000000000005,,,0.6784,0.96,0.003,-0.1992,0.0361,0.0469,2026-08-04,297.58,302.38,297.22,301.71,714740.0,300.744723
2026-08-04T20:35:06.670,7,7,IWM260811C00260000,IWM,2026-08-11,call,260.0,41.17,2.0,42.75,2.0,41.96,,,,,,,,,2026-08-04,297.58,302.38,297.22,301.71,714740.0,300.744723
2026-08-04T20:35:06.670,7,7,IWM260811C00261000,IWM,2026-08-11,call,261.0,40.95,2.0,41.45,2.0,41.2,,,0.429,0.9937,0.001,-0.0486,0.0074,0.0496,2026-08-04,297.58,302.38,297.22,301.71,714740.0,300.744723
2026-08-04T20:35:06.670,7,7,IWM260811C00262000,IWM,2026-08-11,call,262.0,38.87,2.0,39.89,2.0,39.379999999999995,,,,,,,,,2026-08-04,297.58,302.38,297.22,301.71,714740.0,300.744723
2026-08-04T20:35:06.670,7,7,IWM260811C00263000,IWM,2026-08-11,call,263.0,39.1,2.0,39.56,2.0,39.33,,,0.5013,0.9791,0.0024,-0.1009,0.021,0.0492,2026-08-04,297.58,302.38,297.22,301.71,714740.0,300.744723
2026-08-04T20:35:06.670,7,7,IWM260811C00264000,IWM,2026-08-11,call,264.0,37.78,2.0,38.23,2.0,38.004999999999995,,,,,,,,,2026-08-04,297.58,302.38,297.22,301.71,714740.0,300.744723
2026-08-04T20:35:06.670,7,7,IWM260811C00265000,IWM,2026-08-11,call,265.0,36.8,2.0,37.01,2.0,36.905,,,,,,,,,2026-08-04,297.58,302.38,297.22,301.71,714740.0,300.744723
2026-08-04T20:35:06.670,7,7,IWM260811C00266000,IWM,2026-08-11,call,266.0,35.34,2.0,35.51,2.0,35.425,,,,,,,,,2026-08-04,297.58,302.38,297.22,301.71,714740.0,300.744723
2026-08-04T20:35:06.670,7,7,IWM260811C00267000,IWM,2026-08-11,call,267.0,34.06,2.0,35.65,2.0,34.855000000000004,,,,,,,,,2026-08-04,297.58,302.38,297.22,301.71,714740.0,300.744723
2026-08-04T20:35:06.670,7,7,IWM260811C00268000,IWM,2026-08-11,call,268.0,33.82,2.0,33.85,2.0,33.835,,,,,,,,,2026-08-04,297.58,302.38,297.22,301.71,714740.0,300.744723
2026-08-04T20:35:06.670,7,7,IWM260811C00269000,IWM,2026-08-11,call,269.0,32.08,2.0,32.52,2.0,32.3,,,,,,,,,2026-08-04,297.58,302.38,297.22,301.71,714740.0,300.744723
2026-08-04T20:35:06.670,7,7,IWM260811C00270000,IWM,2026-08-11,call,270.0,31.16,2.0,32.009,2.0,31.5845,,,,,,,,,2026-08-04,297.58,302.38,297.22,301.71,714740.0,300.744723
2026-08-04T20:35:06.670,7,7,IWM260811C00271000,IWM,2026-08-11,call,271.0,30.7,2.0,30.77,2.0,30.735,27.0,1.0,,,,,,,2026-08-04,297.58,302.38,297.22,301.71,714740.0,300.744723
2026-08-04T20:35:06.670,7,7,IWM260811C00272000,IWM,2026-08-11,call,272.0,29.19,2.0,30.25,2.0,29.72,,,,,,,,,2026-08-04,297.58,302.38,297.22,301.71,714740.0,300.744723
2026-08-04T20:35:06.670,7,7,IWM260811C00273000,IWM,2026-08-11,call,273.0,28.16,2.0,29.63,2.0,28.895,,,,,,,,,2026-08-04,297.58,302.38,297.22,301.71,714740.0,300.744723
2026-08-04T20:35:06.670,7,7,IWM260811C00274000,IWM,2026-08-11,call,274.0,27.63,2.0,27.99,2.0,27.81,,,,,,,,,2026-08-04,297.58,302.38,297.22,301.71,714740.0,300.744723
2026-08-04T20:35:06.670,7,7,IWM260811C00275000,IWM,2026-08-11,call,275.0,26.86,2.0,27.58,2.0,27.22,24.6,2.0,0.2995,0.9891,0.0023,-0.0529,0.012,0.0521,2026-08-04,297.58,302.38,297.22,301.71,714740.0,300.744723
2026-08-04T20:35:06.670,7,7,IWM260811C00276000,IWM,2026-08-11,call,276.0,25.53,2.0,25.67,2.0,25.6,,,,,,,,,2026-08-04,297.58,302.38,297.22,301.71,714740.0,300.744723
2026-08-04T20:35:06.670,7,7,IWM260811C00277000,IWM,2026-08-11,call,277.0,24.42,2.0,25.12,2.0,24.770000000000003,,,,,,,,,2026-08-04,297.58,302.38,297.22,301.71,714740.0,300.744723
2026-08-04T20:35:06.670,7,7,IWM260811C00278000,IWM,2026-08-11,call,278.0,23.25,2.0,24.29,2.0,23.77,,,,,,,,,2026-08-04,297.58,302.38,297.22,301.71,714740.0,300.744723
2026-08-04T20:35:06.670,7,7,IWM260811C00279000,IWM,2026-08-11,call,279.0,22.94,2.0,23.03,2.0,22.985,12.19,1.0,,,,,,,2026-08-04,297.58,302.38,297.22,301.71,714740.0,300.744723
2026-08-04T20:35:06.670,7,7,IWM260811C00280000,IWM,2026-08-11,call,280.0,21.26,2.0,21.67,2.0,21.465000000000003,,,,,,,,,2026-08-04,297.58,302.38,297.22,301.71,714740.0,300.744723
2026-08-04T20:35:06.670,7,7,IWM260811C00281000,IWM,2026-08-11,call,281.0,21.02,2.0,21.26,2.0,21.14,,,,,,,,,2026-08-04,297.58,302.38,297.22,301.71,714740.0,300.744723
2026-08-04T20:35:06.670,7,7,IWM260811C00282000,IWM,2026-08-11,call,282.0,19.92,2.0,20.43,2.0,20.175,10.54,1.0,,,,,,,2026-08-04,297.58,302.38,297.22,301.71,714740.0,300.744723
2026-08-04T20:35:06.670,7,7,IWM260811C00283000,IWM,2026-08-11,call,283.0,18.91,2.0,18.92,2.0,18.915,,,,,,,,,2026-08-04,297.58,302.38,297.22,301.71,714740.0,300.744723
2026-08-04T20:35:06.670,7,7,IWM260811C00284000,IWM,2026-08-11,call,284.0,17.83,2.0,18.15,2.0,17.99,11.0,8.0,,,,,,,2026-08-04,297.58,302.38,297.22,301.71,714740.0,300.744723
2026-08-04T20:35:06.670,7,7,IWM260811C00285000,IWM,2026-08-11,call,285.0,16.59,2.0,17.27,2.0,16.93,15.57,1.0,,,,,,,2026-08-04,297.58,302.38,297.22,301.71,714740.0,300.744723
2026-08-04T20:35:06.670,7,7,IWM260811C00286000,IWM,2026-08-11,call,286.0,15.84,2.0,16.07,2.0,15.955,7.27,1.0,,,,,,,2026-08-04,297.58,302.38,297.22,301.71,714740.0,300.744723
2026-08-04T20:35:06.670,7,7,IWM260811C00287000,IWM,2026-08-11,call,287.0,15.07,2.0,15.17,10.0,15.120000000000001,5.69,2.0,,,,,,,2026-08-04,297.58,302.38,297.22,301.71,714740.0,300.744723
2026-08-04T20:35:06.670,7,7,IWM260811C00288000,IWM,2026-08-11,call,288.0,13.8,2.0,14.16,10.0,13.98,12.15,1.0,,,,,,,2026-08-04,297.58,302.38,297.22,301.71,714740.0,300.744723
2026-08-04T20:35:06.670,7,7,IWM260811C00289000,IWM,2026-08-11,call,289.0,12.69,2.0,13.43,2.0,13.059999999999999,13.05,1.0,,,,,,,2026-08-04,297.58,302.38,297.22,301.71,714740.0,300.744723
2026-08-04T20:35:06.670,7,7,IWM260811C00290000,IWM,2026-08-11,call,290.0,11.78,1.0,12.39,8.0,12.085,12.66,8.0,,,,,,,2026-08-04,297.58,302.38,297.22,301.71,714740.0,300.744723
2026-08-04T20:35:06.670,7,7,IWM260811C00291000,IWM,2026-08-11,call,291.0,11.12,2.0,11.2,6.0,11.16,10.34,1.0,,,,,,,2026-08-04,297.58,302.38,297.22,301.71,714740.0,300.744723
2026-08-04T20:35:06.670,7,7,IWM260811C00292000,IWM,2026-08-11,call,292.0,10.27,51.0,10.4,6.0,10.335,10.63,1.0,0.1554,0.9458,0.0169,-0.0786,0.046,0.0528,2026-08-04,297.58,302.38,297.22,301.71,714740.0,300.744723
2026-08-04T20:35:06.670,7,7,IWM260811C00293000,IWM,2026-08-11,call,293.0,9.24,2.0,9.44,7.0,9.34,9.71,1.0,0.1439,0.9407,0.0196,-0.0783,0.0494,0.0527,2026-08-04,297.58,302.38,297.22,301.71,714740.0,300.744723
2026-08-04T20:35:06.670,7,7,IWM260811C00294000,IWM,2026-08-11,call,294.0,7.53,1.0,9.73,1.0,8.63,8.67,1.0,0.1728,0.8771,0.0282,-0.1307,0.0851,0.0491,2026-08-04,297.58,302.38,297.22,301.71,714740.0,300.744723
2026-08-04T20:35:06.670,7,7,IWM260811C00295000,IWM,2026-08-11,call,295.0,7.21,10.0,7.93,3.0,7.57,7.95,2.0,0.1507,0.878,0.0321,-0.1169,0.0847,0.0494,2026-08-04,297.58,302.38,297.22,301.71,714740.0,300.744723
2026-08-04T20:35:06.670,7,7,IWM260811C00296000,IWM,2026-08-11,call,296.0,6.53,3.0,6.97,29.0,6.75,6.97,1.0,0.1541,0.8366,0.0383,-0.1382,0.1031,0.0472,2026-08-04,297.58,302.38,297.22,301.71,714740.0,300.744723
2026-08-04T20:35:06.670,7,7,IWM260811C00297000,IWM,2026-08-11,call,297.0,5.8,8.0,6.02,11.0,5.91,6.42,5.0,0.1516,0.7985,0.0444,-0.1509,0.1176,0.0451,2026-08-04,297.58,302.38,297.22,301.71,714740.0,300.744723
2026-08-04T20:35:06.670,7,7,IWM260811C00298000,IWM,2026-08-11,call,298.0,5.08,1.0,5.22,4.0,5.15,5.7,1.0,0.1522,0.7496,0.05,-0.1667,0.133,0.0424,2026-08-04,297.58,302.38,297.22,301.71,714740.0,300.744723
2026-08-04T20:35:06.670,7,7,IWM260811C00299000,IWM,2026-08-11,call,299.0,4.36,7.0,4.57,10.0,4.465,4.8,1.0,0.1543,0.6942,0.0544,-0.1822,0.1467,0.0393,2026-08-04,297.58,302.38,297.22,301.71,714740.0,300.744723
2026-08-04T20:35:06.670,7,7,IWM260811C00300000,IWM,2026-08-11,call,300.0,3.75,2.0,3.93,7.0,3.84,3.96,2.0,0.1564,0.6357,0.0574,-0.1943,0.1571,0.0361,2026-08-04,297.58,302.38,297.22,301.71,714740.0,300.744723
2026-08-04T20:35:06.670,7,7,IWM260811C00301000,IWM,2026-08-11,call,301.0,3.16,15.0,3.31,25.0,3.2350000000000003,3.38,2.0,0.1559,0.5768,0.06,-0.1995,0.1637,0.0328,2026-08-04,297.58,302.38,297.22,301.71,714740.0,300.744723
2026-08-04T20:35:06.670,7,7,IWM260811C00302000,IWM,2026-08-11,call,302.0,2.62,3.0,2.74,13.0,2.68,2.76,1.0,0.1549,0.5161,0.0615,-0.1998,0.1667,0.0294,2026-08-04,297.58,302.38,297.22,301.71,714740.0,300.744723
2026-08-04T20:35:06.670,7,7,IWM260811C00303000,IWM,2026-08-11,call,303.0,2.17,19.0,2.2,4.0,2.185,2.32,1.0,0.1538,0.4543,0.0616,-0.1956,0.1657,0.0259,2026-08-04,297.58,302.38,297.22,301.71,714740.0,300.744723
2026-08-04T20:35:06.670,7,7,IWM260811C00304000,IWM,2026-08-11,call,304.0,1.7,5.0,1.81,8.0,1.755,1.86,1.0,0.1528,0.3931,0.0602,-0.1873,0.1608,0.0224,2026-08-04,297.58,302.38,297.22,301.71,714740.0,300.744723
2026-08-04T20:35:06.670,7,7,IWM260811C00305000,IWM,2026-08-11,call,305.0,1.34,14.0,1.47,11.0,1.405,1.53,1.0,0.1532,0.3353,0.0569,-0.1768,0.1524,0.0191,2026-08-04,297.58,302.38,297.22,301.71,714740.0,300.744723
2026-08-04T20:35:06.670,7,7,IWM260811C00306000,IWM,2026-08-11,call,306.0,1.06,108.0,1.13,24.0,1.095,1.3,1.0,0.1525,0.2802,0.0528,-0.1618,0.1408,0.016,2026-08-04,297.58,302.38,297.22,301.71,714740.0,300.744723
2026-08-04T20:35:06.670,7,7,IWM260811C00307000,IWM,2026-08-11,call,307.0,0.83,38.0,0.85,50.0,0.84,0.93,2.0,0.152,0.2298,0.0478,-0.1446,0.1269,0.0131,2026-08-04,297.58,302.38,297.22,301.71,714740.0,300.744723
2026-08-04T20:35:06.670,7,7,IWM260811C00308000,IWM,2026-08-11,call,308.0,0.64,17.0,0.65,1.0,0.645,0.72,1.0,0.1525,0.1865,0.0421,-0.1278,0.1122,0.0107,2026-08-04,297.58,302.38,297.22,301.71,714740.0,300.744723
2026-08-04T20:35:06.670,7,7,IWM260811C00309000,IWM,2026-08-11,call,309.0,0.45,61.0,0.53,39.0,0.49,0.55,1.0,0.1532,0.1493,0.0363,-0.1108,0.0972,0.0086,2026-08-04,297.58,302.38,297.22,301.71,714740.0,300.744723
2026-08-04T20:35:06.670,7,7,IWM260811C00310000,IWM,2026-08-11,call,310.0,0.34,18.0,0.38,84.0,0.36,0.4,2.0,0.1529,0.1162,0.0306,-0.0928,0.0818,0.0067,2026-08-04,297.58,302.38,297.22,301.71,714740.0,300.744723
2026-08-04T20:35:06.670,7,7,IWM260811C00311000,IWM,2026-08-11,call,311.0,0.25,13.0,0.29,50.0,0.27,0.31,1.0,0.1542,0.0909,0.0254,-0.0781,0.0684,0.0052,2026-08-04,297.58,302.38,297.22,301.71,714740.0,300.744723
2026-08-04T20:35:06.670,7,7,IWM260811C00312000,IWM,2026-08-11,call,312.0,0.22,58.0,0.26,5.0,0.24,0.28,2.0,0.1621,0.079,0.0217,-0.0737,0.0616,0.0045,2026-08-04,297.58,302.38,297.22,301.71,714740.0,300.744723
2026-08-04T20:35:06.670,7,7,IWM260811C00313000,IWM,2026-08-11,call,313.0,0.13,25.0,0.21,14.0,0.16999999999999998,0.23,170.0,0.1613,0.0592,0.0175,-0.0585,0.0493,0.0034,2026-08-04,297.58,302.38,297.22,301.71,714740.0,300.744723
2026-08-04T20:35:06.670,7,7,IWM260811C00314000,IWM,2026-08-11,call,314.0,0.1,76.0,0.13,84.0,0.115,0.14,3.0,0.1598,0.0426,0.0136,-0.0445,0.0379,0.0024,2026-08-04,297.58,302.38,297.22,301.71,714740.0,300.744723
2026-08-04T20:35:06.670,7,7,IWM260811C00315000,IWM,2026-08-11,call,315.0,0.12,89.0,0.13,5.0,0.125,0.11,10.0,0.1731,0.0427,0.0126,-0.0483,0.038,0.0025,2026-08-04,297.58,302.38,297.22,301.71,714740.0,300.744723
2026-08-04T20:35:06.670,7,7,IWM260811C00316000,IWM,2026-08-11,call,316.0,0.1,86.0,0.11,4.0,0.10500000000000001,,,0.1779,0.0358,0.0106,-0.043,0.033,0.0021,2026-08-04,297.58,302.38,297.22,301.71,714740.0,300.744723
2026-08-04T20:35:06.670,7,7,IWM260811C00317000,IWM,2026-08-11,call,317.0,0.08,89.0,0.1,85.0,0.09,0.1,20.0,0.1832,0.0305,0.009,-0.0387,0.0289,0.0018,2026-08-04,297.58,302.38,297.22,301.71,714740.0,300.744723
2026-08-04T20:35:06.670,7,7,IWM260811C00318000,IWM,2026-08-11,call,318.0,0.03,96.0,0.05,98.0,0.04,0.07,2.0,0.1705,0.0158,0.0056,-0.0207,0.0166,0.0009,2026-08-04,297.58,302.38,297.22,301.71,714740.0,300.744723
2026-08-04T20:35:06.670,7,7,IWM260811C00319000,IWM,2026-08-11,call,319.0,0.02,125.0,0.04,101.0,0.03,0.07,20.0,0.1725,0.0121,0.0044,-0.0166,0.0132,0.0007,2026-08-04,297.58,302.38,297.22,301.71,714740.0,300.744723
2026-08-04T20:35:06.670,7,7,IWM260811C00320000,IWM,2026-08-11,call,320.0,0.06,14.0,0.07,10.0,0.065,0.06,91.0,0.202,0.021,0.006,-0.0311,0.0211,0.0012,2026-08-04,297.58,302.38,297.22,301.71,714740.0,300.744723
2026-08-04T20:35:06.670,7,7,IWM260811C00321000,IWM,2026-08-11,call,321.0,0.01,34.0,0.07,19.0,0.04,,,0.197,0.0139,0.0043,-0.0213,0.0149,0.0008,2026-08-04,297.58,302.38,297.22,301.71,714740.0,300.744723
2026-08-04T20:35:06.670,7,7,IWM260811C00322000,IWM,2026-08-11,call,322.0,0.05,107.0,0.06,12.0,0.055,0.06,30.0,0.2151,0.0171,0.0047,-0.0278,0.0178,0.001,2026-08-04,297.58,302.38,297.22,301.71,714740.0,300.744723
2026-08-04T20:35:06.670,7,7,IWM260811C00323000,IWM,2026-08-11,call,323.0,0.01,128.0,0.02,109.0,0.015,,,0.1901,0.0059,0.0021,-0.0097,0.007,0.0003,2026-08-04,297.58,302.38,297.22,301.71,714740.0,300.744723
2026-08-04T20:35:06.670,7,7,IWM260811C00324000,IWM,2026-08-11,call,324.0,0.04,15.0,0.06,10.0,0.05,,,0.2297,0.0148,0.0039,-0.0262,0.0157,0.0009,2026-08-04,297.58,302.38,297.22,301.71,714740.0,300.744723
2026-08-04T20:35:06.670,7,7,IWM260811C00325000,IWM,2026-08-11,call,325.0,0.04,111.0,0.05,5.0,0.045,,,0.235,0.0132,0.0035,-0.0243,0.0142,0.0008,2026-08-04,297.58,302.38,297.22,301.71,714740.0,300.744723
2026-08-04T20:35:06.670,7,7,IWM260811C00330000,IWM,2026-08-11,call,330.0,0.01,114.0,0.05,19.0,0.030000000000000002,,,0.2633,0.0083,0.0021,-0.018,0.0095,0.0005,2026-08-04,297.58,302.38,297.22,301.71,714740.0,300.744723
2026-08-04T20:35:06.670,7,7,IWM260811C00340000,IWM,2026-08-11,call,340.0,0.0,0.0,0.04,114.0,0.02,,,,,,,,,2026-08-04,297.58,302.38,297.22,301.71,714740.0,300.744723
2026-08-04T20:35:06.670,7,7,IWM260811C00350000,IWM,2026-08-11,call,350.0,0.0,0.0,0.03,110.0,0.015,,,,,,,,,2026-08-04,297.58,302.38,297.22,301.71,714740.0,300.744723
2026-08-04T20:35:06.670,7,7,IWM260811P00180000,IWM,2026-08-11,put,180.0,0.0,0.0,0.01,12.0,0.005,,,,,,,,,2026-08-04,297.58,302.38,297.22,301.71,714740.0,300.744723
2026-08-04T20:35:06.670,7,7,IWM260811P00190000,IWM,2026-08-11,put,190.0,0.0,0.0,0.01,19.0,0.005,,,,,,,,,2026-08-04,297.58,302.38,297.22,301.71,714740.0,300.744723
2026-08-04T20:35:06.670,7,7,IWM260811P00200000,IWM,2026-08-11,put,200.0,0.0,0.0,0.03,19.0,0.015,,,,,,,,,2026-08-04,297.58,302.38,297.22,301.71,714740.0,300.744723
2026-08-04T20:35:06.670,7,7,IWM260811P00205000,IWM,2026-08-11,put,205.0,0.0,0.0,0.01,31.0,0.005,,,,,,,,,2026-08-04,297.58,302.38,297.22,301.71,714740.0,300.744723
2026-08-04T20:35:06.670,7,7,IWM260811P00210000,IWM,2026-08-11,put,210.0,0.0,0.0,0.03,125.0,0.015,,,,,,,,,2026-08-04,297.58,302.38,297.22,301.71,714740.0,300.744723
2026-08-04T20:35:06.670,7,7,IWM260811P00215000,IWM,2026-08-11,put,215.0,0.0,0.0,0.03,116.0,0.015,,,,,,,,,2026-08-04,297.58,302.38,297.22,301.71,714740.0,300.744723
2026-08-04T20:35:06.670,7,7,IWM260811P00220000,IWM,2026-08-11,put,220.0,0.0,0.0,0.03,17.0,0.015,,,,,,,,,2026-08-04,297.58,302.38,297.22,301.71,714740.0,300.744723
2026-08-04T20:35:06.670,7,7,IWM260811P00225000,IWM,2026-08-11,put,225.0,0.0,0.0,0.01,12.0,0.005,,,,,,,,,2026-08-04,297.58,302.38,297.22,301.71,714740.0,300.744723
2026-08-04T20:35:06.670,7,7,IWM260811P00230000,IWM,2026-08-11,put,230.0,0.0,0.0,0.01,17.0,0.005,,,,,,,,,2026-08-04,297.58,302.38,297.22,301.71,714740.0,300.744723
2026-08-04T20:35:06.670,7,7,IWM260811P00235000,IWM,2026-08-11,put,235.0,0.0,0.0,0.03,16.0,0.015,0.05,1.0,,,,,,,2026-08-04,297.58,302.38,297.22,301.71,714740.0,300.744723
2026-08-04T20:35:06.670,7,7,IWM260811P00240000,IWM,2026-08-11,put,240.0,0.0,0.0,0.03,116.0,0.015,0.07,8.0,,,,,,,2026-08-04,297.58,302.38,297.22,301.71,714740.0,300.744723
2026-08-04T20:35:06.670,7,7,IWM260811P00245000,IWM,2026-08-11,put,245.0,0.0,0.0,0.01,114.0,0.005,0.1,64.0,,,,,,,2026-08-04,297.58,302.38,297.22,301.71,714740.0,300.744723
2026-08-04T20:35:06.670,7,7,IWM260811P00250000,IWM,2026-08-11,put,250.0,0.0,0.0,0.01,17.0,0.005,0.18,1.0,,,,,,,2026-08-04,297.58,302.38,297.22,301.71,714740.0,300.744723
2026-08-04T20:35:06.670,7,7,IWM260811P00255000,IWM,2026-08-11,put,255.0,0.0,0.0,0.04,114.0,0.02,0.03,2.0,,,,,,,2026-08-04,297.58,302.38,297.22,301.71,714740.0,300.744723
2026-08-04T20:35:06.670,7,7,IWM260811P00257500,IWM,2026-08-11,put,257.5,0.01,104.0,0.02,10.0,0.015,0.21,5.0,0.4214,-0.0028,0.0005,-0.0107,0.0036,-0.0002,2026-08-04,297.58,302.38,297.22,301.71,714740.0,300.744723
2026-08-04T20:35:06.670,7,7,IWM260811P00260000,IWM,2026-08-11,put,260.0,0.01,117.0,0.02,16.0,0.015,,,0.3983,-0.0029,0.0005,-0.0106,0.0038,-0.0002,2026-08-04,297.58,302.38,297.22,301.71,714740.0,300.744723
2026-08-04T20:35:06.670,7,7,IWM260811P00261000,IWM,2026-08-11,put,261.0,0.01,104.0,0.05,33.0,0.030000000000000002,,,0.4188,-0.0053,0.0009,-0.0189,0.0064,-0.0003,2026-08-04,297.58,302.38,297.22,301.71,714740.0,300.744723
2026-08-04T20:35:06.670,7,7,IWM260811P00262000,IWM,2026-08-11,put,262.0,0.03,104.0,0.05,32.0,0.04,,,0.4228,-0.0068,0.0011,-0.0238,0.008,-0.0004,2026-08-04,297.58,302.38,297.22,301.71,714740.0,300.744723
2026-08-04T20:35:06.670,7,7,IWM260811P00263000,IWM,2026-08-11,put,263.0,0.01,114.0,0.03,115.0,0.02,0.07,6.0,0.3818,-0.004,0.0007,-0.0133,0.0049,-0.0002,2026-08-04,297.58,302.38,297.22,301.71,714740.0,300.744723
2026-08-04T20:35:06.670,7,7,IWM260811P00264000,IWM,2026-08-11,put,264.0,0.01,114.0,0.05,25.0,0.030000000000000002,,,0.3894,-0.0057,0.001,-0.0186,0.0068,-0.0003,2026-08-04,297.58,302.38,297.22,301.71,714740.0,300.744723
2026-08-04T20:35:06.670,7,7,IWM260811P00265000,IWM,2026-08-11,put,265.0,0.01,10.0,0.02,106.0,0.015,0.08,52.0,0.3523,-0.0033,0.0007,-0.0104,0.0042,-0.0002,2026-08-04,297.58,302.38,297.22,301.71,714740.0,300.744723
2026-08-04T20:35:06.670,7,7,IWM260811P00266000,IWM,2026-08-11,put,266.0,0.04,14.0,0.06,32.0,0.05,,,0.3934,-0.0089,0.0015,-0.0281,0.0101,-0.0005,2026-08-04,297.58,302.38,297.22,301.71,714740.0,300.744723
2026-08-04T20:35:06.670,7,7,IWM260811P00267000,IWM,2026-08-11,put,267.0,0.04,123.0,0.06,124.0,0.05,,,0.3832,-0.0091,0.0015,-0.0279,0.0103,-0.0005,2026-08-04,297.58,302.38,297.22,301.71,714740.0,300.744723
2026-08-04T20:35:06.670,7,7,IWM260811P00268000,IWM,2026-08-11,put,268.0,0.05,17.0,0.06,23.0,0.055,0.1,2.0,0.3776,-0.0101,0.0017,-0.03,0.0112,-0.0006,2026-08-04,297.58,302.38,297.22,301.71,714740.0,300.744723
2026-08-04T20:35:06.670,7,7,IWM260811P00269000,IWM,2026-08-11,put,269.0,0.01,22.0,0.03,19.0,0.02,0.3,4.0,0.3256,-0.0046,0.001,-0.013,0.0056,-0.0003,2026-08-04,297.58,302.38,297.22,301.71,714740.0,300.744723
2026-08-04T20:35:06.670,7,7,IWM260811P00270000,IWM,2026-08-11,put,270.0,0.01,24.0,0.07,29.0,0.04,0.07,3.0,0.3428,-0.0083,0.0016,-0.0229,0.0094,-0.0005,2026-08-04,297.58,302.38,297.22,301.71,714740.0,300.744723
2026-08-04T20:35:06.670,7,7,IWM260811P00271000,IWM,2026-08-11,put,271.0,0.02,17.0,0.07,22.0,0.045000000000000005,0.41,1.0,0.3378,-0.0093,0.0018,-0.025,0.0105,-0.0005,2026-08-04,297.58,302.38,297.22,301.71,714740.0,300.744723
2026-08-04T20:35:06.670,7,7,IWM260811P00272000,IWM,2026-08-11,put,272.0,0.02,48.0,0.08,104.0,0.05,0.06,10.0,0.3322,-0.0104,0.002,-0.0271,0.0116,-0.0006,2026-08-04,297.58,302.38,297.22,301.71,714740.0,300.744723
2026-08-04T20:35:06.670,7,7,IWM260811P00273000,IWM,2026-08-11,put,273.0,0.03,58.0,0.08,11.0,0.055,0.07,1.0,0.3261,-0.0115,0.0022,-0.0291,0.0126,-0.0007,2026-08-04,297.58,302.38,297.22,301.71,714740.0,300.744723
2026-08-04T20:35:06.670,7,7,IWM260811P00274000,IWM,2026-08-11,put,274.0,0.07,31.0,0.09,23.0,0.08,0.05,1.0,0.3328,-0.0159,0.0029,-0.039,0.0166,-0.0009,2026-08-04,297.58,302.38,297.22,301.71,714740.0,300.744723
2026-08-04T20:35:06.670,7,7,IWM260811P00275000,IWM,2026-08-11,put,275.0,0.04,154.0,0.06,172.0,0.05,0.05,1.0,0.3017,-0.0114,0.0024,-0.0265,0.0125,-0.0007,2026-08-04,297.58,302.38,297.22,301.71,714740.0,300.744723
2026-08-04T20:35:06.670,7,7,IWM260811P00276000,IWM,2026-08-11,put,276.0,0.09,17.0,0.1,33.0,0.095,0.08,1.0,0.3195,-0.0192,0.0035,-0.044,0.0195,-0.0011,2026-08-04,297.58,302.38,297.22,301.71,714740.0,300.744723
2026-08-04T20:35:06.670,7,7,IWM260811P00277000,IWM,2026-08-11,put,277.0,0.09,29.0,0.11,40.0,0.1,0.08,2.0,0.3111,-0.0206,0.0038,-0.0454,0.0207,-0.0012,2026-08-04,297.58,302.38,297.22,301.71,714740.0,300.744723
2026-08-04T20:35:06.670,7,7,IWM260811P00278000,IWM,2026-08-11,put,278.0,0.06,99.0,0.08,99.0,0.07,0.16,1.0,0.2844,-0.0162,0.0034,-0.0339,0.0169,-0.001,2026-08-04,297.58,302.38,297.22,301.71,714740.0,300.744723
2026-08-04T20:35:06.670,7,7,IWM260811P00279000,IWM,2026-08-11,put,279.0,0.07,81.0,0.09,43.0,0.08,0.1,1.0,0.2793,-0.0186,0.0039,-0.0374,0.019,-0.0011,2026-08-04,297.58,302.38,297.22,301.71,714740.0,300.744723
2026-08-04T20:35:06.670,7,7,IWM260811P00280000,IWM,2026-08-11,put,280.0,0.12,86.0,0.14,124.0,0.13,0.1,1.0,0.2903,-0.0276,0.0052,-0.0542,0.0265,-0.0016,2026-08-04,297.58,302.38,297.22,301.71,714740.0,300.744723
2026-08-04T20:35:06.670,7,7,IWM260811P00281000,IWM,2026-08-11,put,281.0,0.13,183.0,0.15,50.0,0.14,0.11,5.0,0.2824,-0.0302,0.0058,-0.0567,0.0286,-0.0018,2026-08-04,297.58,302.38,297.22,301.71,714740.0,300.744723
2026-08-04T20:35:06.670,7,7,IWM260811P00282000,IWM,2026-08-11,put,282.0,0.14,139.0,0.16,15.0,0.15000000000000002,0.11,2.0,0.2742,-0.0329,0.0064,-0.0591,0.0307,-0.0019,2026-08-04,297.58,302.38,297.22,301.71,714740.0,300.744723
2026-08-04T20:35:06.670,7,7,IWM260811P00283000,IWM,2026-08-11,put,283.0,0.16,146.0,0.18,133.0,0.16999999999999998,0.15,2.0,0.2687,-0.0374,0.0073,-0.0643,0.0341,-0.0022,2026-08-04,297.58,302.38,297.22,301.71,714740.0,300.744723
2026-08-04T20:35:06.670,7,7,IWM260811P00284000,IWM,2026-08-11,put,284.0,0.17,133.0,0.2,35.0,0.185,0.13,1.0,0.2609,-0.0413,0.0081,-0.0676,0.037,-0.0024,2026-08-04,297.58,302.38,297.22,301.71,714740.0,300.744723
2026-08-04T20:35:06.670,7,7,IWM260811P00285000,IWM,2026-08-11,put,285.0,0.2,21.0,0.22,89.0,0.21000000000000002,0.19,6.0,0.2552,-0.0469,0.0092,-0.0733,0.041,-0.0028,2026-08-04,297.58,302.38,297.22,301.71,714740.0,300.744723
2026-08-04T20:35:06.670,7,7,IWM260811P00286000,IWM,2026-08-11,put,286.0,0.18,80.0,0.24,40.0,0.21,0.21,2.0,0.2428,-0.049,0.01,-0.0721,0.0425,-0.0029,2026-08-04,297.58,302.38,297.22,301.71,714740.0,300.744723
2026-08-04T20:35:06.670,7,7,IWM260811P00287000,IWM,2026-08-11,put,287.0,0.24,153.0,0.28,36.0,0.26,0.24,10.0,0.2411,-0.0592,0.0117,-0.0831,0.0493,-0.0035,2026-08-04,297.58,302.38,297.22,301.71,714740.0,300.744723
2026-08-04T20:35:06.670,7,7,IWM260811P00288000,IWM,2026-08-11,put,288.0,0.23,212.0,0.31,67.0,0.27,0.26,8.0,0.2302,-0.0637,0.013,-0.0839,0.0522,-0.0037,2026-08-04,297.58,302.38,297.22,301.71,714740.0,300.744723
2026-08-04T20:35:06.670,7,7,IWM260811P00289000,IWM,2026-08-11,put,289.0,0.32,77.0,0.35,61.0,0.33499999999999996,0.3,10.0,0.2285,-0.0769,0.0151,-0.0962,0.0603,-0.0045,2026-08-04,297.58,302.38,297.22,301.71,714740.0,300.744723
2026-08-04T20:35:06.670,7,7,IWM260811P00290000,IWM,2026-08-11,put,290.0,0.37,92.0,0.41,52.0,0.39,0.35,1.0,0.2234,-0.0891,0.0172,-0.1048,0.0674,-0.0052,2026-08-04,297.58,302.38,297.22,301.71,714740.0,300.744723
2026-08-04T20:35:06.670,7,7,IWM260811P00291000,IWM,2026-08-11,put,291.0,0.39,43.0,0.43,67.0,0.41000000000000003,0.4,8.0,0.2122,-0.097,0.0193,-0.1058,0.0718,-0.0057,2026-08-04,297.58,302.38,297.22,301.71,714740.0,300.744723
2026-08-04T20:35:06.670,7,7,IWM260811P00292000,IWM,2026-08-11,put,292.0,0.46,68.0,0.5,53.0,0.48,0.47,2.0,0.2069,-0.1129,0.0221,-0.1149,0.0801,-0.0066,2026-08-04,297.58,302.38,297.22,301.71,714740.0,300.744723
2026-08-04T20:35:06.670,7,7,IWM260811P00293000,IWM,2026-08-11,put,293.0,0.54,152.0,0.6,88.0,0.5700000000000001,0.57,3.0,0.2024,-0.1323,0.0253,-0.1254,0.0895,-0.0078,2026-08-04,297.58,302.38,297.22,301.71,714740.0,300.744723
2026-08-04T20:35:06.670,7,7,IWM260811P00294000,IWM,2026-08-11,put,294.0,0.65,26.0,0.76,19.0,0.7050000000000001,0.68,2.0,0.2007,-0.1581,0.0288,-0.1399,0.1009,-0.0093,2026-08-04,297.58,302.38,297.22,301.71,714740.0,300.744723
2026-08-04T20:35:06.670,7,7,IWM260811P00295000,IWM,2026-08-11,put,295.0,0.82,135.0,0.89,50.0,0.855,0.77,30.0,0.198,-0.1862,0.0324,-0.1528,0.1121,-0.0109,2026-08-04,297.58,302.38,297.22,301.71,714740.0,300.744723
2026-08-04T20:35:06.670,7,7,IWM260811P00296000,IWM,2026-08-11,put,296.0,0.98,55.0,1.01,11.0,0.995,0.92,1.0,0.1923,-0.2145,0.0363,-0.161,0.122,-0.0126,2026-08-04,297.58,302.38,297.22,301.71,714740.0,300.744723
2026-08-04T20:35:06.670,7,7,IWM260811P00297000,IWM,2026-08-11,put,297.0,1.14,51.0,1.22,32.0,1.18,1.11,1.0,0.188,-0.2487,0.0403,-0.1703,0.1325,-0.0146,2026-08-04,297.58,302.38,297.22,301.71,714740.0,300.744723
2026-08-04T20:35:06.670,7,7,IWM260811P00298000,IWM,2026-08-11,put,298.0,1.37,24.0,1.45,17.0,1.4100000000000001,1.35,1.0,0.1846,-0.2881,0.0442,-0.1793,0.1427,-0.017,2026-08-04,297.58,302.38,297.22,301.71,714740.0,300.744723
2026-08-04T20:35:06.670,7,7,IWM260811P00299000,IWM,2026-08-11,put,299.0,1.69,34.0,1.74,26.0,1.7149999999999999,1.61,20.0,0.1837,-0.3335,0.0473,-0.1893,0.1521,-0.0196,2026-08-04,297.58,302.38,297.22,301.71,714740.0,300.744723
2026-08-04T20:35:06.670,7,7,IWM260811P00300000,IWM,2026-08-11,put,300.0,2.0,3.0,2.04,16.0,2.02,1.94,1.0,0.1798,-0.3802,0.0507,-0.1928,0.1593,-0.0224,2026-08-04,297.58,302.38,297.22,301.71,714740.0,300.744723
2026-08-04T20:35:06.670,7,7,IWM260811P00301000,IWM,2026-08-11,put,301.0,2.39,3.0,2.42,2.0,2.4050000000000002,2.29,10.0,0.1779,-0.4314,0.0528,-0.1956,0.1644,-0.0254,2026-08-04,297.58,302.38,297.22,301.71,714740.0,300.744723
2026-08-04T20:35:06.670,7,7,IWM260811P00302000,IWM,2026-08-11,put,302.0,2.85,12.0,2.9,6.0,2.875,2.74,3.0,0.1781,-0.4848,0.0535,-0.1971,0.1667,-0.0286,2026-08-04,297.58,302.38,297.22,301.71,714740.0,300.744723
2026-08-04T20:35:06.670,7,7,IWM260811P00303000,IWM,2026-08-11,put,303.0,3.26,13.0,3.46,14.0,3.36,3.09,1.0,0.1759,-0.5388,0.054,-0.192,0.166,-0.0318,2026-08-04,297.58,302.38,297.22,301.71,714740.0,300.744723
2026-08-04T20:35:06.670,7,7,IWM260811P00304000,IWM,2026-08-11,put,304.0,3.9,6.0,4.09,3.0,3.995,3.77,2.0,0.1796,-0.5899,0.0518,-0.1903,0.1626,-0.0349,2026-08-04,297.58,302.38,297.22,301.71,714740.0,300.744723
2026-08-04T20:35:06.670,7,7,IWM260811P00305000,IWM,2026-08-11,put,305.0,4.43,10.0,4.65,7.0,4.54,4.24,4.0,0.1745,-0.6445,0.051,-0.1742,0.1558,-0.0382,2026-08-04,297.58,302.38,297.22,301.71,714740.0,300.744723
2026-08-04T20:35:06.670,7,7,IWM260811P00306000,IWM,2026-08-11,put,306.0,5.26,10.0,5.58,2.0,5.42,5.05,3.0,0.1882,-0.6799,0.0454,-0.1799,0.1496,-0.0404,2026-08-04,297.58,302.38,297.22,301.71,714740.0,300.744723
2026-08-04T20:35:06.670,7,7,IWM260811P00307000,IWM,2026-08-11,put,307.0,5.8,2.0,6.26,10.0,6.029999999999999,7.41,2.0,0.181,-0.7315,0.0436,-0.1555,0.1379,-0.0435,2026-08-04,297.58,302.38,297.22,301.71,714740.0,300.744723
2026-08-04T20:35:06.670,7,7,IWM260811P00308000,IWM,2026-08-11,put,308.0,6.63,2.0,7.19,2.0,6.91,,,0.1904,-0.7608,0.039,-0.1527,0.1298,-0.0454,2026-08-04,297.58,302.38,297.22,301.71,714740.0,300.744723
2026-08-04T20:35:06.670,7,7,IWM260811P00309000,IWM,2026-08-11,put,309.0,7.49,2.0,7.76,10.0,7.625,,,0.1842,-0.8052,0.0358,-0.1265,0.1152,-0.0481,2026-08-04,297.58,302.38,297.22,301.71,714740.0,300.744723
2026-08-04T20:35:06.670,7,7,IWM260811P00310000,IWM,2026-08-11,put,310.0,8.31,2.0,8.61,10.0,8.46,8.4,3.0,0.1849,-0.8373,0.0318,-0.1097,0.1029,-0.0501,2026-08-04,297.58,302.38,297.22,301.71,714740.0,300.744723
2026-08-04T20:35:06.670,7,7,IWM260811P00311000,IWM,2026-08-11,put,311.0,9.38,2.0,9.66,10.0,9.52,9.24,1.0,0.206,-0.8396,0.0283,-0.1236,0.1019,-0.0505,2026-08-04,297.58,302.38,297.22,301.71,714740.0,300.744723
2026-08-04T20:35:06.670,7,7,IWM260811P00312000,IWM,2026-08-11,put,312.0,10.31,2.0,10.64,10.0,10.475000000000001,,,0.2163,-0.8535,0.0254,-0.1214,0.096,-0.0514,2026-08-04,297.58,302.38,297.22,301.71,714740.0,300.744723
2026-08-04T20:35:06.670,7,7,IWM260811P00313000,IWM,2026-08-11,put,313.0,11.17,2.0,11.46,10.0,11.315000000000001,,,0.2126,-0.8808,0.0224,-0.0987,0.0833,-0.0532,2026-08-04,297.58,302.38,297.22,301.71,714740.0,300.744723
2026-08-04T20:35:06.670,7,7,IWM260811P00314000,IWM,2026-08-11,put,314.0,12.24,2.0,12.61,10.0,12.425,,,0.2393,-0.8729,0.0208,-0.1213,0.0871,-0.0529,2026-08-04,297.58,302.38,297.22,301.71,714740.0,300.744723
2026-08-04T20:35:06.670,7,7,IWM260811P00315000,IWM,2026-08-11,put,315.0,12.99,10.0,13.81,2.0,13.4,,,0.2501,-0.8812,0.019,-0.1203,0.083,-0.0536,2026-08-04,297.58,302.38,297.22,301.71,714740.0,300.744723
2026-08-04T20:35:06.670,7,7,IWM260811P00316000,IWM,2026-08-11,put,316.0,14.34,2.0,14.43,10.0,14.385,,,0.2617,-0.8878,0.0174,-0.1208,0.0798,-0.0542,2026-08-04,297.58,302.38,297.22,301.71,714740.0,300.744723
2026-08-04T20:35:06.670,7,7,IWM260811P00317000,IWM,2026-08-11,put,317.0,15.08,2.0,15.75,2.0,15.415,,,0.2787,-0.8888,0.0163,-0.1293,0.0793,-0.0544,2026-08-04,297.58,302.38,297.22,301.71,714740.0,300.744723
2026-08-04T20:35:06.670,7,7,IWM260811P00318000,IWM,2026-08-11,put,318.0,16.18,2.0,16.86,2.0,16.52,,,0.305,-0.8822,0.0155,-0.1515,0.0826,-0.0543,2026-08-04,297.58,302.38,297.22,301.71,714740.0,300.744723
2026-08-04T20:35:06.670,7,7,IWM260811P00319000,IWM,2026-08-11,put,319.0,16.93,2.0,17.49,2.0,17.21,,,0.2751,-0.9195,0.013,-0.0931,0.0624,-0.0566,2026-08-04,297.58,302.38,297.22,301.71,714740.0,300.744723
2026-08-04T20:35:06.670,7,7,IWM260811P00320000,IWM,2026-08-11,put,320.0,18.18,2.0,18.61,2.0,18.395,,,0.3148,-0.9018,0.0132,-0.1338,0.0725,-0.0558,2026-08-04,297.58,302.38,297.22,301.71,714740.0,300.744723
2026-08-04T20:35:06.670,7,7,IWM260811P00321000,IWM,2026-08-11,put,321.0,19.37,2.0,19.52,2.0,19.445,,,0.3343,-0.8999,0.0126,-0.1462,0.0734,-0.0558,2026-08-04,297.58,302.38,297.22,301.71,714740.0,300.744723
2026-08-04T20:35:06.670,7,7,IWM260811P00322000,IWM,2026-08-11,put,322.0,20.24,2.0,20.48,2.0,20.36,,,0.3347,-0.911,0.0115,-0.1314,0.0674,-0.0567,2026-08-04,297.58,302.38,297.22,301.71,714740.0,300.744723
2026-08-04T20:35:06.670,7,7,IWM260811P00323000,IWM,2026-08-11,put,323.0,20.76,2.0,21.87,2.0,21.315,,,0.3399,-0.9179,0.0107,-0.124,0.0634,-0.0572,2026-08-04,297.58,302.38,297.22,301.71,714740.0,300.744723
2026-08-04T20:35:06.670,7,7,IWM260811P00324000,IWM,2026-08-11,put,324.0,22.47,2.0,22.93,2.0,22.7,,,0.4058,-0.8872,0.0113,-0.2029,0.08,-0.0557,2026-08-04,297.58,302.38,297.22,301.71,714740.0,300.744723
2026-08-04T20:35:06.670,7,7,IWM260811P00325000,IWM,2026-08-11,put,325.0,23.0,2.0,23.85,2.0,23.425,,,0.3808,-0.912,0.01,-0.1516,0.0668,-0.0573,2026-08-04,297.58,302.38,297.22,301.71,714740.0,300.744723
2026-08-04T20:35:06.670,7,7,IWM260811P00330000,IWM,2026-08-11,put,330.0,28.61,2.0,29.07,2.0,28.84,,,0.4993,-0.8922,0.0089,-0.2465,0.0775,-0.0572,2026-08-04,297.58,302.38,297.22,301.71,714740.0,300.744723
2026-08-04T20:35:06.670,7,7,IWM260811P00340000,IWM,2026-08-11,put,340.0,38.27,2.0,38.41,2.0,38.34,,,0.5341,-0.9403,0.0053,-0.1571,0.0497,-0.0618,2026-08-04,297.58,302.38,297.22,301.71,714740.0,300.744723
2026-08-04T20:35:06.670,7,7,IWM260811P00350000,IWM,2026-08-11,put,350.0,49.0,2.0,49.44,2.0,49.22,,,0.7857,-0.9024,0.0052,-0.3724,0.0721,-0.0617,2026-08-04,297.58,302.38,297.22,301.71,714740.0,300.744723
2026-08-04T20:35:06.670,7,8,IWM260812C00180000,IWM,2026-08-12,call,180.0,121.7,2.0,122.14,2.0,121.92,,,,,,,,,2026-08-04,297.58,302.38,297.22,301.71,714740.0,300.744723
2026-08-04T20:35:06.670,7,8,IWM260812C00190000,IWM,2026-08-12,call,190.0,109.51,2.0,110.15,2.0,109.83000000000001,,,,,,,,,2026-08-04,297.58,302.38,297.22,301.71,714740.0,300.744723
2026-08-04T20:35:06.670,7,8,IWM260812C00200000,IWM,2026-08-12,call,200.0,99.53,2.0,103.02,2.0,101.275,,,,,,,,,2026-08-04,297.58,302.38,297.22,301.71,714740.0,300.744723
2026-08-04T20:35:06.670,7,8,IWM260812C00205000,IWM,2026-08-12,call,205.0,95.62,2.0,96.68,2.0,96.15,,,,,,,,,2026-08-04,297.58,302.38,297.22,301.71,714740.0,300.744723
2026-08-04T20:35:06.670,7,8,IWM260812C00210000,IWM,2026-08-12,call,210.0,91.25,2.0,91.71,2.0,91.47999999999999,,,,,,,,,2026-08-04,297.58,302.38,297.22,301.71,714740.0,300.744723
2026-08-04T20:35:06.670,7,8,IWM260812C00215000,IWM,2026-08-12,call,215.0,85.1,2.0,86.22,2.0,85.66,,,,,,,,,2026-08-04,297.58,302.38,297.22,301.71,714740.0,300.744723
2026-08-04T20:35:06.670,7,8,IWM260812C00220000,IWM,2026-08-12,call,220.0,83.05,2.0,83.48,2.0,83.265,,,,,,,,,2026-08-04,297.58,302.38,297.22,301.71,714740.0,300.744723
2026-08-04T20:35:06.670,7,8,IWM260812C00225000,IWM,2026-08-12,call,225.0,76.22,2.0,78.51,2.0,77.36500000000001,,,,,,,,,2026-08-04,297.58,302.38,297.22,301.71,714740.0,300.744723
2026-08-04T20:35:06.670,7,8,IWM260812C00230000,IWM,2026-08-12,call,230.0,71.15,2.0,71.19,2.0,71.17,,,,,,,,,2026-08-04,297.58,302.38,297.22,301.71,714740.0,300.744723
2026-08-04T20:35:06.670,7,8,IWM260812C00235000,IWM,2026-08-12,call,235.0,66.8,2.0,68.1,2.0,67.44999999999999,,,0.8486,0.9806,0.0012,-0.135,0.0211,0.0501,2026-08-04,297.58,302.38,297.22,301.71,714740.0,300.744723
2026-08-04T20:35:06.670,7,8,IWM260812C00240000,IWM,2026-08-12,call,240.0,61.93,2.0,62.67,2.0,62.3,,,0.7006,0.9885,0.001,-0.0824,0.0134,0.0518,2026-08-04,297.58,302.38,297.22,301.71,714740.0,300.744723
2026-08-04T20:35:06.670,7,8,IWM260812C00245000,IWM,2026-08-12,call,245.0,57.51,2.0,58.02,2.0,57.765,53.59,1.0,0.8275,0.962,0.0022,-0.2143,0.0369,0.051,2026-08-04,297.58,302.38,297.22,301.71,714740.0,300.744723
2026-08-04T20:35:06.670,7,8,IWM260812C00250000,IWM,2026-08-12,call,250.0,51.69,2.0,52.63,2.0,52.16,,,,,,,,,2026-08-04,297.58,302.38,297.22,301.71,714740.0,300.744723
2026-08-04T20:35:06.670,7,8,IWM260812C00255000,IWM,2026-08-12,call,255.0,47.44,2.0,47.98,2.0,47.709999999999994,,,0.68,0.9589,0.0029,-0.1916,0.0394,0.053,2026-08-04,297.58,302.38,297.22,301.71,714740.0,300.744723
2026-08-04T20:35:06.670,7,8,IWM260812C00257500,IWM,2026-08-12,call,257.5,44.19,2.0,44.75,2.0,44.47,,,,,,,,,2026-08-04,297.58,302.38,297.22,301.71,714740.0,300.744723
2026-08-04T20:35:06.670,7,8,IWM260812C00260000,IWM,2026-08-12,call,260.0,41.72,2.0,41.77,2.0,41.745000000000005,,,,,,,,,2026-08-04,297.58,302.38,297.22,301.71,714740.0,300.744723
2026-08-04T20:35:06.670,7,8,IWM260812C00261000,IWM,2026-08-12,call,261.0,39.9,2.0,41.3,2.0,40.599999999999994,,,,,,,,,2026-08-04,297.58,302.38,297.22,301.71,714740.0,300.744723
2026-08-04T20:35:06.670,7,8,IWM260812C00262000,IWM,2026-08-12,call,262.0,39.2,2.0,39.91,2.0,39.555,,,,,,,,,2026-08-04,297.58,302.38,297.22,301.71,714740.0,300.744723
2026-08-04T20:35:06.670,7,8,IWM260812C00262500,IWM,2026-08-12,call,262.5,38.61,2.0,39.57,2.0,39.09,,,,,,,,,2026-08-04,297.58,302.38,297.22,301.71,714740.0,300.744723
2026-08-04T20:35:06.670,7,8,IWM260812C00263000,IWM,2026-08-12,call,263.0,38.7,2.0,38.77,2.0,38.735,,,,,,,,,2026-08-04,297.58,302.38,297.22,301.71,714740.0,300.744723
2026-08-04T20:35:06.670,7,8,IWM260812C00264000,IWM,2026-08-12,call,264.0,38.05,2.0,38.37,2.0,38.209999999999994,,,0.3458,0.9962,0.0007,-0.0373,0.0051,0.0576,2026-08-04,297.58,302.38,297.22,301.71,714740.0,300.744723
2026-08-04T20:35:06.670,7,8,IWM260812C00265000,IWM,2026-08-12,call,265.0,37.18,2.0,37.66,2.0,37.42,,,0.4714,0.9725,0.003,-0.1092,0.0283,0.0562,2026-08-04,297.58,302.38,297.22,301.71,714740.0,300.744723
2026-08-04T20:35:06.670,7,8,IWM260812C00266000,IWM,2026-08-12,call,266.0,35.97,2.0,36.65,2.0,36.31,,,0.4136,0.9828,0.0023,-0.0753,0.019,0.0571,2026-08-04,297.58,302.38,297.22,301.71,714740.0,300.744723
2026-08-04T20:35:06.670,7,8,IWM260812C00267000,IWM,2026-08-12,call,267.0,34.13,2.0,35.75,2.0,34.94,,,,,,,,,2026-08-04,297.58,302.38,297.22,301.71,714740.0,300.744723
2026-08-04T20:35:06.670,7,8,IWM260812C00267500,IWM,2026-08-12,call,267.5,34.16,2.0,34.19,2.0,34.175,,,,,,,,,2026-08-04,297.58,302.38,297.22,301.71,714740.0,300.744723
2026-08-04T20:35:06.670,7,8,IWM260812C00268000,IWM,2026-08-12,call,268.0,34.19,2.0,34.21,2.0,34.2,,,0.2753,0.9985,0.0004,-0.0305,0.0022,0.0586,2026-08-04,297.58,302.38,297.22,301.71,714740.0,300.744723
2026-08-04T20:35:06.670,7,8,IWM260812C00269000,IWM,2026-08-12,call,269.0,33.11,2.0,33.54,2.0,33.325,,,0.3882,0.9801,0.0028,-0.0787,0.0216,0.0576,2026-08-04,297.58,302.38,297.22,301.71,714740.0,300.744723
2026-08-04T20:35:06.670,7,8,IWM260812C00270000,IWM,2026-08-12,call,270.0,31.85,2.0,32.33,2.0,32.09,,,,,,,,,2026-08-04,297.58,302.38,297.22,301.71,714740.0,300.744723
2026-08-04T20:35:06.670,7,8,IWM260812C00271000,IWM,2026-08-12,call,271.0,30.79,2.0,31.07,2.0,30.93,,,,,,,,,2026-08-04,297.58,302.38,297.22,301.71,714740.0,300.744723
2026-08-04T20:35:06.670,7,8,IWM260812C00272000,IWM,2026-08-12,call,272.0,29.3,2.0,29.51,2.0,29.405,,,,,,,,,2026-08-04,297.58,302.38,297.22,301.71,714740.0,300.744723
2026-08-04T20:35:06.670,7,8,IWM260812C00272500,IWM,2026-08-12,call,272.5,29.68,2.0,30.09,2.0,29.884999999999998,,,0.373,0.9714,0.0039,-0.0944,0.0292,0.0577,2026-08-04,297.58,302.38,297.22,301.71,714740.0,300.744723
2026-08-04T20:35:06.670,7,8,IWM260812C00273000,IWM,2026-08-12,call,273.0,28.29,2.0,28.84,2.0,28.564999999999998,,,,,,,,,2026-08-04,297.58,302.38,297.22,301.71,714740.0,300.744723
2026-08-04T20:35:06.670,7,8,IWM260812C00274000,IWM,2026-08-12,call,274.0,28.02,2.0,28.45,2.0,28.235,15.69,1.0,0.2795,0.9916,0.0018,-0.0451,0.0103,0.0594,2026-08-04,297.58,302.38,297.22,301.71,714740.0,300.744723
2026-08-04T20:35:06.670,7,8,IWM260812C00275000,IWM,2026-08-12,call,275.0,26.18,2.0,27.1,2.0,26.64,,,,,,,,,2026-08-04,297.58,302.38,297.22,301.71,714740.0,300.744723
2026-08-04T20:35:06.670,7,8,IWM260812C00276000,IWM,2026-08-12,call,276.0,25.79,2.0,26.21,2.0,26.0,,,,,,,,,2026-08-04,297.58,302.38,297.22,301.71,714740.0,300.744723
2026-08-04T20:35:06.670,7,8,IWM260812C00277000,IWM,2026-08-12,call,277.0,25.07,2.0,25.65,2.0,25.36,15.28,1.0,0.3138,0.9712,0.0047,-0.0845,0.0294,0.0587,2026-08-04,297.58,302.38,297.22,301.71,714740.0,300.744723
2026-08-04T20:35:06.670,7,8,IWM260812C00277500,IWM,2026-08-12,call,277.5,24.53,2.0,25.0,2.0,24.765,,,0.267,0.9853,0.0031,-0.055,0.0166,0.0598,2026-08-04,297.58,302.38,297.22,301.71,714740.0,300.744723
2026-08-04T20:35:06.670,7,8,IWM260812C00278000,IWM,2026-08-12,call,278.0,23.5,2.0,24.3,2.0,23.9,16.09,1.0,,,,,,,2026-08-04,297.58,302.38,297.22,301.71,714740.0,300.744723
2026-08-04T20:35:06.670,7,8,IWM260812C00279000,IWM,2026-08-12,call,279.0,22.84,2.0,23.36,2.0,23.1,,,,,,,,,2026-08-04,297.58,302.38,297.22,301.71,714740.0,300.744723
2026-08-04T20:35:06.670,7,8,IWM260812C00280000,IWM,2026-08-12,call,280.0,21.87,2.0,22.03,2.0,21.950000000000003,,,,,,,,,2026-08-04,297.58,302.38,297.22,301.71,714740.0,300.744723
2026-08-04T20:35:06.670,7,8,IWM260812C00281000,IWM,2026-08-12,call,281.0,21.1,2.0,21.53,2.0,21.315,13.07,1.0,0.2539,0.9747,0.0052,-0.0692,0.0264,0.0598,2026-08-04,297.58,302.38,297.22,301.71,714740.0,300.744723
2026-08-04T20:35:06.670,7,8,IWM260812C00282000,IWM,2026-08-12,call,282.0,19.88,2.0,20.27,2.0,20.075,,,,,,,,,2026-08-04,297.58,302.38,297.22,301.71,714740.0,300.744723
2026-08-04T20:35:06.670,7,8,IWM260812C00283000,IWM,2026-08-12,call,283.0,18.66,2.0,19.19,2.0,18.925,11.61,1.0,,,,,,,2026-08-04,297.58,302.38,297.22,301.71,714740.0,300.744723
2026-08-04T20:35:06.670,7,8,IWM260812C00284000,IWM,2026-08-12,call,284.0,17.97,4.0,18.0,2.0,17.985,10.32,1.0,,,,,,,2026-08-04,297.58,302.38,297.22,301.71,714740.0,300.744723
2026-08-04T20:35:06.670,7,8,IWM260812C00285000,IWM,2026-08-12,call,285.0,16.56,4.0,16.94,4.0,16.75,13.23,1.0,,,,,,,2026-08-04,297.58,302.38,297.22,301.71,714740.0,300.744723
2026-08-04T20:35:06.670,7,8,IWM260812C00286000,IWM,2026-08-12,call,286.0,15.61,2.0,16.35,2.0,15.98,8.83,1.0,,,,,,,2026-08-04,297.58,302.38,297.22,301.71,714740.0,300.744723
2026-08-04T20:35:06.670,7,8,IWM260812C00287000,IWM,2026-08-12,call,287.0,15.16,2.0,16.71,10.0,15.935,8.02,1.0,0.2926,0.8878,0.0146,-0.1812,0.0853,0.0553,2026-08-04,297.58,302.38,297.22,301.71,714740.0,300.744723
2026-08-04T20:35:06.670,7,8,IWM260812C00288000,IWM,2026-08-12,call,288.0,13.8,10.0,14.28,3.0,14.04,8.45,1.0,,,,,,,2026-08-04,297.58,302.38,297.22,301.71,714740.0,300.744723
2026-08-04T20:35:06.670,7,8,IWM260812C00289000,IWM,2026-08-12,call,289.0,13.03,3.0,13.34,4.0,13.184999999999999,11.39,1.0,,,,,,,2026-08-04,297.58,302.38,297.22,301.71,714740.0,300.744723
2026-08-04T20:35:06.670,7,8,IWM260812C00290000,IWM,2026-08-12,call,290.0,12.15,2.0,12.58,10.0,12.365,12.38,2.0,0.169,0.9518,0.0133,-0.0748,0.0448,0.0603,2026-08-04,297.58,302.38,297.22,301.71,714740.0,300.744723
2026-08-04T20:35:06.670,7,8,IWM260812C00291000,IWM,2026-08-12,call,291.0,11.0,2.0,11.31,2.0,11.155000000000001,10.64,10.0,,,,,,,2026-08-04,297.58,302.38,297.22,301.71,714740.0,300.744723
2026-08-04T20:35:06.670,7,8,IWM260812C00292000,IWM,2026-08-12,call,292.0,10.09,5.0,10.73,1.0,10.41,5.73,1.0,0.1543,0.9354,0.0183,-0.0817,0.0564,0.0596,2026-08-04,297.58,302.38,297.22,301.71,714740.0,300.744723
2026-08-04T20:35:06.670,7,8,IWM260812C00293000,IWM,2026-08-12,call,293.0,9.21,2.0,9.73,10.0,9.47,9.66,8.0,0.1516,0.918,0.0223,-0.091,0.0677,0.0587,2026-08-04,297.58,302.38,297.22,301.71,714740.0,300.744723
2026-08-04T20:35:06.670,7,8,IWM260812C00294000,IWM,2026-08-12,call,294.0,8.56,2.0,8.75,10.0,8.655000000000001,8.86,1.0,0.1616,0.878,0.028,-0.117,0.0905,0.0562,2026-08-04,297.58,302.38,297.22,301.71,714740.0,300.744723
2026-08-04T20:35:06.670,7,8,IWM260812C00295000,IWM,2026-08-12,call,295.0,7.69,6.0,8.0,13.0,7.845000000000001,8.26,50.0,0.1659,0.8406,0.0327,-0.1372,0.1085,0.0539,2026-08-04,297.58,302.38,297.22,301.71,714740.0,300.744723
2026-08-04T20:35:06.670,7,8,IWM260812C00296000,IWM,2026-08-12,call,296.0,6.94,12.0,7.06,1.0,7.0,7.34,2.0,0.1636,0.8082,0.0373,-0.1485,0.122,0.052,2026-08-04,297.58,302.38,297.22,301.71,714740.0,300.744723
2026-08-04T20:35:06.670,7,8,IWM260812C00297000,IWM,2026-08-12,call,297.0,6.21,11.0,6.26,15.0,6.234999999999999,6.62,1.0,0.1647,0.7664,0.0416,-0.1635,0.1369,0.0494,2026-08-04,297.58,302.38,297.22,301.71,714740.0,300.744723
2026-08-04T20:35:06.670,7,8,IWM260812C00298000,IWM,2026-08-12,call,298.0,5.46,6.0,5.58,7.0,5.52,5.83,2.0,0.1661,0.7205,0.0453,-0.1774,0.1504,0.0465,2026-08-04,297.58,302.38,297.22,301.71,714740.0,300.744723
2026-08-04T20:35:06.670,7,8,IWM260812C00299000,IWM,2026-08-12,call,299.0,4.79,9.0,4.99,28.0,4.890000000000001,5.18,2.0,0.1697,0.6697,0.0478,-0.1915,0.162,0.0433,2026-08-04,297.58,302.38,297.22,301.71,714740.0,300.744723
2026-08-04T20:35:06.670,7,8,IWM260812C00300000,IWM,2026-08-12,call,300.0,4.1,6.0,4.37,2.0,4.234999999999999,4.62,1.0,0.1685,0.6211,0.0505,-0.1975,0.1701,0.0402,2026-08-04,297.58,302.38,297.22,301.71,714740.0,300.744723
2026-08-04T20:35:06.670,7,8,IWM260812C00301000,IWM,2026-08-12,call,301.0,3.5,13.0,3.66,22.0,3.58,3.71,4.0,0.1646,0.5708,0.0534,-0.1974,0.1755,0.037,2026-08-04,297.58,302.38,297.22,301.71,714740.0,300.744723
2026-08-04T20:35:06.670,7,8,IWM260812C00302000,IWM,2026-08-12,call,302.0,2.98,49.0,3.06,11.0,3.02,3.16,1.0,0.1631,0.517,0.0547,-0.197,0.1782,0.0336,2026-08-04,297.58,302.38,297.22,301.71,714740.0,300.744723
2026-08-04T20:35:06.670,7,8,IWM260812C00302500,IWM,2026-08-12,call,302.5,2.75,33.0,2.81,12.0,2.7800000000000002,3.05,4.0,0.1635,0.4897,0.0546,-0.1967,0.1783,0.0318,2026-08-04,297.58,302.38,297.22,301.71,714740.0,300.744723
2026-08-04T20:35:06.670,7,8,IWM260812C00303000,IWM,2026-08-12,call,303.0,2.47,18.0,2.58,6.0,2.5250000000000004,2.68,2.0,0.1622,0.4621,0.0548,-0.1938,0.1776,0.03,2026-08-04,297.58,302.38,297.22,301.71,714740.0,300.744723
2026-08-04T20:35:06.670,7,8,IWM260812C00304000,IWM,2026-08-12,call,304.0,2.08,29.0,2.15,10.0,2.115,2.1,1.0,0.1631,0.4087,0.0533,-0.1892,0.1737,0.0266,2026-08-04,297.58,302.38,297.22,301.71,714740.0,300.744723
2026-08-04T20:35:06.670,7,8,IWM260812C00305000,IWM,2026-08-12,call,305.0,1.65,14.0,1.72,20.0,1.685,1.85,1.0,0.1597,0.3538,0.0521,-0.1764,0.1662,0.023,2026-08-04,297.58,302.38,297.22,301.71,714740.0,300.744723
2026-08-04T20:35:06.670,7,8,IWM260812C00306000,IWM,2026-08-12,call,306.0,1.33,56.0,1.44,46.0,1.385,1.61,1.0,0.161,0.3052,0.0487,-0.1667,0.1567,0.0199,2026-08-04,297.58,302.38,297.22,301.71,714740.0,300.744723
2026-08-04T20:35:06.670,7,8,IWM260812C00307000,IWM,2026-08-12,call,307.0,1.09,41.0,1.17,32.0,1.13,1.19,1.0,0.1622,0.2607,0.0448,-0.155,0.1452,0.017,2026-08-04,297.58,302.38,297.22,301.71,714740.0,300.744723
2026-08-04T20:35:06.670,7,8,IWM260812C00308000,IWM,2026-08-12,call,308.0,0.88,30.0,0.9,85.0,0.89,0.98,1.0,0.1616,0.2178,0.0407,-0.1395,0.1316,0.0142,2026-08-04,297.58,302.38,297.22,301.71,714740.0,300.744723
2026-08-04T20:35:06.670,7,8,IWM260812C00309000,IWM,2026-08-12,call,309.0,0.66,20.0,0.71,38.0,0.685,0.77,1.0,0.1605,0.1784,0.0364,-0.1223,0.1166,0.0117,2026-08-04,297.58,302.38,297.22,301.71,714740.0,300.744723
2026-08-04T20:35:06.670,7,8,IWM260812C00310000,IWM,2026-08-12,call,310.0,0.55,14.0,0.56,30.0,0.555,0.61,1.0,0.163,0.1489,0.0318,-0.1101,0.1037,0.0097,2026-08-04,297.58,302.38,297.22,301.71,714740.0,300.744723
2026-08-04T20:35:06.670,7,8,IWM260812C00311000,IWM,2026-08-12,call,311.0,0.39,72.0,0.48,69.0,0.435,0.5,1.0,0.164,0.1215,0.0275,-0.0961,0.0902,0.0079,2026-08-04,297.58,302.38,297.22,301.71,714740.0,300.744723
2026-08-04T20:35:06.670,7,8,IWM260812C00312000,IWM,2026-08-12,call,312.0,0.3,21.0,0.34,17.0,0.32,0.39,2.0,0.1626,0.0949,0.0232,-0.0796,0.0755,0.0062,2026-08-04,297.58,302.38,297.22,301.71,714740.0,300.744723
2026-08-04T20:35:06.670,7,8,IWM260812C00313000,IWM,2026-08-12,call,313.0,0.23,53.0,0.31,1.0,0.27,0.2,1.0,0.1673,0.0804,0.0199,-0.0721,0.0667,0.0053,2026-08-04,297.58,302.38,297.22,301.71,714740.0,300.744723
2026-08-04T20:35:06.670,7,8,IWM260812C00314000,IWM,2026-08-12,call,314.0,0.22,86.0,0.25,1.0,0.235,0.15,1.0,0.173,0.0695,0.0173,-0.0666,0.0597,0.0045,2026-08-04,297.58,302.38,297.22,301.71,714740.0,300.744723
2026-08-04T20:35:06.670,7,8,IWM260812C00315000,IWM,2026-08-12,call,315.0,0.14,10.0,0.17,64.0,0.15500000000000003,0.21,3.0,0.1685,0.0497,0.0136,-0.0498,0.0459,0.0033,2026-08-04,297.58,302.38,297.22,301.71,714740.0,300.744723
2026-08-04T20:35:06.670,7,8,IWM260812C00316000,IWM,2026-08-12,call,316.0,0.1,15.0,0.17,4.0,0.135,0.16,1.0,0.174,0.0429,0.0117,-0.0457,0.0408,0.0028,2026-08-04,297.58,302.38,297.22,301.71,714740.0,300.744723
2026-08-04T20:35:06.670,7,8,IWM260812C00317000,IWM,2026-08-12,call,317.0,0.12,28.0,0.14,6.0,0.13,0.11,1.0,0.1826,0.0399,0.0105,-0.045,0.0384,0.0026,2026-08-04,297.58,302.38,297.22,301.71,714740.0,300.744723
2026-08-04T20:35:06.670,7,8,IWM260812C00318000,IWM,2026-08-12,call,318.0,0.1,20.0,0.12,3.0,0.11,,,0.1867,0.0338,0.009,-0.0402,0.0336,0.0022,2026-08-04,297.58,302.38,297.22,301.71,714740.0,300.744723
2026-08-04T20:35:06.670,7,8,IWM260812C00319000,IWM,2026-08-12,call,319.0,0.09,39.0,0.11,10.0,0.1,0.05,1.0,0.1929,0.0302,0.0079,-0.0378,0.0306,0.002,2026-08-04,297.58,302.38,297.22,301.71,714740.0,300.744723
2026-08-04T20:35:06.670,7,8,IWM260812C00320000,IWM,2026-08-12,call,320.0,0.04,98.0,0.09,4.0,0.065,0.05,1.0,0.1887,0.0211,0.006,-0.0273,0.0226,0.0014,2026-08-04,297.58,302.38,297.22,301.71,714740.0,300.744723
2026-08-04T20:35:06.670,7,8,IWM260812C00321000,IWM,2026-08-12,call,321.0,0.03,30.0,0.04,7.0,0.035,,,0.1808,0.0126,0.004,-0.0168,0.0145,0.0008,2026-08-04,297.58,302.38,297.22,301.71,714740.0,300.744723
2026-08-04T20:35:06.670,7,8,IWM260812C00322000,IWM,2026-08-12,call,322.0,0.06,18.0,0.08,10.0,0.07,,,0.2082,0.0206,0.0053,-0.0295,0.0222,0.0013,2026-08-04,297.58,302.38,297.22,301.71,714740.0,300.744723
2026-08-04T20:35:06.670,7,8,IWM260812C00323000,IWM,2026-08-12,call,323.0,0.05,115.0,0.07,99.0,0.060000000000000005,,,0.2119,0.0177,0.0046,-0.0264,0.0195,0.0012,2026-08-04,297.58,302.38,297.22,301.71,714740.0,300.744723
2026-08-04T20:35:06.670,7,8,IWM260812C00324000,IWM,2026-08-12,call,324.0,0.01,97.0,0.07,97.0,0.04,,,0.2082,0.0125,0.0035,-0.0192,0.0145,0.0008,2026-08-04,297.58,302.38,297.22,301.71,714740.0,300.744723
2026-08-04T20:35:06.670,7,8,IWM260812C00325000,IWM,2026-08-12,call,325.0,0.05,14.0,0.06,10.0,0.055,0.04,5.0,0.2257,0.0155,0.0039,-0.025,0.0174,0.001,2026-08-04,297.58,302.38,297.22,301.71,714740.0,300.744723
2026-08-04T20:35:06.670,7,8,IWM260812C00330000,IWM,2026-08-12,call,330.0,0.01,112.0,0.05,16.0,0.030000000000000002,0.03,5.0,0.2461,0.0083,0.0021,-0.0158,0.0101,0.0005,2026-08-04,297.58,302.38,297.22,301.71,714740.0,300.744723
2026-08-04T20:35:06.670,7,8,IWM260812C00340000,IWM,2026-08-12,call,340.0,0.01,104.0,0.02,114.0,0.015,,,0.295,0.0037,0.0008,-0.0093,0.005,0.0002,2026-08-04,297.58,302.38,297.22,301.71,714740.0,300.744723
2026-08-04T20:35:06.670,7,8,IWM260812C00350000,IWM,2026-08-12,call,350.0,0.0,0.0,0.01,104.0,0.005,,,,,,,,,2026-08-04,297.58,302.38,297.22,301.71,714740.0,300.744723
2026-08-04T20:35:06.670,7,8,IWM260812P00180000,IWM,2026-08-12,put,180.0,0.0,0.0,0.01,18.0,0.005,,,,,,,,,2026-08-04,297.58,302.38,297.22,301.71,714740.0,300.744723
2026-08-04T20:35:06.670,7,8,IWM260812P00190000,IWM,2026-08-12,put,190.0,0.0,0.0,0.03,17.0,0.015,,,,,,,,,2026-08-04,297.58,302.38,297.22,301.71,714740.0,300.744723
2026-08-04T20:35:06.670,7,8,IWM260812P00200000,IWM,2026-08-12,put,200.0,0.0,0.0,0.03,31.0,0.015,0.01,30.0,,,,,,,2026-08-04,297.58,302.38,297.22,301.71,714740.0,300.744723
2026-08-04T20:35:06.670,7,8,IWM260812P00205000,IWM,2026-08-12,put,205.0,0.0,0.0,0.01,114.0,0.005,,,,,,,,,2026-08-04,297.58,302.38,297.22,301.71,714740.0,300.744723
2026-08-04T20:35:06.670,7,8,IWM260812P00210000,IWM,2026-08-12,put,210.0,0.0,0.0,0.01,18.0,0.005,,,,,,,,,2026-08-04,297.58,302.38,297.22,301.71,714740.0,300.744723
2026-08-04T20:35:06.670,7,8,IWM260812P00215000,IWM,2026-08-12,put,215.0,0.0,0.0,0.03,17.0,0.015,,,,,,,,,2026-08-04,297.58,302.38,297.22,301.71,714740.0,300.744723
2026-08-04T20:35:06.670,7,8,IWM260812P00220000,IWM,2026-08-12,put,220.0,0.0,0.0,0.01,124.0,0.005,0.02,14.0,,,,,,,2026-08-04,297.58,302.38,297.22,301.71,714740.0,300.744723
2026-08-04T20:35:06.670,7,8,IWM260812P00225000,IWM,2026-08-12,put,225.0,0.0,0.0,0.03,11.0,0.015,,,,,,,,,2026-08-04,297.58,302.38,297.22,301.71,714740.0,300.744723
2026-08-04T20:35:06.670,7,8,IWM260812P00230000,IWM,2026-08-12,put,230.0,0.0,0.0,0.03,12.0,0.015,,,,,,,,,2026-08-04,297.58,302.38,297.22,301.71,714740.0,300.744723
2026-08-04T20:35:06.670,7,8,IWM260812P00235000,IWM,2026-08-12,put,235.0,0.0,0.0,0.01,115.0,0.005,,,,,,,,,2026-08-04,297.58,302.38,297.22,301.71,714740.0,300.744723
2026-08-04T20:35:06.670,7,8,IWM260812P00240000,IWM,2026-08-12,put,240.0,0.0,0.0,0.01,9.0,0.005,,,,,,,,,2026-08-04,297.58,302.38,297.22,301.71,714740.0,300.744723
2026-08-04T20:35:06.670,7,8,IWM260812P00245000,IWM,2026-08-12,put,245.0,0.0,0.0,0.01,45.0,0.005,0.12,1.0,,,,,,,2026-08-04,297.58,302.38,297.22,301.71,714740.0,300.744723
2026-08-04T20:35:06.670,7,8,IWM260812P00250000,IWM,2026-08-12,put,250.0,0.03,8.0,0.04,27.0,0.035,0.13,1.0,0.5025,-0.0048,0.0006,-0.0196,0.0063,-0.0003,2026-08-04,297.58,302.38,297.22,301.71,714740.0,300.744723
2026-08-04T20:35:06.670,7,8,IWM260812P00255000,IWM,2026-08-12,put,255.0,0.03,114.0,0.05,124.0,0.04,0.03,2.0,0.4621,-0.0059,0.0008,-0.0215,0.0075,-0.0004,2026-08-04,297.58,302.38,297.22,301.71,714740.0,300.744723
2026-08-04T20:35:06.670,7,8,IWM260812P00257500,IWM,2026-08-12,put,257.5,0.03,18.0,0.05,24.0,0.04,,,0.4383,-0.0062,0.0009,-0.0213,0.0078,-0.0004,2026-08-04,297.58,302.38,297.22,301.71,714740.0,300.744723
2026-08-04T20:35:06.670,7,8,IWM260812P00260000,IWM,2026-08-12,put,260.0,0.01,24.0,0.02,139.0,0.015,0.04,3.0,0.3728,-0.0029,0.0005,-0.0093,0.004,-0.0002,2026-08-04,297.58,302.38,297.22,301.71,714740.0,300.744723
2026-08-04T20:35:06.670,7,8,IWM260812P00261000,IWM,2026-08-12,put,261.0,0.01,105.0,0.06,114.0,0.034999999999999996,,,0.3989,-0.006,0.001,-0.0188,0.0076,-0.0004,2026-08-04,297.58,302.38,297.22,301.71,714740.0,300.744723
2026-08-04T20:35:06.670,7,8,IWM260812P00262000,IWM,2026-08-12,put,262.0,0.04,18.0,0.06,15.0,0.05,,,0.4066,-0.0081,0.0012,-0.025,0.01,-0.0005,2026-08-04,297.58,302.38,297.22,301.71,714740.0,300.744723
2026-08-04T20:35:06.670,7,8,IWM260812P00262500,IWM,2026-08-12,put,262.5,0.01,15.0,0.06,117.0,0.034999999999999996,,,0.385,-0.0062,0.001,-0.0186,0.0078,-0.0004,2026-08-04,297.58,302.38,297.22,301.71,714740.0,300.744723
2026-08-04T20:35:06.670,7,8,IWM260812P00263000,IWM,2026-08-12,put,263.0,0.05,113.0,0.06,113.0,0.055,,,0.4018,-0.009,0.0013,-0.0269,0.0108,-0.0006,2026-08-04,297.58,302.38,297.22,301.71,714740.0,300.744723
2026-08-04T20:35:06.670,7,8,IWM260812P00264000,IWM,2026-08-12,put,264.0,0.01,49.0,0.03,45.0,0.02,0.06,1.0,0.3486,-0.0041,0.0008,-0.0116,0.0054,-0.0003,2026-08-04,297.58,302.38,297.22,301.71,714740.0,300.744723
2026-08-04T20:35:06.670,7,8,IWM260812P00265000,IWM,2026-08-12,put,265.0,0.01,123.0,0.07,118.0,0.04,0.24,1.0,0.3676,-0.0073,0.0012,-0.0205,0.009,-0.0005,2026-08-04,297.58,302.38,297.22,301.71,714740.0,300.744723
2026-08-04T20:35:06.670,7,8,IWM260812P00266000,IWM,2026-08-12,put,266.0,0.06,113.0,0.08,124.0,0.07,,,0.3847,-0.0116,0.0018,-0.0323,0.0136,-0.0008,2026-08-04,297.58,302.38,297.22,301.71,714740.0,300.744723
2026-08-04T20:35:06.670,7,8,IWM260812P00267000,IWM,2026-08-12,put,267.0,0.06,39.0,0.08,29.0,0.07,0.06,6.0,0.3748,-0.0119,0.0018,-0.0321,0.0138,-0.0008,2026-08-04,297.58,302.38,297.22,301.71,714740.0,300.744723
2026-08-04T20:35:06.670,7,8,IWM260812P00267500,IWM,2026-08-12,put,267.5,0.03,109.0,0.04,112.0,0.035,0.06,8.0,0.3387,-0.007,0.0013,-0.0182,0.0087,-0.0005,2026-08-04,297.58,302.38,297.22,301.71,714740.0,300.744723
2026-08-04T20:35:06.670,7,8,IWM260812P00268000,IWM,2026-08-12,put,268.0,0.07,110.0,0.09,124.0,0.08,0.1,6.0,0.3717,-0.0135,0.0021,-0.0355,0.0155,-0.0009,2026-08-04,297.58,302.38,297.22,301.71,714740.0,300.744723
2026-08-04T20:35:06.670,7,8,IWM260812P00269000,IWM,2026-08-12,put,269.0,0.07,46.0,0.09,35.0,0.08,0.07,1.0,0.3616,-0.0138,0.0022,-0.0353,0.0158,-0.0009,2026-08-04,297.58,302.38,297.22,301.71,714740.0,300.744723
2026-08-04T20:35:06.670,7,8,IWM260812P00270000,IWM,2026-08-12,put,270.0,0.08,9.0,0.1,107.0,0.09,0.06,2.0,0.3576,-0.0155,0.0024,-0.0385,0.0175,-0.001,2026-08-04,297.58,302.38,297.22,301.71,714740.0,300.744723
2026-08-04T20:35:06.670,7,8,IWM260812P00271000,IWM,2026-08-12,put,271.0,0.04,100.0,0.06,102.0,0.05,0.06,1.0,0.3205,-0.0101,0.0019,-0.0238,0.012,-0.0007,2026-08-04,297.58,302.38,297.22,301.71,714740.0,300.744723
2026-08-04T20:35:06.670,7,8,IWM260812P00272000,IWM,2026-08-12,put,272.0,0.09,62.0,0.11,152.0,0.1,0.07,1.0,0.3426,-0.0177,0.0029,-0.0413,0.0196,-0.0012,2026-08-04,297.58,302.38,297.22,301.71,714740.0,300.744723
2026-08-04T20:35:06.670,7,8,IWM260812P00272500,IWM,2026-08-12,put,272.5,0.06,76.0,0.07,100.0,0.065,0.07,3.0,0.3172,-0.0129,0.0024,-0.0292,0.0149,-0.0009,2026-08-04,297.58,302.38,297.22,301.71,714740.0,300.744723
2026-08-04T20:35:06.670,7,8,IWM260812P00273000,IWM,2026-08-12,put,273.0,0.06,96.0,0.08,165.0,0.07,0.09,2.0,0.3156,-0.0139,0.0025,-0.0309,0.0159,-0.0009,2026-08-04,297.58,302.38,297.22,301.71,714740.0,300.744723
2026-08-04T20:35:06.670,7,8,IWM260812P00274000,IWM,2026-08-12,put,274.0,0.11,9.0,0.12,101.0,0.11499999999999999,0.11,1.0,0.329,-0.0208,0.0034,-0.0454,0.0224,-0.0014,2026-08-04,297.58,302.38,297.22,301.71,714740.0,300.744723
2026-08-04T20:35:06.670,7,8,IWM260812P00275000,IWM,2026-08-12,put,275.0,0.11,100.0,0.13,100.0,0.12,0.1,1.0,0.3208,-0.0221,0.0037,-0.0466,0.0236,-0.0015,2026-08-04,297.58,302.38,297.22,301.71,714740.0,300.744723
2026-08-04T20:35:06.670,7,8,IWM260812P00276000,IWM,2026-08-12,put,276.0,0.08,68.0,0.1,156.0,0.09,0.09,1.0,0.2967,-0.0184,0.0034,-0.0368,0.0202,-0.0012,2026-08-04,297.58,302.38,297.22,301.71,714740.0,300.744723
2026-08-04T20:35:06.670,7,8,IWM260812P00277000,IWM,2026-08-12,put,277.0,0.09,87.0,0.15,96.0,0.12,0.09,3.0,0.2998,-0.0235,0.0041,-0.0458,0.0248,-0.0016,2026-08-04,297.58,302.38,297.22,301.71,714740.0,300.744723
2026-08-04T20:35:06.670,7,8,IWM260812P00277500,IWM,2026-08-12,put,277.5,0.14,7.0,0.16,94.0,0.15000000000000002,0.64,1.0,0.3056,-0.0281,0.0047,-0.0542,0.0288,-0.0019,2026-08-04,297.58,302.38,297.22,301.71,714740.0,300.744723
2026-08-04T20:35:06.670,7,8,IWM260812P00278000,IWM,2026-08-12,put,278.0,0.14,131.0,0.16,68.0,0.15000000000000002,0.15,10.0,0.3002,-0.0286,0.0049,-0.054,0.0292,-0.0019,2026-08-04,297.58,302.38,297.22,301.71,714740.0,300.744723
2026-08-04T20:35:06.670,7,8,IWM260812P00279000,IWM,2026-08-12,put,279.0,0.15,91.0,0.17,4.0,0.16,0.14,1.0,0.2927,-0.031,0.0053,-0.0562,0.0312,-0.0021,2026-08-04,297.58,302.38,297.22,301.71,714740.0,300.744723
2026-08-04T20:35:06.670,7,8,IWM260812P00280000,IWM,2026-08-12,put,280.0,0.13,88.0,0.19,132.0,0.16,0.16,1.0,0.2817,-0.032,0.0057,-0.0556,0.0321,-0.0022,2026-08-04,297.58,302.38,297.22,301.71,714740.0,300.744723
2026-08-04T20:35:06.670,7,8,IWM260812P00281000,IWM,2026-08-12,put,281.0,0.14,79.0,0.16,5.0,0.15000000000000002,0.18,20.0,0.2677,-0.0317,0.0059,-0.0523,0.0318,-0.0021,2026-08-04,297.58,302.38,297.22,301.71,714740.0,300.744723
2026-08-04T20:35:06.670,7,8,IWM260812P00282000,IWM,2026-08-12,put,282.0,0.2,104.0,0.22,26.0,0.21000000000000002,0.18,4.0,0.2734,-0.0417,0.0073,-0.0668,0.0398,-0.0028,2026-08-04,297.58,302.38,297.22,301.71,714740.0,300.744723
2026-08-04T20:35:06.670,7,8,IWM260812P00283000,IWM,2026-08-12,put,283.0,0.22,73.0,0.24,14.0,0.22999999999999998,0.2,1.0,0.2667,-0.0461,0.0081,-0.0706,0.0432,-0.0031,2026-08-04,297.58,302.38,297.22,301.71,714740.0,300.744723
2026-08-04T20:35:06.670,7,8,IWM260812P00284000,IWM,2026-08-12,put,284.0,0.24,137.0,0.27,132.0,0.255,0.23,2.0,0.2606,-0.0514,0.0091,-0.0752,0.0471,-0.0035,2026-08-04,297.58,302.38,297.22,301.71,714740.0,300.744723
2026-08-04T20:35:06.670,7,8,IWM260812P00285000,IWM,2026-08-12,put,285.0,0.26,125.0,0.29,10.0,0.275,0.22,1.0,0.2528,-0.0563,0.01,-0.0783,0.0507,-0.0038,2026-08-04,297.58,302.38,297.22,301.71,714740.0,300.744723
2026-08-04T20:35:06.670,7,8,IWM260812P00286000,IWM,2026-08-12,put,286.0,0.25,37.0,0.29,39.0,0.27,0.36,20.0,0.2398,-0.058,0.0108,-0.076,0.0519,-0.0039,2026-08-04,297.58,302.38,297.22,301.71,714740.0,300.744723
2026-08-04T20:35:06.670,7,8,IWM260812P00287000,IWM,2026-08-12,put,287.0,0.29,116.0,0.32,1.0,0.305,0.3,10.0,0.2341,-0.0657,0.0122,-0.0816,0.0572,-0.0044,2026-08-04,297.58,302.38,297.22,301.71,714740.0,300.744723
2026-08-04T20:35:06.670,7,8,IWM260812P00288000,IWM,2026-08-12,put,288.0,0.37,163.0,0.41,95.0,0.39,0.34,58.0,0.2353,-0.0806,0.0142,-0.0958,0.0668,-0.0054,2026-08-04,297.58,302.38,297.22,301.71,714740.0,300.744723
2026-08-04T20:35:06.670,7,8,IWM260812P00289000,IWM,2026-08-12,put,289.0,0.39,29.0,0.44,108.0,0.41500000000000004,0.42,1.0,0.2259,-0.0878,0.0158,-0.098,0.0713,-0.0059,2026-08-04,297.58,302.38,297.22,301.71,714740.0,300.744723
2026-08-04T20:35:06.670,7,8,IWM260812P00290000,IWM,2026-08-12,put,290.0,0.45,86.0,0.53,8.0,0.49,0.46,1.0,0.2226,-0.1022,0.0179,-0.1077,0.0797,-0.0069,2026-08-04,297.58,302.38,297.22,301.71,714740.0,300.744723
2026-08-04T20:35:06.670,7,8,IWM260812P00291000,IWM,2026-08-12,put,291.0,0.53,10.0,0.61,5.0,0.5700000000000001,0.54,1.0,0.2183,-0.1176,0.0202,-0.1167,0.0882,-0.0079,2026-08-04,297.58,302.38,297.22,301.71,714740.0,300.744723
2026-08-04T20:35:06.670,7,8,IWM260812P00292000,IWM,2026-08-12,put,292.0,0.61,60.0,0.71,42.0,0.6599999999999999,0.6,1.0,0.2137,-0.1349,0.0227,-0.1254,0.097,-0.0091,2026-08-04,297.58,302.38,297.22,301.71,714740.0,300.744723
2026-08-04T20:35:06.670,7,8,IWM260812P00293000,IWM,2026-08-12,put,293.0,0.72,33.0,0.83,27.0,0.7749999999999999,0.72,1.0,0.21,-0.1557,0.0255,-0.1355,0.1069,-0.0105,2026-08-04,297.58,302.38,297.22,301.71,714740.0,300.744723
2026-08-04T20:35:06.670,7,8,IWM260812P00294000,IWM,2026-08-12,put,294.0,0.89,85.0,0.96,85.0,0.925,0.89,1.0,0.2077,-0.1808,0.0283,-0.1472,0.1176,-0.0122,2026-08-04,297.58,302.38,297.22,301.71,714740.0,300.744723
2026-08-04T20:35:06.670,7,8,IWM260812P00295000,IWM,2026-08-12,put,295.0,1.0,87.0,1.11,26.0,1.0550000000000002,1.01,1.0,0.2019,-0.205,0.0315,-0.154,0.127,-0.0138,2026-08-04,297.58,302.38,297.22,301.71,714740.0,300.744723
2026-08-04T20:35:06.670,7,8,IWM260812P00296000,IWM,2026-08-12,put,296.0,1.22,66.0,1.26,53.0,1.24,1.14,1.0,0.1986,-0.2351,0.0346,-0.1634,0.1374,-0.0158,2026-08-04,297.58,302.38,297.22,301.71,714740.0,300.744723
2026-08-04T20:35:06.670,7,8,IWM260812P00297000,IWM,2026-08-12,put,297.0,1.44,10.0,1.48,54.0,1.46,1.36,1.0,0.1958,-0.269,0.0377,-0.1722,0.1475,-0.0181,2026-08-04,297.58,302.38,297.22,301.71,714740.0,300.744723
2026-08-04T20:35:06.670,7,8,IWM260812P00298000,IWM,2026-08-12,put,298.0,1.7,23.0,1.76,21.0,1.73,1.59,1.0,0.194,-0.307,0.0405,-0.1809,0.1571,-0.0207,2026-08-04,297.58,302.38,297.22,301.71,714740.0,300.744723
2026-08-04T20:35:06.670,7,8,IWM260812P00299000,IWM,2026-08-12,put,299.0,1.98,24.0,2.06,26.0,2.02,1.82,1.0,0.1911,-0.3471,0.0432,-0.1864,0.1651,-0.0234,2026-08-04,297.58,302.38,297.22,301.71,714740.0,300.744723
2026-08-04T20:35:06.670,7,8,IWM260812P00300000,IWM,2026-08-12,put,300.0,2.29,10.0,2.43,2.0,2.3600000000000003,2.27,1.0,0.1887,-0.3905,0.0455,-0.1904,0.1716,-0.0264,2026-08-04,297.58,302.38,297.22,301.71,714740.0,300.744723
2026-08-04T20:35:06.670,7,8,IWM260812P00301000,IWM,2026-08-12,put,301.0,2.66,10.0,2.82,9.0,2.74,2.67,1.0,0.1862,-0.4361,0.0473,-0.1915,0.1761,-0.0295,2026-08-04,297.58,302.38,297.22,301.71,714740.0,300.744723
2026-08-04T20:35:06.670,7,8,IWM260812P00302000,IWM,2026-08-12,put,302.0,3.07,4.0,3.24,10.0,3.1550000000000002,3.02,9.0,0.1831,-0.4838,0.0487,-0.189,0.1782,-0.0327,2026-08-04,297.58,302.38,297.22,301.71,714740.0,300.744723
2026-08-04T20:35:06.670,7,8,IWM260812P00302500,IWM,2026-08-12,put,302.5,3.44,9.0,3.49,10.0,3.465,3.32,2.0,0.1863,-0.5078,0.0479,-0.1919,0.1783,-0.0344,2026-08-04,297.58,302.38,297.22,301.71,714740.0,300.744723
2026-08-04T20:35:06.670,7,8,IWM260812P00303000,IWM,2026-08-12,put,303.0,3.59,17.0,3.7,5.0,3.645,3.47,1.0,0.1815,-0.5328,0.049,-0.1852,0.1778,-0.0361,2026-08-04,297.58,302.38,297.22,301.71,714740.0,300.744723
2026-08-04T20:35:06.670,7,8,IWM260812P00304000,IWM,2026-08-12,put,304.0,4.13,58.0,4.38,12.0,4.255,4.12,1.0,0.184,-0.5799,0.0475,-0.183,0.1748,-0.0393,2026-08-04,297.58,302.38,297.22,301.71,714740.0,300.744723
2026-08-04T20:35:06.670,7,8,IWM260812P00305000,IWM,2026-08-12,put,305.0,4.84,1.0,4.97,8.0,4.904999999999999,4.6,1.0,0.1861,-0.6249,0.0456,-0.1779,0.1695,-0.0424,2026-08-04,297.58,302.38,297.22,301.71,714740.0,300.744723
2026-08-04T20:35:06.670,7,8,IWM260812P00306000,IWM,2026-08-12,put,306.0,5.44,4.0,5.8,11.0,5.62,5.51,1.0,0.1897,-0.6658,0.0429,-0.1723,0.1627,-0.0453,2026-08-04,297.58,302.38,297.22,301.71,714740.0,300.744723
2026-08-04T20:35:06.670,7,8,IWM260812P00307000,IWM,2026-08-12,put,307.0,6.18,2.0,6.52,1.0,6.35,,,0.1919,-0.7046,0.0402,-0.1632,0.1543,-0.048,2026-08-04,297.58,302.38,297.22,301.71,714740.0,300.744723
2026-08-04T20:35:06.670,7,8,IWM260812P00308000,IWM,2026-08-12,put,308.0,7.07,3.0,7.17,10.0,7.12,,,0.1945,-0.74,0.0373,-0.1532,0.145,-0.0505,2026-08-04,297.58,302.38,297.22,301.71,714740.0,300.744723
2026-08-04T20:35:06.670,7,8,IWM260812P00309000,IWM,2026-08-12,put,309.0,7.67,3.0,8.14,10.0,7.905,,,0.1959,-0.7734,0.0344,-0.1406,0.1346,-0.0529,2026-08-04,297.58,302.38,297.22,301.71,714740.0,300.744723
2026-08-04T20:35:06.670,7,8,IWM260812P00310000,IWM,2026-08-12,put,310.0,8.59,2.0,8.82,2.0,8.705,8.99,1.0,0.1961,-0.8053,0.0314,-0.1257,0.1232,-0.0552,2026-08-04,297.58,302.38,297.22,301.71,714740.0,300.744723
2026-08-04T20:35:06.670,7,8,IWM260812P00311000,IWM,2026-08-12,put,311.0,9.55,2.0,9.93,10.0,9.74,,,0.2141,-0.8126,0.0281,-0.1354,0.1203,-0.0559,2026-08-04,297.58,302.38,297.22,301.71,714740.0,300.744723
2026-08-04T20:35:06.670,7,8,IWM260812P00312000,IWM,2026-08-12,put,312.0,10.06,10.0,10.68,10.0,10.370000000000001,,,0.1946,-0.8624,0.0253,-0.0925,0.0984,-0.0594,2026-08-04,297.58,302.38,297.22,301.71,714740.0,300.744723
2026-08-04T20:35:06.670,7,8,IWM260812P00313000,IWM,2026-08-12,put,313.0,10.84,10.0,11.47,10.0,11.155000000000001,,,0.1832,-0.8995,0.0215,-0.0618,0.0788,-0.062,2026-08-04,297.58,302.38,297.22,301.71,714740.0,300.744723
2026-08-04T20:35:06.670,7,8,IWM260812P00314000,IWM,2026-08-12,put,314.0,12.1,10.0,12.88,2.0,12.49,,,0.2335,-0.8618,0.0211,-0.1166,0.0986,-0.0598,2026-08-04,297.58,302.38,297.22,301.71,714740.0,300.744723
2026-08-04T20:35:06.670,7,8,IWM260812P00315000,IWM,2026-08-12,put,315.0,13.29,2.0,13.44,10.0,13.364999999999998,,,0.2332,-0.8815,0.019,-0.1012,0.0887,-0.0613,2026-08-04,297.58,302.38,297.22,301.71,714740.0,300.744723
2026-08-04T20:35:06.670,7,8,IWM260812P00316000,IWM,2026-08-12,put,316.0,14.25,10.0,14.77,2.0,14.51,,,0.2618,-0.8709,0.018,-0.1262,0.0941,-0.0608,2026-08-04,297.58,302.38,297.22,301.71,714740.0,300.744723
2026-08-04T20:35:06.670,7,8,IWM260812P00317000,IWM,2026-08-12,put,317.0,14.88,2.0,15.43,2.0,15.155000000000001,,,0.2307,-0.9163,0.0149,-0.0699,0.0687,-0.064,2026-08-04,297.58,302.38,297.22,301.71,714740.0,300.744723
2026-08-04T20:35:06.670,7,8,IWM260812P00318000,IWM,2026-08-12,put,318.0,16.329,2.0,16.9,2.0,16.6145,,,0.2987,-0.8705,0.0158,-0.1481,0.0943,-0.0613,2026-08-04,297.58,302.38,297.22,301.71,714740.0,300.744723
2026-08-04T20:35:06.670,7,8,IWM260812P00319000,IWM,2026-08-12,put,319.0,17.28,2.0,17.87,2.0,17.575000000000003,,,0.3071,-0.8781,0.0147,-0.1453,0.0904,-0.062,2026-08-04,297.58,302.38,297.22,301.71,714740.0,300.744723
2026-08-04T20:35:06.670,7,8,IWM260812P00320000,IWM,2026-08-12,put,320.0,17.99,2.0,18.49,2.0,18.24,,,0.2774,-0.9149,0.0126,-0.0913,0.0697,-0.0645,2026-08-04,297.58,302.38,297.22,301.71,714740.0,300.744723
2026-08-04T20:35:06.670,7,8,IWM260812P00321000,IWM,2026-08-12,put,321.0,18.98,2.0,19.62,2.0,19.3,,,0.2973,-0.9111,0.0121,-0.1042,0.072,-0.0645,2026-08-04,297.58,302.38,297.22,301.71,714740.0,300.744723
2026-08-04T20:35:06.670,7,8,IWM260812P00322000,IWM,2026-08-12,put,322.0,20.41,2.0,21.05,2.0,20.73,,,0.3617,-0.8764,0.0126,-0.1779,0.0913,-0.0625,2026-08-04,297.58,302.38,297.22,301.71,714740.0,300.744723
2026-08-04T20:35:06.670,7,8,IWM260812P00323000,IWM,2026-08-12,put,323.0,21.46,2.0,21.6,2.0,21.53,,,0.3507,-0.8952,0.0116,-0.1487,0.0812,-0.064,2026-08-04,297.58,302.38,297.22,301.71,714740.0,300.744723
2026-08-04T20:35:06.670,7,8,IWM260812P00324000,IWM,2026-08-12,put,324.0,21.73,2.0,22.91,2.0,22.32,,,0.3342,-0.9164,0.0103,-0.1135,0.0687,-0.0655,2026-08-04,297.58,302.38,297.22,301.71,714740.0,300.744723
2026-08-04T20:35:06.670,7,8,IWM260812P00325000,IWM,2026-08-12,put,325.0,22.74,2.0,23.22,4.0,22.979999999999997,,,0.283,-0.9567,0.0073,-0.0414,0.0411,-0.0684,2026-08-04,297.58,302.38,297.22,301.71,714740.0,300.744723
2026-08-04T20:35:06.670,7,8,IWM260812P00330000,IWM,2026-08-12,put,330.0,27.98,2.0,29.09,2.0,28.535,,,0.4317,-0.9105,0.0084,-0.1646,0.0723,-0.0665,2026-08-04,297.58,302.38,297.22,301.71,714740.0,300.744723
2026-08-04T20:35:06.670,7,8,IWM260812P00340000,IWM,2026-08-12,put,340.0,36.89,1.0,38.85,2.0,37.870000000000005,,,0.3818,-0.9801,0.0028,-0.018,0.0216,-0.0732,2026-08-04,297.58,302.38,297.22,301.71,714740.0,300.744723
2026-08-04T20:35:06.670,7,8,IWM260812P00350000,IWM,2026-08-12,put,350.0,46.5,1.0,50.99,1.0,48.745000000000005,,,0.6726,-0.9228,0.0048,-0.2392,0.0647,-0.0718,2026-08-04,297.58,302.38,297.22,301.71,714740.0,300.744723
2026-08-04T20:35:06.670,7,9,IWM260813C00180000,IWM,2026-08-13,call,180.0,119.54,2.0,123.36,2.0,121.45,,,,,,,,,2026-08-04,297.58,302.38,297.22,301.71,714740.0,300.744723
2026-08-04T20:35:06.670,7,9,IWM260813C00190000,IWM,2026-08-13,call,190.0,111.47,2.0,112.07,2.0,111.77,,,,,,,,,2026-08-04,297.58,302.38,297.22,301.71,714740.0,300.744723
2026-08-04T20:35:06.670,7,9,IWM260813C00200000,IWM,2026-08-13,call,200.0,101.62,1.0,102.23,1.0,101.92500000000001,,,,,,,,,2026-08-04,297.58,302.38,297.22,301.71,714740.0,300.744723
2026-08-04T20:35:06.670,7,9,IWM260813C00205000,IWM,2026-08-13,call,205.0,97.81,2.0,98.5,2.0,98.155,,,,,,,,,2026-08-04,297.58,302.38,297.22,301.71,714740.0,300.744723
2026-08-04T20:35:06.670,7,9,IWM260813C00210000,IWM,2026-08-13,call,210.0,91.73,4.0,93.03,2.0,92.38,,,,,,,,,2026-08-04,297.58,302.38,297.22,301.71,714740.0,300.744723
2026-08-04T20:35:06.670,7,9,IWM260813C00215000,IWM,2026-08-13,call,215.0,85.49,2.0,88.3,2.0,86.895,,,,,,,,,2026-08-04,297.58,302.38,297.22,301.71,714740.0,300.744723
2026-08-04T20:35:06.670,7,9,IWM260813C00220000,IWM,2026-08-13,call,220.0,80.64,1.0,84.0,1.0,82.32,,,,,,,,,2026-08-04,297.58,302.38,297.22,301.71,714740.0,300.744723
2026-08-04T20:35:06.670,7,9,IWM260813C00225000,IWM,2026-08-13,call,225.0,76.7,1.0,78.73,1.0,77.715,,,,,,,,,2026-08-04,297.58,302.38,297.22,301.71,714740.0,300.744723
2026-08-04T20:35:06.670,7,9,IWM260813C00230000,IWM,2026-08-13,call,230.0,70.26,2.0,71.84,2.0,71.05000000000001,,,,,,,,,2026-08-04,297.58,302.38,297.22,301.71,714740.0,300.744723
2026-08-04T20:35:06.670,7,9,IWM260813C00235000,IWM,2026-08-13,call,235.0,65.97,1.0,67.33,1.0,66.65,,,,,,,,,2026-08-04,297.58,302.38,297.22,301.71,714740.0,300.744723
2026-08-04T20:35:06.670,7,9,IWM260813C00240000,IWM,2026-08-13,call,240.0,61.39,1.0,64.629,1.0,63.0095,,,0.8989,0.9558,0.0022,-0.2437,0.0443,0.0556,2026-08-04,297.58,302.38,297.22,301.71,714740.0,300.744723
2026-08-04T20:35:06.670,7,9,IWM260813C00245000,IWM,2026-08-13,call,245.0,56.5,2.0,57.0,2.0,56.75,,,,,,,,,2026-08-04,297.58,302.38,297.22,301.71,714740.0,300.744723
2026-08-04T20:35:06.670,7,9,IWM260813C00250000,IWM,2026-08-13,call,250.0,52.55,2.0,53.09,2.0,52.82,,,0.7241,0.9578,0.0026,-0.1953,0.0427,0.0583,2026-08-04,297.58,302.38,297.22,301.71,714740.0,300.744723
2026-08-04T20:35:06.670,7,9,IWM260813C00255000,IWM,2026-08-13,call,255.0,47.29,2.0,47.57,2.0,47.43,,,0.5496,0.9779,0.002,-0.101,0.025,0.0611,2026-08-04,297.58,302.38,297.22,301.71,714740.0,300.744723
2026-08-04T20:35:06.670,7,9,IWM260813C00257500,IWM,2026-08-13,call,257.5,44.78,2.0,45.24,2.0,45.010000000000005,,,0.5499,0.9712,0.0025,-0.1201,0.0312,0.0612,2026-08-04,297.58,302.38,297.22,301.71,714740.0,300.744723
2026-08-04T20:35:06.670,7,9,IWM260813C00260000,IWM,2026-08-13,call,260.0,40.96,2.0,42.6,2.0,41.78,,,,,,,,,2026-08-04,297.58,302.38,297.22,301.71,714740.0,300.744723
2026-08-04T20:35:06.670,7,9,IWM260813C00261000,IWM,2026-08-13,call,261.0,40.47,2.0,41.48,2.0,40.974999999999994,,,,,,,,,2026-08-04,297.58,302.38,297.22,301.71,714740.0,300.744723
2026-08-04T20:35:06.670,7,9,IWM260813C00262000,IWM,2026-08-13,call,262.0,39.11,2.0,39.95,2.0,39.53,,,,,,,,,2026-08-04,297.58,302.38,297.22,301.71,714740.0,300.744723
2026-08-04T20:35:06.670,7,9,IWM260813C00263000,IWM,2026-08-13,call,263.0,38.17,2.0,38.68,2.0,38.425,,,,,,,,,2026-08-04,297.58,302.38,297.22,301.71,714740.0,300.744723
2026-08-04T20:35:06.670,7,9,IWM260813C00264000,IWM,2026-08-13,call,264.0,37.45,2.0,38.73,2.0,38.09,,,,,,,,,2026-08-04,297.58,302.38,297.22,301.71,714740.0,300.744723
2026-08-04T20:35:06.670,7,9,IWM260813C00265000,IWM,2026-08-13,call,265.0,36.07,2.0,36.53,2.0,36.3,,,,,,,,,2026-08-04,297.58,302.38,297.22,301.71,714740.0,300.744723
2026-08-04T20:35:06.670,7,9,IWM260813C00266000,IWM,2026-08-13,call,266.0,35.67,2.0,35.86,2.0,35.765,,,,,,,,,2026-08-04,297.58,302.38,297.22,301.71,714740.0,300.744723
2026-08-04T20:35:06.670,7,9,IWM260813C00267000,IWM,2026-08-13,call,267.0,34.22,2.0,34.84,2.0,34.53,,,,,,,,,2026-08-04,297.58,302.38,297.22,301.71,714740.0,300.744723
2026-08-04T20:35:06.670,7,9,IWM260813C00268000,IWM,2026-08-13,call,268.0,34.18,2.0,34.62,2.0,34.4,,,0.3959,0.9753,0.0031,-0.0863,0.0274,0.0641,2026-08-04,297.58,302.38,297.22,301.71,714740.0,300.744723
2026-08-04T20:35:06.670,7,9,IWM260813C00269000,IWM,2026-08-13,call,269.0,32.47,2.0,32.65,2.0,32.56,,,,,,,,,2026-08-04,297.58,302.38,297.22,301.71,714740.0,300.744723
2026-08-04T20:35:06.670,7,9,IWM260813C00270000,IWM,2026-08-13,call,270.0,31.29,2.0,32.39,2.0,31.84,,,,,,,,,2026-08-04,297.58,302.38,297.22,301.71,714740.0,300.744723
2026-08-04T20:35:06.670,7,9,IWM260813C00271000,IWM,2026-08-13,call,271.0,30.84,2.0,31.32,2.0,31.08,,,,,,,,,2026-08-04,297.58,302.38,297.22,301.71,714740.0,300.744723
2026-08-04T20:35:06.670,7,9,IWM260813C00272000,IWM,2026-08-13,call,272.0,29.25,2.0,30.42,2.0,29.835,,,,,,,,,2026-08-04,297.58,302.38,297.22,301.71,714740.0,300.744723
2026-08-04T20:35:06.670,7,9,IWM260813C00273000,IWM,2026-08-13,call,273.0,28.47,2.0,29.01,2.0,28.740000000000002,,,,,,,,,2026-08-04,297.58,302.38,297.22,301.71,714740.0,300.744723
2026-08-04T20:35:06.670,7,9,IWM260813C00274000,IWM,2026-08-13,call,274.0,27.13,2.0,28.22,2.0,27.674999999999997,,,,,,,,,2026-08-04,297.58,302.38,297.22,301.71,714740.0,300.744723
2026-08-04T20:35:06.670,7,9,IWM260813C00275000,IWM,2026-08-13,call,275.0,26.67,2.0,27.39,2.0,27.03,,,,,,,,,2026-08-04,297.58,302.38,297.22,301.71,714740.0,300.744723
2026-08-04T20:35:06.670,7,9,IWM260813C00276000,IWM,2026-08-13,call,276.0,26.05,2.0,26.52,2.0,26.285,,,0.2618,0.9872,0.0027,-0.0501,0.0157,0.067,2026-08-04,297.58,302.38,297.22,301.71,714740.0,300.744723
2026-08-04T20:35:06.670,7,9,IWM260813C00277000,IWM,2026-08-13,call,277.0,24.77,2.0,25.04,2.0,24.905,,,,,,,,,2026-08-04,297.58,302.38,297.22,301.71,714740.0,300.744723
2026-08-04T20:35:06.670,7,9,IWM260813C00278000,IWM,2026-08-13,call,278.0,23.52,2.0,24.41,2.0,23.965,,,,,,,,,2026-08-04,297.58,302.38,297.22,301.71,714740.0,300.744723
2026-08-04T20:35:06.670,7,9,IWM260813C00279000,IWM,2026-08-13,call,279.0,23.14,2.0,23.58,2.0,23.36,,,0.2661,0.9736,0.0048,-0.07,0.029,0.0667,2026-08-04,297.58,302.38,297.22,301.71,714740.0,300.744723
2026-08-04T20:35:06.670,7,9,IWM260813C00280000,IWM,2026-08-13,call,280.0,21.35,2.0,22.13,2.0,21.740000000000002,,,,,,,,,2026-08-04,297.58,302.38,297.22,301.71,714740.0,300.744723
2026-08-04T20:35:06.670,7,9,IWM260813C00281000,IWM,2026-08-13,call,281.0,20.63,2.0,20.98,2.0,20.805,11.21,1.0,,,,,,,2026-08-04,297.58,302.38,297.22,301.71,714740.0,300.744723
2026-08-04T20:35:06.670,7,9,IWM260813C00282000,IWM,2026-08-13,call,282.0,19.62,2.0,20.11,4.0,19.865000000000002,,,,,,,,,2026-08-04,297.58,302.38,297.22,301.71,714740.0,300.744723
2026-08-04T20:35:06.670,7,9,IWM260813C00283000,IWM,2026-08-13,call,283.0,18.46,2.0,19.54,2.0,19.0,9.67,1.0,,,,,,,2026-08-04,297.58,302.38,297.22,301.71,714740.0,300.744723
2026-08-04T20:35:06.670,7,9,IWM260813C00284000,IWM,2026-08-13,call,284.0,17.55,2.0,18.15,2.0,17.85,,,,,,,,,2026-08-04,297.58,302.38,297.22,301.71,714740.0,300.744723
2026-08-04T20:35:06.670,7,9,IWM260813C00285000,IWM,2026-08-13,call,285.0,17.15,2.0,17.43,2.0,17.29,7.89,1.0,0.1783,0.9827,0.0051,-0.0481,0.0203,0.0689,2026-08-04,297.58,302.38,297.22,301.71,714740.0,300.744723
2026-08-04T20:35:06.670,7,9,IWM260813C00286000,IWM,2026-08-13,call,286.0,14.69,1.0,17.96,1.0,16.325,10.68,4.0,0.1828,0.9738,0.007,-0.0571,0.0288,0.0685,2026-08-04,297.58,302.38,297.22,301.71,714740.0,300.744723
2026-08-04T20:35:06.670,7,9,IWM260813C00287000,IWM,2026-08-13,call,287.0,14.0,1.0,16.77,1.0,15.385,8.24,17.0,0.1898,0.9601,0.0095,-0.0705,0.0408,0.0677,2026-08-04,297.58,302.38,297.22,301.71,714740.0,300.744723
2026-08-04T20:35:06.670,7,9,IWM260813C00288000,IWM,2026-08-13,call,288.0,14.39,3.0,14.76,10.0,14.575,8.81,4.0,0.2142,0.9269,0.0137,-0.1049,0.0658,0.0654,2026-08-04,297.58,302.38,297.22,301.71,714740.0,300.744723
2026-08-04T20:35:06.670,7,9,IWM260813C00289000,IWM,2026-08-13,call,289.0,12.92,2.0,13.34,10.0,13.129999999999999,6.63,1.0,,,,,,,2026-08-04,297.58,302.38,297.22,301.71,714740.0,300.744723
2026-08-04T20:35:06.670,7,9,IWM260813C00290000,IWM,2026-08-13,call,290.0,12.28,2.0,12.38,43.0,12.33,12.54,1.0,0.1441,0.9672,0.0107,-0.0558,0.0348,0.069,2026-08-04,297.58,302.38,297.22,301.71,714740.0,300.744723
2026-08-04T20:35:06.670,7,9,IWM260813C00291000,IWM,2026-08-13,call,291.0,11.57,3.0,11.81,4.0,11.690000000000001,11.43,4.0,0.1924,0.8981,0.0195,-0.1162,0.0844,0.064,2026-08-04,297.58,302.38,297.22,301.71,714740.0,300.744723
2026-08-04T20:35:06.670,7,9,IWM260813C00292000,IWM,2026-08-13,call,292.0,10.35,5.0,10.61,12.0,10.48,9.71,14.0,0.1523,0.9271,0.0192,-0.0826,0.0657,0.0664,2026-08-04,297.58,302.38,297.22,301.71,714740.0,300.744723
2026-08-04T20:35:06.670,7,9,IWM260813C00293000,IWM,2026-08-13,call,293.0,9.54,2.0,9.86,1.0,9.7,9.86,1.0,0.1676,0.8839,0.0246,-0.1121,0.0927,0.0634,2026-08-04,297.58,302.38,297.22,301.71,714740.0,300.744723
2026-08-04T20:35:06.670,7,9,IWM260813C00294000,IWM,2026-08-13,call,294.0,8.79,7.0,8.89,2.0,8.84,9.05,1.0,0.168,0.856,0.0285,-0.1254,0.1076,0.0616,2026-08-04,297.58,302.38,297.22,301.71,714740.0,300.744723
2026-08-04T20:35:06.670,7,9,IWM260813C00295000,IWM,2026-08-13,call,295.0,7.88,3.0,8.13,3.0,8.005,8.24,2.0,0.1679,0.825,0.0324,-0.1381,0.1222,0.0595,2026-08-04,297.58,302.38,297.22,301.71,714740.0,300.744723
2026-08-04T20:35:06.670,7,9,IWM260813C00296000,IWM,2026-08-13,call,296.0,7.22,11.0,7.37,13.0,7.295,5.59,2.0,0.1743,0.7815,0.0357,-0.1584,0.1399,0.0564,2026-08-04,297.58,302.38,297.22,301.71,714740.0,300.744723
2026-08-04T20:35:06.670,7,9,IWM260813C00297000,IWM,2026-08-13,call,297.0,6.37,48.0,6.75,46.0,6.5600000000000005,6.8,1.0,0.1756,0.7421,0.0388,-0.1712,0.1532,0.0536,2026-08-04,297.58,302.38,297.22,301.71,714740.0,300.744723
2026-08-04T20:35:06.670,7,9,IWM260813C00298000,IWM,2026-08-13,call,298.0,5.48,12.0,5.9,16.0,5.69,5.92,3.0,0.1659,0.7112,0.0434,-0.1702,0.162,0.0516,2026-08-04,297.58,302.38,297.22,301.71,714740.0,300.744723
2026-08-04T20:35:06.670,7,9,IWM260813C00299000,IWM,2026-08-13,call,299.0,4.97,10.0,5.12,20.0,5.045,5.4,1.0,0.1678,0.6641,0.0458,-0.1808,0.1729,0.0482,2026-08-04,297.58,302.38,297.22,301.71,714740.0,300.744723
2026-08-04T20:35:06.670,7,9,IWM260813C00300000,IWM,2026-08-13,call,300.0,4.25,13.0,4.58,11.0,4.415,4.86,1.0,0.1678,0.6168,0.048,-0.187,0.181,0.0448,2026-08-04,297.58,302.38,297.22,301.71,714740.0,300.744723
2026-08-04T20:35:06.670,7,9,IWM260813C00301000,IWM,2026-08-13,call,301.0,3.67,8.0,3.84,12.0,3.755,4.18,1.0,0.1636,0.5692,0.0506,-0.1862,0.1863,0.0415,2026-08-04,297.58,302.38,297.22,301.71,714740.0,300.744723
2026-08-04T20:35:06.670,7,9,IWM260813C00302000,IWM,2026-08-13,call,302.0,3.27,2.0,3.32,24.0,3.295,3.35,1.0,0.1675,0.5179,0.0502,-0.1912,0.189,0.0378,2026-08-04,297.58,302.38,297.22,301.71,714740.0,300.744723
2026-08-04T20:35:06.670,7,9,IWM260813C00303000,IWM,2026-08-13,call,303.0,2.66,7.0,2.78,6.0,2.7199999999999998,2.75,10.0,0.1626,0.4665,0.0516,-0.1841,0.1885,0.0341,2026-08-04,297.58,302.38,297.22,301.71,714740.0,300.744723
2026-08-04T20:35:06.670,7,9,IWM260813C00304000,IWM,2026-08-13,call,304.0,2.28,10.0,2.38,7.0,2.33,2.35,1.0,0.1648,0.4169,0.05,-0.1818,0.1851,0.0305,2026-08-04,297.58,302.38,297.22,301.71,714740.0,300.744723
2026-08-04T20:35:06.670,7,9,IWM260813C00305000,IWM,2026-08-13,call,305.0,1.93,5.0,1.97,8.0,1.95,2.14,3.0,0.1649,0.3682,0.0482,-0.1747,0.1788,0.0269,2026-08-04,297.58,302.38,297.22,301.71,714740.0,300.744723
2026-08-04T20:35:06.670,7,9,IWM260813C00306000,IWM,2026-08-13,call,306.0,1.53,14.0,1.67,24.0,1.6,1.61,1.0,0.164,0.3207,0.046,-0.1642,0.1697,0.0235,2026-08-04,297.58,302.38,297.22,301.71,714740.0,300.744723
2026-08-04T20:35:06.670,7,9,IWM260813C00307000,IWM,2026-08-13,call,307.0,1.26,12.0,1.34,24.0,1.3,1.51,5.0,0.1633,0.276,0.0432,-0.152,0.1585,0.0202,2026-08-04,297.58,302.38,297.22,301.71,714740.0,300.744723
2026-08-04T20:35:06.670,7,9,IWM260813C00308000,IWM,2026-08-13,call,308.0,1.02,17.0,1.1,1.0,1.06,1.15,5.0,0.1638,0.2359,0.0396,-0.1399,0.146,0.0173,2026-08-04,297.58,302.38,297.22,301.71,714740.0,300.744723
2026-08-04T20:35:06.670,7,9,IWM260813C00309000,IWM,2026-08-13,call,309.0,0.82,4.0,0.9,2.0,0.86,1.03,2.0,0.1645,0.1999,0.0359,-0.1273,0.1327,0.0147,2026-08-04,297.58,302.38,297.22,301.71,714740.0,300.744723
2026-08-04T20:35:06.670,7,9,IWM260813C00310000,IWM,2026-08-13,call,310.0,0.65,44.0,0.7,10.0,0.675,0.69,3.0,0.1638,0.1657,0.0321,-0.1123,0.118,0.0122,2026-08-04,297.58,302.38,297.22,301.71,714740.0,300.744723
2026-08-04T20:35:06.670,7,9,IWM260813C00311000,IWM,2026-08-13,call,311.0,0.55,38.0,0.57,40.0,0.56,0.63,9.0,0.1666,0.1406,0.0283,-0.1022,0.1059,0.0103,2026-08-04,297.58,302.38,297.22,301.71,714740.0,300.744723
2026-08-04T20:35:06.670,7,9,IWM260813C00312000,IWM,2026-08-13,call,312.0,0.4,44.0,0.45,113.0,0.42500000000000004,0.51,5.0,0.1652,0.113,0.0245,-0.0868,0.0909,0.0083,2026-08-04,297.58,302.38,297.22,301.71,714740.0,300.744723
2026-08-04T20:35:06.670,7,9,IWM260813C00313000,IWM,2026-08-13,call,313.0,0.36,10.0,0.4,39.0,0.38,0.38,1.0,0.1716,0.0998,0.0215,-0.0822,0.0831,0.0073,2026-08-04,297.58,302.38,297.22,301.71,714740.0,300.744723
2026-08-04T20:35:06.670,7,9,IWM260813C00314000,IWM,2026-08-13,call,314.0,0.25,14.0,0.33,10.0,0.29000000000000004,0.18,1.0,0.171,0.0798,0.0183,-0.0692,0.0704,0.0059,2026-08-04,297.58,302.38,297.22,301.71,714740.0,300.744723
2026-08-04T20:35:06.670,7,9,IWM260813C00315000,IWM,2026-08-13,call,315.0,0.2,58.0,0.27,58.0,0.23500000000000001,0.21,1.0,0.1732,0.0661,0.0156,-0.0605,0.0609,0.0049,2026-08-04,297.58,302.38,297.22,301.71,714740.0,300.744723
2026-08-04T20:35:06.670,7,9,IWM260813C00316000,IWM,2026-08-13,call,316.0,0.15,25.0,0.19,64.0,0.16999999999999998,0.15,1.0,0.1713,0.0505,0.0128,-0.0484,0.0493,0.0037,2026-08-04,297.58,302.38,297.22,301.71,714740.0,300.744723
2026-08-04T20:35:06.670,7,9,IWM260813C00317000,IWM,2026-08-13,call,317.0,0.16,77.0,0.19,72.0,0.175,0.17,1.0,0.182,0.0492,0.0118,-0.0503,0.0483,0.0036,2026-08-04,297.58,302.38,297.22,301.71,714740.0,300.744723
2026-08-04T20:35:06.670,7,9,IWM260813C00318000,IWM,2026-08-13,call,318.0,0.1,16.0,0.16,81.0,0.13,0.15,1.0,0.181,0.0382,0.0097,-0.0407,0.0393,0.0028,2026-08-04,297.58,302.38,297.22,301.71,714740.0,300.744723
2026-08-04T20:35:06.670,7,9,IWM260813C00319000,IWM,2026-08-13,call,319.0,0.12,20.0,0.13,4.0,0.125,,,0.1888,0.0356,0.0087,-0.04,0.0371,0.0026,2026-08-04,297.58,302.38,297.22,301.71,714740.0,300.744723
2026-08-04T20:35:06.670,7,9,IWM260813C00320000,IWM,2026-08-13,call,320.0,0.1,120.0,0.12,93.0,0.11,0.06,1.0,0.1933,0.0311,0.0077,-0.0367,0.0333,0.0023,2026-08-04,297.58,302.38,297.22,301.71,714740.0,300.744723
2026-08-04T20:35:06.670,7,9,IWM260813C00321000,IWM,2026-08-13,call,321.0,0.09,26.0,0.1,6.0,0.095,,,0.1972,0.0269,0.0066,-0.0331,0.0295,0.002,2026-08-04,297.58,302.38,297.22,301.71,714740.0,300.744723
2026-08-04T20:35:06.670,7,9,IWM260813C00322000,IWM,2026-08-13,call,322.0,0.04,17.0,0.05,4.0,0.045,,,0.1839,0.0147,0.0043,-0.0185,0.0177,0.0011,2026-08-04,297.58,302.38,297.22,301.71,714740.0,300.744723
2026-08-04T20:35:06.670,7,9,IWM260813C00323000,IWM,2026-08-13,call,323.0,0.07,116.0,0.08,6.0,0.07500000000000001,,,0.2062,0.021,0.0052,-0.028,0.0239,0.0015,2026-08-04,297.58,302.38,297.22,301.71,714740.0,300.744723
2026-08-04T20:35:06.670,7,9,IWM260813C00324000,IWM,2026-08-13,call,324.0,0.02,31.0,0.04,10.0,0.03,,,0.1889,0.01,0.003,-0.0135,0.0126,0.0007,2026-08-04,297.58,302.38,297.22,301.71,714740.0,300.744723
2026-08-04T20:35:06.670,7,9,IWM260813C00325000,IWM,2026-08-13,call,325.0,0.02,105.0,0.03,5.0,0.025,,,0.1919,0.0083,0.0025,-0.0117,0.0108,0.0006,2026-08-04,297.58,302.38,297.22,301.71,714740.0,300.744723
2026-08-04T20:35:06.670,7,9,IWM260813C00330000,IWM,2026-08-13,call,330.0,0.01,101.0,0.02,3.0,0.015,,,0.2142,0.0047,0.0014,-0.0079,0.0065,0.0003,2026-08-04,297.58,302.38,297.22,301.71,714740.0,300.744723
2026-08-04T20:35:06.670,7,9,IWM260813C00340000,IWM,2026-08-13,call,340.0,0.03,104.0,0.04,10.0,0.035,,,0.3049,0.0075,0.0014,-0.0168,0.0098,0.0005,2026-08-04,297.58,302.38,297.22,301.71,714740.0,300.744723
2026-08-04T20:35:06.670,7,9,IWM260813C00350000,IWM,2026-08-13,call,350.0,0.0,0.0,0.01,12.0,0.005,,,,,,,,,2026-08-04,297.58,302.38,297.22,301.71,714740.0,300.744723
2026-08-04T20:35:06.670,7,9,IWM260813P00180000,IWM,2026-08-13,put,180.0,0.0,0.0,0.01,18.0,0.005,,,,,,,,,2026-08-04,297.58,302.38,297.22,301.71,714740.0,300.744723
2026-08-04T20:35:06.670,7,9,IWM260813P00190000,IWM,2026-08-13,put,190.0,0.0,0.0,0.01,116.0,0.005,,,,,,,,,2026-08-04,297.58,302.38,297.22,301.71,714740.0,300.744723
2026-08-04T20:35:06.670,7,9,IWM260813P00200000,IWM,2026-08-13,put,200.0,0.0,0.0,0.01,18.0,0.005,,,,,,,,,2026-08-04,297.58,302.38,297.22,301.71,714740.0,300.744723
2026-08-04T20:35:06.670,7,9,IWM260813P00205000,IWM,2026-08-13,put,205.0,0.0,0.0,0.03,18.0,0.015,,,,,,,,,2026-08-04,297.58,302.38,297.22,301.71,714740.0,300.744723
2026-08-04T20:35:06.670,7,9,IWM260813P00210000,IWM,2026-08-13,put,210.0,0.0,0.0,0.03,122.0,0.015,,,,,,,,,2026-08-04,297.58,302.38,297.22,301.71,714740.0,300.744723
2026-08-04T20:35:06.670,7,9,IWM260813P00215000,IWM,2026-08-13,put,215.0,0.0,0.0,0.03,11.0,0.015,,,,,,,,,2026-08-04,297.58,302.38,297.22,301.71,714740.0,300.744723
2026-08-04T20:35:06.670,7,9,IWM260813P00220000,IWM,2026-08-13,put,220.0,0.0,0.0,0.03,117.0,0.015,,,,,,,,,2026-08-04,297.58,302.38,297.22,301.71,714740.0,300.744723
2026-08-04T20:35:06.670,7,9,IWM260813P00225000,IWM,2026-08-13,put,225.0,0.0,0.0,0.01,12.0,0.005,,,,,,,,,2026-08-04,297.58,302.38,297.22,301.71,714740.0,300.744723
2026-08-04T20:35:06.670,7,9,IWM260813P00230000,IWM,2026-08-13,put,230.0,0.0,0.0,0.03,26.0,0.015,,,,,,,,,2026-08-04,297.58,302.38,297.22,301.71,714740.0,300.744723
2026-08-04T20:35:06.670,7,9,IWM260813P00235000,IWM,2026-08-13,put,235.0,0.0,0.0,0.03,20.0,0.015,,,,,,,,,2026-08-04,297.58,302.38,297.22,301.71,714740.0,300.744723
2026-08-04T20:35:06.670,7,9,IWM260813P00240000,IWM,2026-08-13,put,240.0,0.0,0.0,0.04,118.0,0.02,,,,,,,,,2026-08-04,297.58,302.38,297.22,301.71,714740.0,300.744723
2026-08-04T20:35:06.670,7,9,IWM260813P00245000,IWM,2026-08-13,put,245.0,0.01,104.0,0.04,22.0,0.025,0.12,1.0,0.5009,-0.0034,0.0004,-0.0133,0.0048,-0.0003,2026-08-04,297.58,302.38,297.22,301.71,714740.0,300.744723
2026-08-04T20:35:06.670,7,9,IWM260813P00250000,IWM,2026-08-13,put,250.0,0.01,104.0,0.05,31.0,0.030000000000000002,0.17,1.0,0.466,-0.0043,0.0006,-0.0153,0.006,-0.0003,2026-08-04,297.58,302.38,297.22,301.71,714740.0,300.744723
2026-08-04T20:35:06.670,7,9,IWM260813P00255000,IWM,2026-08-13,put,255.0,0.04,112.0,0.06,118.0,0.05,0.13,1.0,0.4475,-0.0071,0.0009,-0.0229,0.0093,-0.0005,2026-08-04,297.58,302.38,297.22,301.71,714740.0,300.744723
2026-08-04T20:35:06.670,7,9,IWM260813P00257500,IWM,2026-08-13,put,257.5,0.04,104.0,0.06,11.0,0.05,,,0.4246,-0.0074,0.001,-0.0227,0.0097,-0.0006,2026-08-04,297.58,302.38,297.22,301.71,714740.0,300.744723
2026-08-04T20:35:06.670,7,9,IWM260813P00260000,IWM,2026-08-13,put,260.0,0.01,10.0,0.03,14.0,0.02,,,0.3622,-0.0037,0.0006,-0.0105,0.0053,-0.0003,2026-08-04,297.58,302.38,297.22,301.71,714740.0,300.744723
2026-08-04T20:35:06.670,7,9,IWM260813P00261000,IWM,2026-08-13,put,261.0,0.01,15.0,0.03,16.0,0.02,,,0.3538,-0.0038,0.0007,-0.0104,0.0054,-0.0003,2026-08-04,297.58,302.38,297.22,301.71,714740.0,300.744723
2026-08-04T20:35:06.670,7,9,IWM260813P00262000,IWM,2026-08-13,put,262.0,0.06,15.0,0.07,9.0,0.065,,,0.3966,-0.01,0.0014,-0.0275,0.0126,-0.0008,2026-08-04,297.58,302.38,297.22,301.71,714740.0,300.744723
2026-08-04T20:35:06.670,7,9,IWM260813P00263000,IWM,2026-08-13,put,263.0,0.02,11.0,0.08,19.0,0.05,,,0.3745,-0.0083,0.0013,-0.0221,0.0108,-0.0006,2026-08-04,297.58,302.38,297.22,301.71,714740.0,300.744723
2026-08-04T20:35:06.670,7,9,IWM260813P00264000,IWM,2026-08-13,put,264.0,0.02,15.0,0.08,14.0,0.05,,,0.3655,-0.0085,0.0013,-0.022,0.011,-0.0006,2026-08-04,297.58,302.38,297.22,301.71,714740.0,300.744723
2026-08-04T20:35:06.670,7,9,IWM260813P00265000,IWM,2026-08-13,put,265.0,0.07,105.0,0.09,114.0,0.08,0.37,62.0,0.3791,-0.0126,0.0018,-0.0321,0.0154,-0.001,2026-08-04,297.58,302.38,297.22,301.71,714740.0,300.744723
2026-08-04T20:35:06.670,7,9,IWM260813P00266000,IWM,2026-08-13,put,266.0,0.07,99.0,0.09,33.0,0.08,0.29,44.0,0.3696,-0.0129,0.0019,-0.0319,0.0157,-0.001,2026-08-04,297.58,302.38,297.22,301.71,714740.0,300.744723
2026-08-04T20:35:06.670,7,9,IWM260813P00267000,IWM,2026-08-13,put,267.0,0.04,16.0,0.1,108.0,0.07,0.08,1.0,0.3536,-0.0119,0.0018,-0.0285,0.0147,-0.0009,2026-08-04,297.58,302.38,297.22,301.71,714740.0,300.744723
2026-08-04T20:35:06.670,7,9,IWM260813P00268000,IWM,2026-08-13,put,268.0,0.08,105.0,0.1,105.0,0.09,0.09,3.0,0.3565,-0.0148,0.0022,-0.0346,0.0177,-0.0011,2026-08-04,297.58,302.38,297.22,301.71,714740.0,300.744723
2026-08-04T20:35:06.670,7,9,IWM260813P00269000,IWM,2026-08-13,put,269.0,0.05,121.0,0.11,105.0,0.08,0.07,3.0,0.3412,-0.0138,0.0022,-0.0313,0.0167,-0.001,2026-08-04,297.58,302.38,297.22,301.71,714740.0,300.744723
2026-08-04T20:35:06.670,7,9,IWM260813P00270000,IWM,2026-08-13,put,270.0,0.1,19.0,0.12,104.0,0.11,0.09,1.0,0.3475,-0.0181,0.0027,-0.0401,0.0211,-0.0014,2026-08-04,297.58,302.38,297.22,301.71,714740.0,300.744723
2026-08-04T20:35:06.670,7,9,IWM260813P00271000,IWM,2026-08-13,put,271.0,0.06,103.0,0.12,103.0,0.09,0.08,10.0,0.3278,-0.0159,0.0026,-0.034,0.0189,-0.0012,2026-08-04,297.58,302.38,297.22,301.71,714740.0,300.744723
2026-08-04T20:35:06.670,7,9,IWM260813P00272000,IWM,2026-08-13,put,272.0,0.07,61.0,0.13,61.0,0.1,,,0.3233,-0.0177,0.0029,-0.0367,0.0207,-0.0013,2026-08-04,297.58,302.38,297.22,301.71,714740.0,300.744723
2026-08-04T20:35:06.670,7,9,IWM260813P00273000,IWM,2026-08-13,put,273.0,0.08,161.0,0.1,168.0,0.09,0.13,5.0,0.3087,-0.0168,0.0029,-0.0335,0.0198,-0.0013,2026-08-04,297.58,302.38,297.22,301.71,714740.0,300.744723
2026-08-04T20:35:06.670,7,9,IWM260813P00274000,IWM,2026-08-13,put,274.0,0.09,17.0,0.15,71.0,0.12,0.11,3.0,0.3126,-0.0215,0.0035,-0.0417,0.0244,-0.0016,2026-08-04,297.58,302.38,297.22,301.71,714740.0,300.744723
2026-08-04T20:35:06.670,7,9,IWM260813P00275000,IWM,2026-08-13,put,275.0,0.14,6.0,0.16,53.0,0.15000000000000002,0.15,1.0,0.3139,-0.0261,0.0041,-0.0493,0.0287,-0.002,2026-08-04,297.58,302.38,297.22,301.71,714740.0,300.744723
2026-08-04T20:35:06.670,7,9,IWM260813P00276000,IWM,2026-08-13,put,276.0,0.11,57.0,0.17,71.0,0.14,0.16,5.0,0.3002,-0.0255,0.0042,-0.0463,0.0282,-0.0019,2026-08-04,297.58,302.38,297.22,301.71,714740.0,300.744723
2026-08-04T20:35:06.670,7,9,IWM260813P00277000,IWM,2026-08-13,put,277.0,0.12,61.0,0.14,61.0,0.13,0.18,3.0,0.2866,-0.0249,0.0043,-0.0433,0.0277,-0.0019,2026-08-04,297.58,302.38,297.22,301.71,714740.0,300.744723
2026-08-04T20:35:06.670,7,9,IWM260813P00278000,IWM,2026-08-13,put,278.0,0.17,85.0,0.19,94.0,0.18,0.16,1.0,0.2925,-0.0326,0.0053,-0.0551,0.0345,-0.0025,2026-08-04,297.58,302.38,297.22,301.71,714740.0,300.744723
2026-08-04T20:35:06.670,7,9,IWM260813P00279000,IWM,2026-08-13,put,279.0,0.14,87.0,0.17,165.0,0.15500000000000003,0.18,1.0,0.2747,-0.0302,0.0053,-0.0486,0.0325,-0.0023,2026-08-04,297.58,302.38,297.22,301.71,714740.0,300.744723
2026-08-04T20:35:06.670,7,9,IWM260813P00280000,IWM,2026-08-13,put,280.0,0.16,10.0,0.22,19.0,0.19,0.18,3.0,0.2743,-0.0362,0.0061,-0.0562,0.0376,-0.0027,2026-08-04,297.58,302.38,297.22,301.71,714740.0,300.744723
2026-08-04T20:35:06.670,7,9,IWM260813P00281000,IWM,2026-08-13,put,281.0,0.22,16.0,0.24,71.0,0.22999999999999998,0.2,2.0,0.2735,-0.0428,0.007,-0.0643,0.0432,-0.0032,2026-08-04,297.58,302.38,297.22,301.71,714740.0,300.744723
2026-08-04T20:35:06.670,7,9,IWM260813P00282000,IWM,2026-08-13,put,282.0,0.2,12.0,0.26,57.0,0.23,0.23,1.0,0.2626,-0.0444,0.0075,-0.0635,0.0444,-0.0034,2026-08-04,297.58,302.38,297.22,301.71,714740.0,300.744723
2026-08-04T20:35:06.670,7,9,IWM260813P00283000,IWM,2026-08-13,put,283.0,0.26,80.0,0.29,119.0,0.275,0.44,1.0,0.2611,-0.052,0.0086,-0.0716,0.0505,-0.0039,2026-08-04,297.58,302.38,297.22,301.71,714740.0,300.744723
2026-08-04T20:35:06.670,7,9,IWM260813P00284000,IWM,2026-08-13,put,284.0,0.24,117.0,0.32,122.0,0.28,0.28,3.0,0.2509,-0.0547,0.0093,-0.0715,0.0525,-0.0041,2026-08-04,297.58,302.38,297.22,301.71,714740.0,300.744723
2026-08-04T20:35:06.670,7,9,IWM260813P00285000,IWM,2026-08-13,put,285.0,0.31,134.0,0.35,10.0,0.32999999999999996,0.26,3.0,0.2484,-0.0635,0.0106,-0.0795,0.059,-0.0048,2026-08-04,297.58,302.38,297.22,301.71,714740.0,300.744723
2026-08-04T20:35:06.670,7,9,IWM260813P00286000,IWM,2026-08-13,put,286.0,0.35,79.0,0.39,72.0,0.37,0.34,2.0,0.2432,-0.0712,0.0118,-0.085,0.0645,-0.0054,2026-08-04,297.58,302.38,297.22,301.71,714740.0,300.744723
2026-08-04T20:35:06.670,7,9,IWM260813P00287000,IWM,2026-08-13,put,287.0,0.39,173.0,0.44,125.0,0.41500000000000004,0.37,1.0,0.2378,-0.08,0.0132,-0.0907,0.0705,-0.0061,2026-08-04,297.58,302.38,297.22,301.71,714740.0,300.744723
2026-08-04T20:35:06.670,7,9,IWM260813P00288000,IWM,2026-08-13,put,288.0,0.45,15.0,0.49,21.0,0.47,0.44,1.0,0.233,-0.0903,0.0147,-0.0972,0.0772,-0.0068,2026-08-04,297.58,302.38,297.22,301.71,714740.0,300.744723
2026-08-04T20:35:06.670,7,9,IWM260813P00289000,IWM,2026-08-13,put,289.0,0.51,90.0,0.55,10.0,0.53,0.49,1.0,0.2277,-0.1018,0.0165,-0.1035,0.0843,-0.0077,2026-08-04,297.58,302.38,297.22,301.71,714740.0,300.744723
2026-08-04T20:35:06.670,7,9,IWM260813P00290000,IWM,2026-08-13,put,290.0,0.58,75.0,0.62,1.0,0.6,0.57,5.0,0.2227,-0.1149,0.0184,-0.1102,0.092,-0.0087,2026-08-04,297.58,302.38,297.22,301.71,714740.0,300.744723
2026-08-04T20:35:06.670,7,9,IWM260813P00291000,IWM,2026-08-13,put,291.0,0.66,99.0,0.68,55.0,0.67,0.6,1.0,0.2165,-0.1287,0.0205,-0.1158,0.0996,-0.0097,2026-08-04,297.58,302.38,297.22,301.71,714740.0,300.744723
2026-08-04T20:35:06.670,7,9,IWM260813P00292000,IWM,2026-08-13,put,292.0,0.76,91.0,0.78,91.0,0.77,0.74,2.0,0.2122,-0.1464,0.0228,-0.1237,0.1088,-0.0111,2026-08-04,297.58,302.38,297.22,301.71,714740.0,300.744723
2026-08-04T20:35:06.670,7,9,IWM260813P00293000,IWM,2026-08-13,put,293.0,0.84,54.0,0.95,55.0,0.895,0.85,5.0,0.2088,-0.1673,0.0253,-0.1326,0.1188,-0.0127,2026-08-04,297.58,302.38,297.22,301.71,714740.0,300.744723
2026-08-04T20:35:06.670,7,9,IWM260813P00294000,IWM,2026-08-13,put,294.0,0.98,113.0,1.09,1.0,1.0350000000000001,0.98,1.0,0.205,-0.1905,0.028,-0.1409,0.1289,-0.0144,2026-08-04,297.58,302.38,297.22,301.71,714740.0,300.744723
2026-08-04T20:35:06.670,7,9,IWM260813P00295000,IWM,2026-08-13,put,295.0,1.19,20.0,1.21,18.0,1.2,1.18,25.0,0.2014,-0.2166,0.0307,-0.1491,0.1392,-0.0164,2026-08-04,297.58,302.38,297.22,301.71,714740.0,300.744723
2026-08-04T20:35:06.670,7,9,IWM260813P00296000,IWM,2026-08-13,put,296.0,1.33,40.0,1.46,93.0,1.395,1.31,1.0,0.1983,-0.2461,0.0335,-0.157,0.1494,-0.0187,2026-08-04,297.58,302.38,297.22,301.71,714740.0,300.744723
2026-08-04T20:35:06.670,7,9,IWM260813P00297000,IWM,2026-08-13,put,297.0,1.56,42.0,1.64,52.0,1.6,1.51,5.0,0.194,-0.2773,0.0364,-0.1627,0.1589,-0.021,2026-08-04,297.58,302.38,297.22,301.71,714740.0,300.744723
2026-08-04T20:35:06.670,7,9,IWM260813P00298000,IWM,2026-08-13,put,298.0,1.88,56.0,1.92,37.0,1.9,1.73,1.0,0.1936,-0.3152,0.0387,-0.1715,0.1685,-0.0239,2026-08-04,297.58,302.38,297.22,301.71,714740.0,300.744723
2026-08-04T20:35:06.670,7,9,IWM260813P00299000,IWM,2026-08-13,put,299.0,2.19,72.0,2.28,40.0,2.235,2.1,1.0,0.193,-0.3549,0.0407,-0.1783,0.1765,-0.027,2026-08-04,297.58,302.38,297.22,301.71,714740.0,300.744723
2026-08-04T20:35:06.670,7,9,IWM260813P00300000,IWM,2026-08-13,put,300.0,2.49,25.0,2.59,15.0,2.54,2.51,3.0,0.1885,-0.3945,0.0431,-0.1789,0.1825,-0.03,2026-08-04,297.58,302.38,297.22,301.71,714740.0,300.744723
2026-08-04T20:35:06.670,7,9,IWM260813P00301000,IWM,2026-08-13,put,301.0,2.88,13.0,3.03,7.0,2.955,2.86,10.0,0.1878,-0.4382,0.0443,-0.1815,0.1869,-0.0334,2026-08-04,297.58,302.38,297.22,301.71,714740.0,300.744723
2026-08-04T20:35:06.670,7,9,IWM260813P00302000,IWM,2026-08-13,put,302.0,3.43,21.0,3.45,14.0,3.4400000000000004,3.31,3.0,0.1885,-0.4828,0.0446,-0.183,0.189,-0.0368,2026-08-04,297.58,302.38,297.22,301.71,714740.0,300.744723
2026-08-04T20:35:06.670,7,9,IWM260813P00303000,IWM,2026-08-13,put,303.0,3.94,13.0,4.05,2.0,3.995,3.8,3.0,0.1906,-0.5269,0.044,-0.1835,0.1887,-0.0402,2026-08-04,297.58,302.38,297.22,301.71,714740.0,300.744723
2026-08-04T20:35:06.670,7,9,IWM260813P00304000,IWM,2026-08-13,put,304.0,4.13,10.0,4.61,13.0,4.37,4.25,1.0,0.1806,-0.575,0.0458,-0.1686,0.1858,-0.0439,2026-08-04,297.58,302.38,297.22,301.71,714740.0,300.744723
2026-08-04T20:35:06.670,7,9,IWM260813P00305000,IWM,2026-08-13,put,305.0,4.92,5.0,5.17,8.0,5.045,,,0.1843,-0.6172,0.0437,-0.1661,0.1809,-0.0472,2026-08-04,297.58,302.38,297.22,301.71,714740.0,300.744723
2026-08-04T20:35:06.670,7,9,IWM260813P00306000,IWM,2026-08-13,put,306.0,5.72,1.0,5.83,7.0,5.775,,,0.189,-0.6556,0.0411,-0.1629,0.1746,-0.0502,2026-08-04,297.58,302.38,297.22,301.71,714740.0,300.744723
2026-08-04T20:35:06.670,7,9,IWM260813P00307000,IWM,2026-08-13,put,307.0,5.98,10.0,6.74,10.0,6.36,,,0.1829,-0.7013,0.04,-0.1453,0.1645,-0.0538,2026-08-04,297.58,302.38,297.22,301.71,714740.0,300.744723
2026-08-04T20:35:06.670,7,9,IWM260813P00308000,IWM,2026-08-13,put,308.0,7.01,2.0,7.3,10.0,7.154999999999999,,,0.1871,-0.7345,0.0369,-0.1387,0.1555,-0.0565,2026-08-04,297.58,302.38,297.22,301.71,714740.0,300.744723
2026-08-04T20:35:06.670,7,9,IWM260813P00309000,IWM,2026-08-13,put,309.0,7.91,2.0,8.4,2.0,8.155000000000001,,,0.2034,-0.7503,0.0329,-0.1466,0.1506,-0.0579,2026-08-04,297.58,302.38,297.22,301.71,714740.0,300.744723
2026-08-04T20:35:06.670,7,9,IWM260813P00310000,IWM,2026-08-13,put,310.0,8.87,5.0,9.08,5.0,8.975,,,0.2066,-0.7776,0.0304,-0.1377,0.1413,-0.0601,2026-08-04,297.58,302.38,297.22,301.71,714740.0,300.744723
2026-08-04T20:35:06.670,7,9,IWM260813P00311000,IWM,2026-08-13,put,311.0,9.71,2.0,9.99,10.0,9.850000000000001,,,0.2122,-0.7994,0.0279,-0.1316,0.133,-0.062,2026-08-04,297.58,302.38,297.22,301.71,714740.0,300.744723
2026-08-04T20:35:06.670,7,9,IWM260813P00312000,IWM,2026-08-13,put,312.0,10.37,2.0,10.58,5.0,10.475,,,0.1956,-0.8457,0.0256,-0.0958,0.1127,-0.0656,2026-08-04,297.58,302.38,297.22,301.71,714740.0,300.744723
2026-08-04T20:35:06.670,7,9,IWM260813P00313000,IWM,2026-08-13,put,313.0,11.16,2.0,11.71,10.0,11.435,,,0.2049,-0.8577,0.0232,-0.0944,0.1067,-0.0667,2026-08-04,297.58,302.38,297.22,301.71,714740.0,300.744723
2026-08-04T20:35:06.670,7,9,IWM260813P00314000,IWM,2026-08-13,put,314.0,12.17,2.0,12.65,10.0,12.41,,,0.215,-0.867,0.0211,-0.0943,0.1019,-0.0676,2026-08-04,297.58,302.38,297.22,301.71,714740.0,300.744723
2026-08-04T20:35:06.670,7,9,IWM260813P00315000,IWM,2026-08-13,put,315.0,13.27,2.0,13.48,2.0,13.375,,,0.2238,-0.8766,0.0192,-0.0924,0.0968,-0.0686,2026-08-04,297.58,302.38,297.22,301.71,714740.0,300.744723
2026-08-04T20:35:06.670,7,9,IWM260813P00316000,IWM,2026-08-13,put,316.0,14.36,2.0,14.61,10.0,14.485,,,0.2471,-0.8701,0.018,-0.1099,0.1003,-0.0684,2026-08-04,297.58,302.38,297.22,301.71,714740.0,300.744723
2026-08-04T20:35:06.670,7,9,IWM260813P00317000,IWM,2026-08-13,put,317.0,15.34,2.0,15.61,2.0,15.475,,,0.2582,-0.8759,0.0167,-0.1113,0.0971,-0.069,2026-08-04,297.58,302.38,297.22,301.71,714740.0,300.744723
2026-08-04T20:35:06.670,7,9,IWM260813P00318000,IWM,2026-08-13,put,318.0,14.93,1.0,18.14,1.0,16.535,,,0.2764,-0.8746,0.0157,-0.1221,0.0978,-0.0692,2026-08-04,297.58,302.38,297.22,301.71,714740.0,300.744723
2026-08-04T20:35:06.670,7,9,IWM260813P00319000,IWM,2026-08-13,put,319.0,16.85,2.0,17.54,2.0,17.195,,,0.2486,-0.9134,0.0134,-0.074,0.0748,-0.0723,2026-08-04,297.58,302.38,297.22,301.71,714740.0,300.744723
2026-08-04T20:35:06.670,7,9,IWM260813P00320000,IWM,2026-08-13,put,320.0,18.47,2.0,18.89,2.0,18.68,,,0.3151,-0.8704,0.0141,-0.147,0.1001,-0.0694,2026-08-04,297.58,302.38,297.22,301.71,714740.0,300.744723
2026-08-04T20:35:06.670,7,9,IWM260813P00321000,IWM,2026-08-13,put,321.0,18.78,2.0,19.33,2.0,19.055,,,0.2487,-0.9359,0.0106,-0.052,0.0595,-0.0744,2026-08-04,297.58,302.38,297.22,301.71,714740.0,300.744723
2026-08-04T20:35:06.670,7,9,IWM260813P00322000,IWM,2026-08-13,put,322.0,18.39,1.0,22.39,1.0,20.39,,,0.3064,-0.9017,0.0119,-0.1105,0.0822,-0.0722,2026-08-04,297.58,302.38,297.22,301.71,714740.0,300.744723
2026-08-04T20:35:06.670,7,9,IWM260813P00323000,IWM,2026-08-13,put,323.0,20.79,2.0,21.96,2.0,21.375,,,0.3155,-0.9058,0.0112,-0.1101,0.0797,-0.0727,2026-08-04,297.58,302.38,297.22,301.71,714740.0,300.744723
2026-08-04T20:35:06.670,7,9,IWM260813P00324000,IWM,2026-08-13,put,324.0,20.78,1.0,24.21,1.0,22.495,,,0.3411,-0.898,0.011,-0.1306,0.0844,-0.0724,2026-08-04,297.58,302.38,297.22,301.71,714740.0,300.744723
2026-08-04T20:35:06.670,7,9,IWM260813P00325000,IWM,2026-08-13,put,325.0,22.31,1.0,24.63,1.0,23.47,,,0.3491,-0.9026,0.0104,-0.1287,0.0817,-0.073,2026-08-04,297.58,302.38,297.22,301.71,714740.0,300.744723
2026-08-04T20:35:06.670,7,9,IWM260813P00330000,IWM,2026-08-13,put,330.0,26.66,1.0,30.26,1.0,28.46,,,0.4011,-0.9136,0.0083,-0.136,0.0747,-0.075,2026-08-04,297.58,302.38,297.22,301.71,714740.0,300.744723
2026-08-04T20:35:06.670,7,9,IWM260813P00340000,IWM,2026-08-13,put,340.0,38.17,2.0,39.33,2.0,38.75,,,0.5419,-0.91,0.0063,-0.2005,0.077,-0.0773,2026-08-04,297.58,302.38,297.22,301.71,714740.0,300.744723
2026-08-04T20:35:06.670,7,9,IWM260813P00350000,IWM,2026-08-13,put,350.0,47.44,2.0,49.02,2.0,48.230000000000004,,,0.5521,-0.9504,0.0039,-0.1156,0.0486,-0.0827,2026-08-04,297.58,302.38,297.22,301.71,714740.0,300.744723
2026-08-04T20:35:06.670,7,10,IWM260814C00150000,IWM,2026-08-14,call,150.0,150.84,2.0,151.36,2.0,151.10000000000002,144.02,2.0,,,,,,,2026-08-04,297.58,302.38,297.22,301.71,714740.0,300.744723
2026-08-04T20:35:06.670,7,10,IWM260814C00155000,IWM,2026-08-14,call,155.0,145.77,1.0,149.02,1.0,147.395,142.13,1.0,,,,,,,2026-08-04,297.58,302.38,297.22,301.71,714740.0,300.744723
2026-08-04T20:35:06.670,7,10,IWM260814C00160000,IWM,2026-08-14,call,160.0,142.38,2.0,142.92,2.0,142.64999999999998,,,,,,,,,2026-08-04,297.58,302.38,297.22,301.71,714740.0,300.744723
2026-08-04T20:35:06.670,7,10,IWM260814C00165000,IWM,2026-08-14,call,165.0,135.81,1.0,139.88,1.0,137.845,,,,,,,,,2026-08-04,297.58,302.38,297.22,301.71,714740.0,300.744723
2026-08-04T20:35:06.670,7,10,IWM260814C00170000,IWM,2026-08-14,call,170.0,128.35,1.0,135.55,1.0,131.95,,,,,,,,,2026-08-04,297.58,302.38,297.22,301.71,714740.0,300.744723
2026-08-04T20:35:06.670,7,10,IWM260814C00175000,IWM,2026-08-14,call,175.0,125.14,2.0,126.43,2.0,125.785,,,,,,,,,2026-08-04,297.58,302.38,297.22,301.71,714740.0,300.744723
2026-08-04T20:35:06.670,7,10,IWM260814C00180000,IWM,2026-08-14,call,180.0,117.8,1.0,124.43,1.0,121.11500000000001,,,,,,,,,2026-08-04,297.58,302.38,297.22,301.71,714740.0,300.744723
2026-08-04T20:35:06.670,7,10,IWM260814C00185000,IWM,2026-08-14,call,185.0,115.18,1.0,118.47,1.0,116.825,,,,,,,,,2026-08-04,297.58,302.38,297.22,301.71,714740.0,300.744723
2026-08-04T20:35:06.670,7,10,IWM260814C00190000,IWM,2026-08-14,call,190.0,112.29,1.0,115.3,1.0,113.795,,,,,,,,,2026-08-04,297.58,302.38,297.22,301.71,714740.0,300.744723
2026-08-04T20:35:06.670,7,10,IWM260814C00195000,IWM,2026-08-14,call,195.0,106.78,2.0,108.39,2.0,107.58500000000001,,,,,,,,,2026-08-04,297.58,302.38,297.22,301.71,714740.0,300.744723
2026-08-04T20:35:06.670,7,10,IWM260814C00200000,IWM,2026-08-14,call,200.0,103.33,2.0,103.81,2.0,103.57,,,,,,,,,2026-08-04,297.58,302.38,297.22,301.71,714740.0,300.744723
2026-08-04T20:35:06.670,7,10,IWM260814C00205000,IWM,2026-08-14,call,205.0,96.84,1.0,98.94,1.0,97.89,,,,,,,,,2026-08-04,297.58,302.38,297.22,301.71,714740.0,300.744723
2026-08-04T20:35:06.670,7,10,IWM260814C00210000,IWM,2026-08-14,call,210.0,92.03,2.0,93.8,2.0,92.91499999999999,,,,,,,,,2026-08-04,297.58,302.38,297.22,301.71,714740.0,300.744723
2026-08-04T20:35:06.670,7,10,IWM260814C00215000,IWM,2026-08-14,call,215.0,85.91,2.0,86.43,2.0,86.17,,,,,,,,,2026-08-04,297.58,302.38,297.22,301.71,714740.0,300.744723
2026-08-04T20:35:06.670,7,10,IWM260814C00220000,IWM,2026-08-14,call,220.0,82.43,4.0,83.1,2.0,82.765,71.28,1.0,,,,,,,2026-08-04,297.58,302.38,297.22,301.71,714740.0,300.744723
2026-08-04T20:35:06.670,7,10,IWM260814C00225000,IWM,2026-08-14,call,225.0,77.54,2.0,78.03,2.0,77.785,,,,,,,,,2026-08-04,297.58,302.38,297.22,301.71,714740.0,300.744723
2026-08-04T20:35:06.670,7,10,IWM260814C00230000,IWM,2026-08-14,call,230.0,70.71,2.0,71.25,2.0,70.97999999999999,65.36,1.0,,,,,,,2026-08-04,297.58,302.38,297.22,301.71,714740.0,300.744723
2026-08-04T20:35:06.670,7,10,IWM260814C00235000,IWM,2026-08-14,call,235.0,65.209,1.0,69.05,1.0,67.12950000000001,60.31,1.0,,,,,,,2026-08-04,297.58,302.38,297.22,301.71,714740.0,300.744723
2026-08-04T20:35:06.670,7,10,IWM260814C00240000,IWM,2026-08-14,call,240.0,62.18,2.0,62.78,2.0,62.480000000000004,57.56,2.0,0.6955,0.9804,0.0014,-0.1062,0.0238,0.064,2026-08-04,297.58,302.38,297.22,301.71,714740.0,300.744723
2026-08-04T20:35:06.670,7,10,IWM260814C00245000,IWM,2026-08-14,call,245.0,56.86,2.0,57.33,2.0,57.095,48.04,2.0,,,,,,,2026-08-04,297.58,302.38,297.22,301.71,714740.0,300.744723
2026-08-04T20:35:06.670,7,10,IWM260814C00250000,IWM,2026-08-14,call,250.0,52.28,2.0,52.51,2.0,52.394999999999996,52.5,2.0,0.5484,0.9837,0.0015,-0.0802,0.0203,0.067,2026-08-04,297.58,302.38,297.22,301.71,714740.0,300.744723
2026-08-04T20:35:06.670,7,10,IWM260814C00252500,IWM,2026-08-14,call,252.5,50.0,2.0,50.3,2.0,50.15,,,0.6105,0.9665,0.0024,-0.138,0.0373,0.0662,2026-08-04,297.58,302.38,297.22,301.71,714740.0,300.744723
2026-08-04T20:35:06.670,7,10,IWM260814C00255000,IWM,2026-08-14,call,255.0,46.86,2.0,47.57,2.0,47.215,34.87,1.0,,,,,,,2026-08-04,297.58,302.38,297.22,301.71,714740.0,300.744723
2026-08-04T20:35:06.670,7,10,IWM260814C00257500,IWM,2026-08-14,call,257.5,42.11,1.0,45.82,1.0,43.965,,,,,,,,,2026-08-04,297.58,302.38,297.22,301.71,714740.0,300.744723
2026-08-04T20:35:06.670,7,10,IWM260814C00260000,IWM,2026-08-14,call,260.0,41.3,2.0,42.08,2.0,41.69,30.25,1.0,,,,,,,2026-08-04,297.58,302.38,297.22,301.71,714740.0,300.744723
2026-08-04T20:35:06.670,7,10,IWM260814C00261000,IWM,2026-08-14,call,261.0,40.92,5.0,41.4,2.0,41.16,,,,,,,,,2026-08-04,297.58,302.38,297.22,301.71,714740.0,300.744723
2026-08-04T20:35:06.670,7,10,IWM260814C00262000,IWM,2026-08-14,call,262.0,40.34,2.0,40.88,2.0,40.61,,,0.4928,0.9636,0.0032,-0.1234,0.0399,0.0686,2026-08-04,297.58,302.38,297.22,301.71,714740.0,300.744723
2026-08-04T20:35:06.670,7,10,IWM260814C00263000,IWM,2026-08-14,call,263.0,37.83,1.0,39.82,1.0,38.825,,,,,,,,,2026-08-04,297.58,302.38,297.22,301.71,714740.0,300.744723
2026-08-04T20:35:06.670,7,10,IWM260814C00264000,IWM,2026-08-14,call,264.0,37.62,2.0,38.45,10.0,38.035,,,,,,,,,2026-08-04,297.58,302.38,297.22,301.71,714740.0,300.744723
2026-08-04T20:35:06.670,7,10,IWM260814C00265000,IWM,2026-08-14,call,265.0,36.59,2.0,37.21,2.0,36.900000000000006,32.89,1.0,,,,,,,2026-08-04,297.58,302.38,297.22,301.71,714740.0,300.744723
2026-08-04T20:35:06.670,7,10,IWM260814C00266000,IWM,2026-08-14,call,266.0,36.02,2.0,36.24,2.0,36.13,,,,,,,,,2026-08-04,297.58,302.38,297.22,301.71,714740.0,300.744723
2026-08-04T20:35:06.670,7,10,IWM260814C00267000,IWM,2026-08-14,call,267.0,33.32,1.0,37.33,1.0,35.325,,,0.3405,0.9871,0.0019,-0.0546,0.0166,0.072,2026-08-04,297.58,302.38,297.22,301.71,714740.0,300.744723
2026-08-04T20:35:06.670,7,10,IWM260814C00268000,IWM,2026-08-14,call,268.0,32.159,1.0,35.3,1.0,33.7295,25.23,1.0,,,,,,,2026-08-04,297.58,302.38,297.22,301.71,714740.0,300.744723
2026-08-04T20:35:06.670,7,10,IWM260814C00269000,IWM,2026-08-14,call,269.0,32.34,2.0,33.63,2.0,32.985,22.77,2.0,,,,,,,2026-08-04,297.58,302.38,297.22,301.71,714740.0,300.744723
2026-08-04T20:35:06.670,7,10,IWM260814C00270000,IWM,2026-08-14,call,270.0,32.229,2.0,32.72,2.0,32.4745,22.84,1.0,0.3703,0.9695,0.0037,-0.09,0.0345,0.0713,2026-08-04,297.58,302.38,297.22,301.71,714740.0,300.744723
2026-08-04T20:35:06.670,7,10,IWM260814C00271000,IWM,2026-08-14,call,271.0,30.31,2.0,31.76,2.0,31.035,20.16,9.0,,,,,,,2026-08-04,297.58,302.38,297.22,301.71,714740.0,300.744723
2026-08-04T20:35:06.670,7,10,IWM260814C00272000,IWM,2026-08-14,call,272.0,29.78,2.0,29.89,2.0,29.835,21.29,1.0,,,,,,,2026-08-04,297.58,302.38,297.22,301.71,714740.0,300.744723
2026-08-04T20:35:06.670,7,10,IWM260814C00273000,IWM,2026-08-14,call,273.0,27.44,1.0,30.89,1.0,29.165,17.82,1.0,,,,,,,2026-08-04,297.58,302.38,297.22,301.71,714740.0,300.744723
2026-08-04T20:35:06.670,7,10,IWM260814C00274000,IWM,2026-08-14,call,274.0,27.97,2.0,28.27,2.0,28.119999999999997,18.08,2.0,,,,,,,2026-08-04,297.58,302.38,297.22,301.71,714740.0,300.744723
2026-08-04T20:35:06.670,7,10,IWM260814C00275000,IWM,2026-08-14,call,275.0,27.07,2.0,27.13,2.0,27.1,16.59,1.0,,,,,,,2026-08-04,297.58,302.38,297.22,301.71,714740.0,300.744723
2026-08-04T20:35:06.670,7,10,IWM260814C00276000,IWM,2026-08-14,call,276.0,25.59,3.0,26.04,3.0,25.814999999999998,25.55,1.0,,,,,,,2026-08-04,297.58,302.38,297.22,301.71,714740.0,300.744723
2026-08-04T20:35:06.670,7,10,IWM260814C00277000,IWM,2026-08-14,call,277.0,25.3,2.0,25.74,2.0,25.52,18.36,1.0,0.3084,0.9588,0.0057,-0.0945,0.0442,0.0723,2026-08-04,297.58,302.38,297.22,301.71,714740.0,300.744723
2026-08-04T20:35:06.670,7,10,IWM260814C00278000,IWM,2026-08-14,call,278.0,23.7,2.0,24.83,2.0,24.265,14.89,1.0,0.1809,0.9975,0.0008,-0.0312,0.0038,0.0759,2026-08-04,297.58,302.38,297.22,301.71,714740.0,300.744723
2026-08-04T20:35:06.670,7,10,IWM260814C00279000,IWM,2026-08-14,call,279.0,23.2,2.0,23.68,2.0,23.439999999999998,13.63,1.0,0.268,0.9663,0.0056,-0.0771,0.0375,0.0735,2026-08-04,297.58,302.38,297.22,301.71,714740.0,300.744723
2026-08-04T20:35:06.670,7,10,IWM260814C00280000,IWM,2026-08-14,call,280.0,22.07,2.0,22.4,14.0,22.235,22.54,1.0,,,,,,,2026-08-04,297.58,302.38,297.22,301.71,714740.0,300.744723
2026-08-04T20:35:06.670,7,10,IWM260814C00281000,IWM,2026-08-14,call,281.0,21.14,2.0,21.36,2.0,21.25,20.42,1.0,,,,,,,2026-08-04,297.58,302.38,297.22,301.71,714740.0,300.744723
2026-08-04T20:35:06.670,7,10,IWM260814C00282000,IWM,2026-08-14,call,282.0,20.19,2.0,20.69,10.0,20.44,20.36,1.0,0.2375,0.963,0.0068,-0.0751,0.0404,0.0741,2026-08-04,297.58,302.38,297.22,301.71,714740.0,300.744723
2026-08-04T20:35:06.670,7,10,IWM260814C00282500,IWM,2026-08-14,call,282.5,19.78,2.0,19.96,2.0,19.87,9.74,1.0,0.2127,0.9738,0.0057,-0.0598,0.0304,0.0751,2026-08-04,297.58,302.38,297.22,301.71,714740.0,300.744723
2026-08-04T20:35:06.670,7,10,IWM260814C00283000,IWM,2026-08-14,call,283.0,19.33,2.0,19.76,2.0,19.545,16.51,2.0,0.2493,0.9472,0.0086,-0.0938,0.0538,0.073,2026-08-04,297.58,302.38,297.22,301.71,714740.0,300.744723
2026-08-04T20:35:06.670,7,10,IWM260814C00284000,IWM,2026-08-14,call,284.0,18.1,2.0,18.35,2.0,18.225,18.31,2.0,,,,,,,2026-08-04,297.58,302.38,297.22,301.71,714740.0,300.744723
2026-08-04T20:35:06.670,7,10,IWM260814C00285000,IWM,2026-08-14,call,285.0,17.11,2.0,17.59,2.0,17.35,16.309,5.0,0.182,0.9755,0.0063,-0.0539,0.0287,0.076,2026-08-04,297.58,302.38,297.22,301.71,714740.0,300.744723
2026-08-04T20:35:06.670,7,10,IWM260814C00286000,IWM,2026-08-14,call,286.0,16.239,2.0,16.53,4.0,16.384500000000003,16.95,1.0,0.183,0.9674,0.008,-0.061,0.0365,0.0755,2026-08-04,297.58,302.38,297.22,301.71,714740.0,300.744723
2026-08-04T20:35:06.670,7,10,IWM260814C00287000,IWM,2026-08-14,call,287.0,14.92,2.0,15.66,3.0,15.29,15.46,3.0,0.1351,0.9901,0.0039,-0.0373,0.0132,0.0777,2026-08-04,297.58,302.38,297.22,301.71,714740.0,300.744723
2026-08-04T20:35:06.670,7,10,IWM260814C00287500,IWM,2026-08-14,call,287.5,14.79,10.0,15.04,3.0,14.915,6.44,1.0,0.1756,0.959,0.01,-0.0661,0.0439,0.0753,2026-08-04,297.58,302.38,297.22,301.71,714740.0,300.744723
2026-08-04T20:35:06.670,7,10,IWM260814C00288000,IWM,2026-08-14,call,288.0,14.18,3.0,14.42,10.0,14.3,14.36,2.0,0.1329,0.9865,0.0052,-0.0399,0.0173,0.0777,2026-08-04,297.58,302.38,297.22,301.71,714740.0,300.744723
2026-08-04T20:35:06.670,7,10,IWM260814C00289000,IWM,2026-08-14,call,289.0,13.1,2.0,13.83,2.0,13.465,13.64,2.0,0.1702,0.9462,0.0129,-0.0738,0.0546,0.0746,2026-08-04,297.58,302.38,297.22,301.71,714740.0,300.744723
2026-08-04T20:35:06.670,7,10,IWM260814C00290000,IWM,2026-08-14,call,290.0,12.32,5.0,13.02,10.0,12.67,13.1,1.0,0.1891,0.91,0.0172,-0.103,0.0812,0.0718,2026-08-04,297.58,302.38,297.22,301.71,714740.0,300.744723
2026-08-04T20:35:06.670,7,10,IWM260814C00291000,IWM,2026-08-14,call,291.0,11.7,3.0,11.9,12.0,11.8,12.12,1.0,0.1917,0.8878,0.0199,-0.1171,0.0954,0.0702,2026-08-04,297.58,302.38,297.22,301.71,714740.0,300.744723
2026-08-04T20:35:06.670,7,10,IWM260814C00292000,IWM,2026-08-14,call,292.0,10.57,10.0,11.2,6.0,10.885,11.3,1.0,0.1874,0.871,0.0225,-0.1238,0.1052,0.0691,2026-08-04,297.58,302.38,297.22,301.71,714740.0,300.744723
2026-08-04T20:35:06.670,7,10,IWM260814C00292500,IWM,2026-08-14,call,292.5,10.23,17.0,10.45,4.0,10.34,10.33,1.0,0.1767,0.8728,0.0236,-0.1174,0.1042,0.0694,2026-08-04,297.58,302.38,297.22,301.71,714740.0,300.744723
2026-08-04T20:35:06.670,7,10,IWM260814C00293000,IWM,2026-08-14,call,293.0,9.65,5.0,9.97,1.0,9.81,10.41,1.0,0.1674,0.8728,0.0249,-0.1126,0.1041,0.0695,2026-08-04,297.58,302.38,297.22,301.71,714740.0,300.744723
2026-08-04T20:35:06.670,7,10,IWM260814C00294000,IWM,2026-08-14,call,294.0,8.85,9.0,9.33,2.0,9.09,9.52,1.0,0.1781,0.8307,0.0283,-0.1366,0.1261,0.0662,2026-08-04,297.58,302.38,297.22,301.71,714740.0,300.744723
2026-08-04T20:35:06.670,7,10,IWM260814C00295000,IWM,2026-08-14,call,295.0,8.14,10.0,8.46,3.0,8.3,8.58,2.0,0.1793,0.7985,0.0314,-0.1494,0.1406,0.0638,2026-08-04,297.58,302.38,297.22,301.71,714740.0,300.744723
2026-08-04T20:35:06.670,7,10,IWM260814C00296000,IWM,2026-08-14,call,296.0,7.53,3.0,7.62,16.0,7.575,7.61,2.0,0.1824,0.7614,0.034,-0.1636,0.1549,0.0609,2026-08-04,297.58,302.38,297.22,301.71,714740.0,300.744723
2026-08-04T20:35:06.670,7,10,IWM260814C00297000,IWM,2026-08-14,call,297.0,6.78,10.0,6.79,6.0,6.785,7.01,2.0,0.179,0.729,0.037,-0.1695,0.1656,0.0585,2026-08-04,297.58,302.38,297.22,301.71,714740.0,300.744723
2026-08-04T20:35:06.670,7,10,IWM260814C00297500,IWM,2026-08-14,call,297.5,6.34,8.0,6.49,2.0,6.415,6.56,7.0,0.1781,0.7108,0.0384,-0.173,0.1709,0.0571,2026-08-04,297.58,302.38,297.22,301.71,714740.0,300.744723
2026-08-04T20:35:06.670,7,10,IWM260814C00298000,IWM,2026-08-14,call,298.0,6.01,9.0,6.15,27.0,6.08,6.58,1.0,0.1786,0.6905,0.0395,-0.1777,0.1762,0.0555,2026-08-04,297.58,302.38,297.22,301.71,714740.0,300.744723
2026-08-04T20:35:06.670,7,10,IWM260814C00299000,IWM,2026-08-14,call,299.0,5.16,4.0,5.31,19.0,5.234999999999999,5.67,2.0,0.1685,0.6574,0.0436,-0.1742,0.1837,0.053,2026-08-04,297.58,302.38,297.22,301.71,714740.0,300.744723
2026-08-04T20:35:06.670,7,10,IWM260814C00300000,IWM,2026-08-14,call,300.0,4.63,15.0,4.7,9.0,4.665,4.78,1.0,0.1714,0.6108,0.0448,-0.1822,0.1917,0.0493,2026-08-04,297.58,302.38,297.22,301.71,714740.0,300.744723
2026-08-04T20:35:06.670,7,10,IWM260814C00301000,IWM,2026-08-14,call,301.0,3.97,66.0,4.16,29.0,4.065,4.32,3.0,0.1702,0.5655,0.0463,-0.1841,0.1967,0.0457,2026-08-04,297.58,302.38,297.22,301.71,714740.0,300.744723
2026-08-04T20:35:06.670,7,10,IWM260814C00302000,IWM,2026-08-14,call,302.0,3.59,3.0,3.61,5.0,3.5999999999999996,3.7,4.0,0.1734,0.5187,0.046,-0.1881,0.1992,0.0419,2026-08-04,297.58,302.38,297.22,301.71,714740.0,300.744723
2026-08-04T20:35:06.670,7,10,IWM260814C00302500,IWM,2026-08-14,call,302.5,3.29,22.0,3.36,14.0,3.325,3.65,1.0,0.1721,0.4956,0.0464,-0.1862,0.1994,0.0401,2026-08-04,297.58,302.38,297.22,301.71,714740.0,300.744723
2026-08-04T20:35:06.670,7,10,IWM260814C00303000,IWM,2026-08-14,call,303.0,3.04,13.0,3.12,20.0,3.08,3.18,5.0,0.1716,0.4724,0.0464,-0.1847,0.1989,0.0382,2026-08-04,297.58,302.38,297.22,301.71,714740.0,300.744723
2026-08-04T20:35:06.670,7,10,IWM260814C00304000,IWM,2026-08-14,call,304.0,2.61,99.0,2.65,21.0,2.63,2.87,1.0,0.171,0.4262,0.0459,-0.1802,0.196,0.0345,2026-08-04,297.58,302.38,297.22,301.71,714740.0,300.744723
2026-08-04T20:35:06.670,7,10,IWM260814C00305000,IWM,2026-08-14,call,305.0,2.15,1.0,2.22,16.0,2.185,2.36,1.0,0.1682,0.3793,0.0453,-0.1713,0.1902,0.0308,2026-08-04,297.58,302.38,297.22,301.71,714740.0,300.744723
2026-08-04T20:35:06.670,7,10,IWM260814C00306000,IWM,2026-08-14,call,306.0,1.85,27.0,1.9,21.0,1.875,2.07,13.0,0.1702,0.3374,0.0429,-0.1654,0.1826,0.0274,2026-08-04,297.58,302.38,297.22,301.71,714740.0,300.744723
2026-08-04T20:35:06.670,7,10,IWM260814C00307000,IWM,2026-08-14,call,307.0,1.53,24.0,1.6,42.0,1.565,1.74,1.0,0.17,0.2959,0.0407,-0.1556,0.1727,0.0241,2026-08-04,297.58,302.38,297.22,301.71,714740.0,300.744723
2026-08-04T20:35:06.670,7,10,IWM260814C00307500,IWM,2026-08-14,call,307.5,1.35,26.0,1.45,7.0,1.4,1.44,1.0,0.1684,0.2743,0.0396,-0.1484,0.1666,0.0223,2026-08-04,297.58,302.38,297.22,301.71,714740.0,300.744723
2026-08-04T20:35:06.670,7,10,IWM260814C00308000,IWM,2026-08-14,call,308.0,1.23,111.0,1.28,51.0,1.255,1.47,1.0,0.1673,0.2538,0.0383,-0.1415,0.1601,0.0207,2026-08-04,297.58,302.38,297.22,301.71,714740.0,300.744723
2026-08-04T20:35:06.670,7,10,IWM260814C00309000,IWM,2026-08-14,call,309.0,1.04,50.0,1.1,43.0,1.07,1.19,1.0,0.1702,0.2218,0.035,-0.1331,0.1487,0.0181,2026-08-04,297.58,302.38,297.22,301.71,714740.0,300.744723
2026-08-04T20:35:06.670,7,10,IWM260814C00310000,IWM,2026-08-14,call,310.0,0.86,15.0,0.88,6.0,0.87,0.9,10.0,0.17,0.1889,0.0318,-0.1205,0.1351,0.0154,2026-08-04,297.58,302.38,297.22,301.71,714740.0,300.744723
2026-08-04T20:35:06.670,7,10,IWM260814C00311000,IWM,2026-08-14,call,311.0,0.66,45.0,0.7,38.0,0.6799999999999999,0.76,1.0,0.168,0.1566,0.0286,-0.1054,0.1199,0.0128,2026-08-04,297.58,302.38,297.22,301.71,714740.0,300.744723
2026-08-04T20:35:06.670,7,10,IWM260814C00312000,IWM,2026-08-14,call,312.0,0.57,27.0,0.62,5.0,0.595,0.62,5.0,0.1728,0.1375,0.0254,-0.099,0.1099,0.0112,2026-08-04,297.58,302.38,297.22,301.71,714740.0,300.744723
2026-08-04T20:35:06.670,7,10,IWM260814C00312500,IWM,2026-08-14,call,312.5,0.48,10.0,0.52,50.0,0.5,0.58,4.0,0.1697,0.1211,0.0237,-0.089,0.1006,0.0099,2026-08-04,297.58,302.38,297.22,301.71,714740.0,300.744723
2026-08-04T20:35:06.670,7,10,IWM260814C00313000,IWM,2026-08-14,call,313.0,0.47,10.0,0.51,50.0,0.49,0.53,5.0,0.1743,0.1165,0.0225,-0.0888,0.0979,0.0095,2026-08-04,297.58,302.38,297.22,301.71,714740.0,300.744723
2026-08-04T20:35:06.670,7,10,IWM260814C00314000,IWM,2026-08-14,call,314.0,0.34,83.0,0.42,84.0,0.38,0.42,2.0,0.1733,0.0948,0.0195,-0.0759,0.0843,0.0077,2026-08-04,297.58,302.38,297.22,301.71,714740.0,300.744723
2026-08-04T20:35:06.670,7,10,IWM260814C00315000,IWM,2026-08-14,call,315.0,0.31,87.0,0.34,4.0,0.325,0.32,1.0,0.1768,0.0817,0.0171,-0.0692,0.0755,0.0067,2026-08-04,297.58,302.38,297.22,301.71,714740.0,300.744723
2026-08-04T20:35:06.670,7,10,IWM260814C00317500,IWM,2026-08-14,call,317.5,0.2,24.0,0.22,3.0,0.21000000000000002,0.16,1.0,0.1835,0.0546,0.0121,-0.0524,0.0553,0.0045,2026-08-04,297.58,302.38,297.22,301.71,714740.0,300.744723
2026-08-04T20:35:06.670,7,10,IWM260814C00320000,IWM,2026-08-14,call,320.0,0.09,104.0,0.15,31.0,0.12,0.14,4.0,0.1859,0.0332,0.008,-0.0354,0.037,0.0027,2026-08-04,297.58,302.38,297.22,301.71,714740.0,300.744723
2026-08-04T20:35:06.670,7,10,IWM260814C00325000,IWM,2026-08-14,call,325.0,0.03,119.0,0.04,4.0,0.035,0.07,72.0,0.1896,0.0109,0.003,-0.0139,0.0144,0.0009,2026-08-04,297.58,302.38,297.22,301.71,714740.0,300.744723
2026-08-04T20:35:06.670,7,10,IWM260814C00330000,IWM,2026-08-14,call,330.0,0.01,101.0,0.02,158.0,0.015,0.03,1.0,0.203,0.0047,0.0014,-0.0071,0.0069,0.0004,2026-08-04,297.58,302.38,297.22,301.71,714740.0,300.744723
2026-08-04T20:35:06.670,7,10,IWM260814C00335000,IWM,2026-08-14,call,335.0,0.04,15.0,0.05,18.0,0.045,0.02,1.0,0.265,0.0101,0.002,-0.0182,0.0135,0.0008,2026-08-04,297.58,302.38,297.22,301.71,714740.0,300.744723
2026-08-04T20:35:06.670,7,10,IWM260814C00340000,IWM,2026-08-14,call,340.0,0.01,105.0,0.04,20.0,0.025,0.03,104.0,0.2782,0.0057,0.0012,-0.0115,0.0081,0.0005,2026-08-04,297.58,302.38,297.22,301.71,714740.0,300.744723
2026-08-04T20:35:06.670,7,10,IWM260814C00345000,IWM,2026-08-14,call,345.0,0.0,0.0,0.04,14.0,0.02,0.01,1.0,,,,,,,2026-08-04,297.58,302.38,297.22,301.71,714740.0,300.744723
2026-08-04T20:35:06.670,7,10,IWM260814C00350000,IWM,2026-08-14,call,350.0,0.0,0.0,0.04,116.0,0.02,,,,,,,,,2026-08-04,297.58,302.38,297.22,301.71,714740.0,300.744723
2026-08-04T20:35:06.670,7,10,IWM260814C00355000,IWM,2026-08-14,call,355.0,0.0,0.0,0.04,114.0,0.02,0.03,1.0,,,,,,,2026-08-04,297.58,302.38,297.22,301.71,714740.0,300.744723
2026-08-04T20:35:06.670,7,10,IWM260814C00360000,IWM,2026-08-14,call,360.0,0.0,0.0,0.03,8.0,0.015,,,,,,,,,2026-08-04,297.58,302.38,297.22,301.71,714740.0,300.744723
2026-08-04T20:35:06.670,7,10,IWM260814C00365000,IWM,2026-08-14,call,365.0,0.0,0.0,0.03,110.0,0.015,,,,,,,,,2026-08-04,297.58,302.38,297.22,301.71,714740.0,300.744723
2026-08-04T20:35:06.670,7,10,IWM260814C00370000,IWM,2026-08-14,call,370.0,0.0,0.0,0.03,11.0,0.015,,,,,,,,,2026-08-04,297.58,302.38,297.22,301.71,714740.0,300.744723
2026-08-04T20:35:06.670,7,10,IWM260814C00375000,IWM,2026-08-14,call,375.0,0.0,0.0,0.01,13.0,0.005,,,,,,,,,2026-08-04,297.58,302.38,297.22,301.71,714740.0,300.744723
2026-08-04T20:35:06.670,7,10,IWM260814C00380000,IWM,2026-08-14,call,380.0,0.0,0.0,0.01,113.0,0.005,,,,,,,,,2026-08-04,297.58,302.38,297.22,301.71,714740.0,300.744723
2026-08-04T20:35:06.670,7,10,IWM260814C00385000,IWM,2026-08-14,call,385.0,0.0,0.0,0.01,115.0,0.005,,,,,,,,,2026-08-04,297.58,302.38,297.22,301.71,714740.0,300.744723
2026-08-04T20:35:06.670,7,10,IWM260814C00390000,IWM,2026-08-14,call,390.0,0.0,0.0,0.01,116.0,0.005,,,,,,,,,2026-08-04,297.58,302.38,297.22,301.71,714740.0,300.744723
2026-08-04T20:35:06.670,7,10,IWM260814C00395000,IWM,2026-08-14,call,395.0,0.0,0.0,0.01,117.0,0.005,,,,,,,,,2026-08-04,297.58,302.38,297.22,301.71,714740.0,300.744723
2026-08-04T20:35:06.670,7,10,IWM260814C00400000,IWM,2026-08-14,call,400.0,0.0,0.0,0.01,117.0,0.005,,,,,,,,,2026-08-04,297.58,302.38,297.22,301.71,714740.0,300.744723
2026-08-04T20:35:06.670,7,10,IWM260814P00150000,IWM,2026-08-14,put,150.0,0.0,0.0,0.01,16.0,0.005,,,,,,,,,2026-08-04,297.58,302.38,297.22,301.71,714740.0,300.744723
2026-08-04T20:35:06.670,7,10,IWM260814P00155000,IWM,2026-08-14,put,155.0,0.0,0.0,0.03,121.0,0.015,,,,,,,,,2026-08-04,297.58,302.38,297.22,301.71,714740.0,300.744723
2026-08-04T20:35:06.670,7,10,IWM260814P00160000,IWM,2026-08-14,put,160.0,0.0,0.0,0.01,104.0,0.005,,,,,,,,,2026-08-04,297.58,302.38,297.22,301.71,714740.0,300.744723
2026-08-04T20:35:06.670,7,10,IWM260814P00165000,IWM,2026-08-14,put,165.0,0.0,0.0,0.03,115.0,0.015,,,,,,,,,2026-08-04,297.58,302.38,297.22,301.71,714740.0,300.744723
2026-08-04T20:35:06.670,7,10,IWM260814P00170000,IWM,2026-08-14,put,170.0,0.0,0.0,0.01,14.0,0.005,,,,,,,,,2026-08-04,297.58,302.38,297.22,301.71,714740.0,300.744723
2026-08-04T20:35:06.670,7,10,IWM260814P00175000,IWM,2026-08-14,put,175.0,0.0,0.0,0.01,104.0,0.005,0.01,1.0,,,,,,,2026-08-04,297.58,302.38,297.22,301.71,714740.0,300.744723
2026-08-04T20:35:06.670,7,10,IWM260814P00180000,IWM,2026-08-14,put,180.0,0.0,0.0,0.01,113.0,0.005,,,,,,,,,2026-08-04,297.58,302.38,297.22,301.71,714740.0,300.744723
2026-08-04T20:35:06.670,7,10,IWM260814P00185000,IWM,2026-08-14,put,185.0,0.0,0.0,0.03,112.0,0.015,,,,,,,,,2026-08-04,297.58,302.38,297.22,301.71,714740.0,300.744723
2026-08-04T20:35:06.670,7,10,IWM260814P00190000,IWM,2026-08-14,put,190.0,0.0,0.0,0.03,12.0,0.015,0.03,3.0,,,,,,,2026-08-04,297.58,302.38,297.22,301.71,714740.0,300.744723
2026-08-04T20:35:06.670,7,10,IWM260814P00195000,IWM,2026-08-14,put,195.0,0.0,0.0,0.01,104.0,0.005,0.02,8.0,,,,,,,2026-08-04,297.58,302.38,297.22,301.71,714740.0,300.744723
2026-08-04T20:35:06.670,7,10,IWM260814P00200000,IWM,2026-08-14,put,200.0,0.0,0.0,0.01,114.0,0.005,0.04,2.0,,,,,,,2026-08-04,297.58,302.38,297.22,301.71,714740.0,300.744723
2026-08-04T20:35:06.670,7,10,IWM260814P00205000,IWM,2026-08-14,put,205.0,0.0,0.0,0.01,117.0,0.005,0.02,3.0,,,,,,,2026-08-04,297.58,302.38,297.22,301.71,714740.0,300.744723
2026-08-04T20:35:06.670,7,10,IWM260814P00210000,IWM,2026-08-14,put,210.0,0.0,0.0,0.03,120.0,0.015,0.01,3.0,,,,,,,2026-08-04,297.58,302.38,297.22,301.71,714740.0,300.744723
2026-08-04T20:35:06.670,7,10,IWM260814P00215000,IWM,2026-08-14,put,215.0,0.0,0.0,0.03,26.0,0.015,0.01,50.0,,,,,,,2026-08-04,297.58,302.38,297.22,301.71,714740.0,300.744723
2026-08-04T20:35:06.670,7,10,IWM260814P00220000,IWM,2026-08-14,put,220.0,0.0,0.0,0.01,116.0,0.005,0.01,50.0,,,,,,,2026-08-04,297.58,302.38,297.22,301.71,714740.0,300.744723
2026-08-04T20:35:06.670,7,10,IWM260814P00225000,IWM,2026-08-14,put,225.0,0.0,0.0,0.01,10.0,0.005,0.12,2.0,,,,,,,2026-08-04,297.58,302.38,297.22,301.71,714740.0,300.744723
2026-08-04T20:35:06.670,7,10,IWM260814P00230000,IWM,2026-08-14,put,230.0,0.03,33.0,0.04,114.0,0.035,0.03,4.0,0.6252,-0.0035,0.0003,-0.0165,0.0053,-0.0003,2026-08-04,297.58,302.38,297.22,301.71,714740.0,300.744723
2026-08-04T20:35:06.670,7,10,IWM260814P00235000,IWM,2026-08-14,put,235.0,0.03,104.0,0.04,24.0,0.035,0.05,2.0,0.5804,-0.0038,0.0004,-0.0163,0.0057,-0.0003,2026-08-04,297.58,302.38,297.22,301.71,714740.0,300.744723
2026-08-04T20:35:06.670,7,10,IWM260814P00240000,IWM,2026-08-14,put,240.0,0.01,158.0,0.05,18.0,0.030000000000000002,0.02,49.0,0.5275,-0.0036,0.0004,-0.0142,0.0054,-0.0003,2026-08-04,297.58,302.38,297.22,301.71,714740.0,300.744723
2026-08-04T20:35:06.670,7,10,IWM260814P00245000,IWM,2026-08-14,put,245.0,0.01,142.0,0.05,139.0,0.030000000000000002,0.05,2.0,0.4846,-0.0039,0.0005,-0.014,0.0058,-0.0003,2026-08-04,297.58,302.38,297.22,301.71,714740.0,300.744723
2026-08-04T20:35:06.670,7,10,IWM260814P00250000,IWM,2026-08-14,put,250.0,0.01,16.0,0.06,26.0,0.034999999999999996,0.04,1.0,0.4499,-0.0048,0.0006,-0.0156,0.007,-0.0004,2026-08-04,297.58,302.38,297.22,301.71,714740.0,300.744723
2026-08-04T20:35:06.670,7,10,IWM260814P00252500,IWM,2026-08-14,put,252.5,0.04,91.0,0.06,19.0,0.05,0.12,1.0,0.4466,-0.0067,0.0008,-0.0208,0.0094,-0.0006,2026-08-04,297.58,302.38,297.22,301.71,714740.0,300.744723
2026-08-04T20:35:06.670,7,10,IWM260814P00255000,IWM,2026-08-14,put,255.0,0.01,11.0,0.07,14.0,0.04,0.05,2.0,0.4137,-0.0059,0.0008,-0.0171,0.0084,-0.0005,2026-08-04,297.58,302.38,297.22,301.71,714740.0,300.744723
2026-08-04T20:35:06.670,7,10,IWM260814P00257500,IWM,2026-08-14,put,257.5,0.06,46.0,0.08,139.0,0.07,0.04,2.0,0.4203,-0.0097,0.0012,-0.0269,0.0129,-0.0008,2026-08-04,297.58,302.38,297.22,301.71,714740.0,300.744723
2026-08-04T20:35:06.670,7,10,IWM260814P00260000,IWM,2026-08-14,put,260.0,0.02,244.0,0.05,227.0,0.035,0.05,52.0,0.3656,-0.0059,0.0009,-0.015,0.0083,-0.0005,2026-08-04,297.58,302.38,297.22,301.71,714740.0,300.744723
2026-08-04T20:35:06.670,7,10,IWM260814P00261000,IWM,2026-08-14,put,261.0,0.07,34.0,0.09,27.0,0.08,0.04,10.0,0.396,-0.0115,0.0015,-0.0294,0.0151,-0.001,2026-08-04,297.58,302.38,297.22,301.71,714740.0,300.744723
2026-08-04T20:35:06.670,7,10,IWM260814P00262000,IWM,2026-08-14,put,262.0,0.03,17.0,0.09,11.0,0.06,0.1,1.0,0.3726,-0.0094,0.0014,-0.0232,0.0126,-0.0008,2026-08-04,297.58,302.38,297.22,301.71,714740.0,300.744723
2026-08-04T20:35:06.670,7,10,IWM260814P00263000,IWM,2026-08-14,put,263.0,0.08,99.0,0.1,121.0,0.09,0.4,2.0,0.384,-0.0132,0.0018,-0.032,0.0169,-0.0011,2026-08-04,297.58,302.38,297.22,301.71,714740.0,300.744723
2026-08-04T20:35:06.670,7,10,IWM260814P00264000,IWM,2026-08-14,put,264.0,0.04,108.0,0.1,12.0,0.07,0.07,4.0,0.3623,-0.0111,0.0016,-0.026,0.0146,-0.0009,2026-08-04,297.58,302.38,297.22,301.71,714740.0,300.744723
2026-08-04T20:35:06.670,7,10,IWM260814P00265000,IWM,2026-08-14,put,265.0,0.09,107.0,0.11,108.0,0.1,0.06,1.0,0.3713,-0.0149,0.002,-0.0345,0.0188,-0.0013,2026-08-04,297.58,302.38,297.22,301.71,714740.0,300.744723
2026-08-04T20:35:06.670,7,10,IWM260814P00266000,IWM,2026-08-14,put,266.0,0.05,107.0,0.12,108.0,0.08499999999999999,0.27,1.0,0.3538,-0.0135,0.002,-0.0301,0.0172,-0.0011,2026-08-04,297.58,302.38,297.22,301.71,714740.0,300.744723
2026-08-04T20:35:06.670,7,10,IWM260814P00267000,IWM,2026-08-14,put,267.0,0.06,101.0,0.08,112.0,0.07,0.11,1.0,0.3357,-0.0119,0.0018,-0.0256,0.0155,-0.001,2026-08-04,297.58,302.38,297.22,301.71,714740.0,300.744723
2026-08-04T20:35:06.670,7,10,IWM260814P00268000,IWM,2026-08-14,put,268.0,0.07,167.0,0.09,179.0,0.08,0.08,1.0,0.3329,-0.0135,0.0021,-0.0283,0.0173,-0.0011,2026-08-04,297.58,302.38,297.22,301.71,714740.0,300.744723
2026-08-04T20:35:06.670,7,10,IWM260814P00269000,IWM,2026-08-14,put,269.0,0.07,124.0,0.14,138.0,0.10500000000000001,0.1,1.0,0.3369,-0.017,0.0025,-0.035,0.0211,-0.0014,2026-08-04,297.58,302.38,297.22,301.71,714740.0,300.744723
2026-08-04T20:35:06.670,7,10,IWM260814P00270000,IWM,2026-08-14,put,270.0,0.08,160.0,0.1,15.0,0.09,0.1,5.0,0.3203,-0.0155,0.0024,-0.0307,0.0195,-0.0013,2026-08-04,297.58,302.38,297.22,301.71,714740.0,300.744723
2026-08-04T20:35:06.670,7,10,IWM260814P00271000,IWM,2026-08-14,put,271.0,0.13,226.0,0.15,129.0,0.14,0.12,1.0,0.3329,-0.0222,0.0032,-0.0433,0.0264,-0.0019,2026-08-04,297.58,302.38,297.22,301.71,714740.0,300.744723
2026-08-04T20:35:06.670,7,10,IWM260814P00272000,IWM,2026-08-14,put,272.0,0.1,180.0,0.16,190.0,0.13,0.12,1.0,0.3195,-0.0216,0.0032,-0.0406,0.0258,-0.0018,2026-08-04,297.58,302.38,297.22,301.71,714740.0,300.744723
2026-08-04T20:35:06.670,7,10,IWM260814P00273000,IWM,2026-08-14,put,273.0,0.11,124.0,0.13,168.0,0.12,0.14,1.0,0.3062,-0.0209,0.0033,-0.0378,0.0251,-0.0018,2026-08-04,297.58,302.38,297.22,301.71,714740.0,300.744723
2026-08-04T20:35:06.670,7,10,IWM260814P00274000,IWM,2026-08-14,put,274.0,0.11,101.0,0.18,71.0,0.145,0.12,1.0,0.3059,-0.0247,0.0038,-0.0435,0.0289,-0.0021,2026-08-04,297.58,302.38,297.22,301.71,714740.0,300.744723
2026-08-04T20:35:06.670,7,10,IWM260814P00275000,IWM,2026-08-14,put,275.0,0.17,123.0,0.19,83.0,0.18,0.16,1.0,0.3074,-0.0297,0.0044,-0.051,0.0338,-0.0025,2026-08-04,297.58,302.38,297.22,301.71,714740.0,300.744723
2026-08-04T20:35:06.670,7,10,IWM260814P00276000,IWM,2026-08-14,put,276.0,0.14,167.0,0.16,77.0,0.15000000000000002,0.17,1.0,0.2884,-0.0268,0.0043,-0.0439,0.031,-0.0023,2026-08-04,297.58,302.38,297.22,301.71,714740.0,300.744723
2026-08-04T20:35:06.670,7,10,IWM260814P00277000,IWM,2026-08-14,put,277.0,0.19,77.0,0.22,94.0,0.20500000000000002,0.17,1.0,0.2944,-0.0346,0.0052,-0.0553,0.0383,-0.0029,2026-08-04,297.58,302.38,297.22,301.71,714740.0,300.744723
2026-08-04T20:35:06.670,7,10,IWM260814P00278000,IWM,2026-08-14,put,278.0,0.21,22.0,0.23,43.0,0.22,0.19,1.0,0.2881,-0.0375,0.0057,-0.0578,0.0409,-0.0032,2026-08-04,297.58,302.38,297.22,301.71,714740.0,300.744723
2026-08-04T20:35:06.670,7,10,IWM260814P00279000,IWM,2026-08-14,put,279.0,0.18,81.0,0.21,78.0,0.195,0.2,4.0,0.2718,-0.0356,0.0058,-0.0521,0.0392,-0.003,2026-08-04,297.58,302.38,297.22,301.71,714740.0,300.744723
2026-08-04T20:35:06.670,7,10,IWM260814P00280000,IWM,2026-08-14,put,280.0,0.2,319.0,0.27,121.0,0.23500000000000001,0.23,4.0,0.2712,-0.0419,0.0066,-0.0594,0.0448,-0.0035,2026-08-04,297.58,302.38,297.22,301.71,714740.0,300.744723
2026-08-04T20:35:06.670,7,10,IWM260814P00281000,IWM,2026-08-14,put,281.0,0.22,91.0,0.29,58.0,0.255,0.25,1.0,0.2651,-0.0459,0.0073,-0.0624,0.0482,-0.0039,2026-08-04,297.58,302.38,297.22,301.71,714740.0,300.744723
2026-08-04T20:35:06.670,7,10,IWM260814P00282000,IWM,2026-08-14,put,282.0,0.25,88.0,0.31,34.0,0.28,0.27,1.0,0.2596,-0.0507,0.008,-0.0661,0.0521,-0.0043,2026-08-04,297.58,302.38,297.22,301.71,714740.0,300.744723
2026-08-04T20:35:06.670,7,10,IWM260814P00282500,IWM,2026-08-14,put,282.5,0.3,109.0,0.33,137.0,0.315,0.29,30.0,0.2607,-0.0559,0.0086,-0.0717,0.0563,-0.0047,2026-08-04,297.58,302.38,297.22,301.71,714740.0,300.744723
2026-08-04T20:35:06.670,7,10,IWM260814P00283000,IWM,2026-08-14,put,283.0,0.31,278.0,0.34,10.0,0.325,0.31,1.0,0.257,-0.0581,0.009,-0.0728,0.0581,-0.0049,2026-08-04,297.58,302.38,297.22,301.71,714740.0,300.744723
2026-08-04T20:35:06.670,7,10,IWM260814P00284000,IWM,2026-08-14,put,284.0,0.34,110.0,0.38,58.0,0.36,0.33,1.0,0.2518,-0.0645,0.01,-0.0774,0.063,-0.0054,2026-08-04,297.58,302.38,297.22,301.71,714740.0,300.744723
2026-08-04T20:35:06.670,7,10,IWM260814P00285000,IWM,2026-08-14,put,285.0,0.34,275.0,0.38,66.0,0.36,0.36,1.0,0.2407,-0.0671,0.0108,-0.0761,0.065,-0.0057,2026-08-04,297.58,302.38,297.22,301.71,714740.0,300.744723
2026-08-04T20:35:06.670,7,10,IWM260814P00286000,IWM,2026-08-14,put,286.0,0.39,100.0,0.47,83.0,0.43,0.42,1.0,0.2395,-0.0783,0.0122,-0.0851,0.0731,-0.0066,2026-08-04,297.58,302.38,297.22,301.71,714740.0,300.744723
2026-08-04T20:35:06.670,7,10,IWM260814P00287000,IWM,2026-08-14,put,287.0,0.44,79.0,0.48,13.0,0.45999999999999996,0.46,1.0,0.2319,-0.0852,0.0134,-0.0877,0.0779,-0.0072,2026-08-04,297.58,302.38,297.22,301.71,714740.0,300.744723
2026-08-04T20:35:06.670,7,10,IWM260814P00287500,IWM,2026-08-14,put,287.5,0.47,141.0,0.51,58.0,0.49,0.49,1.0,0.2297,-0.0905,0.0142,-0.0908,0.0815,-0.0076,2026-08-04,297.58,302.38,297.22,301.71,714740.0,300.744723
2026-08-04T20:35:06.670,7,10,IWM260814P00288000,IWM,2026-08-14,put,288.0,0.54,98.0,0.57,10.0,0.5549999999999999,0.52,1.0,0.2314,-0.0998,0.0151,-0.0983,0.0876,-0.0084,2026-08-04,297.58,302.38,297.22,301.71,714740.0,300.744723
2026-08-04T20:35:06.670,7,10,IWM260814P00289000,IWM,2026-08-14,put,289.0,0.57,105.0,0.61,45.0,0.59,0.58,1.0,0.223,-0.1083,0.0167,-0.1003,0.0929,-0.0091,2026-08-04,297.58,302.38,297.22,301.71,714740.0,300.744723
2026-08-04T20:35:06.670,7,10,IWM260814P00290000,IWM,2026-08-14,put,290.0,0.66,13.0,0.74,16.0,0.7,0.66,4.0,0.2216,-0.1252,0.0186,-0.1103,0.103,-0.0106,2026-08-04,297.58,302.38,297.22,301.71,714740.0,300.744723
2026-08-04T20:35:06.670,7,10,IWM260814P00291000,IWM,2026-08-14,put,291.0,0.75,95.0,0.84,10.0,0.7949999999999999,0.76,1.0,0.2173,-0.1411,0.0206,-0.1172,0.1118,-0.0119,2026-08-04,297.58,302.38,297.22,301.71,714740.0,300.744723
2026-08-04T20:35:06.670,7,10,IWM260814P00292000,IWM,2026-08-14,put,292.0,0.91,6.0,0.96,77.0,0.935,0.87,1.0,0.2157,-0.1617,0.0227,-0.1271,0.1225,-0.0136,2026-08-04,297.58,302.38,297.22,301.71,714740.0,300.744723
2026-08-04T20:35:06.670,7,10,IWM260814P00292500,IWM,2026-08-14,put,292.5,0.98,150.0,0.99,168.0,0.985,0.92,2.0,0.2127,-0.1705,0.0239,-0.1295,0.1267,-0.0144,2026-08-04,297.58,302.38,297.22,301.71,714740.0,300.744723
2026-08-04T20:35:06.670,7,10,IWM260814P00293000,IWM,2026-08-14,put,293.0,1.0,151.0,1.1,159.0,1.05,0.99,5.0,0.2105,-0.1808,0.025,-0.1329,0.1315,-0.0152,2026-08-04,297.58,302.38,297.22,301.71,714740.0,300.744723
2026-08-04T20:35:06.670,7,10,IWM260814P00294000,IWM,2026-08-14,put,294.0,1.15,92.0,1.22,29.0,1.185,1.13,25.0,0.2057,-0.2024,0.0274,-0.1387,0.141,-0.0171,2026-08-04,297.58,302.38,297.22,301.71,714740.0,300.744723
2026-08-04T20:35:06.670,7,10,IWM260814P00295000,IWM,2026-08-14,put,295.0,1.37,9.0,1.43,113.0,1.4,1.3,4.0,0.2049,-0.2309,0.0297,-0.1487,0.1521,-0.0195,2026-08-04,297.58,302.38,297.22,301.71,714740.0,300.744723
2026-08-04T20:35:06.670,7,10,IWM260814P00296000,IWM,2026-08-14,put,296.0,1.58,51.0,1.65,34.0,1.615,1.51,2.0,0.2024,-0.2598,0.0321,-0.156,0.1621,-0.0219,2026-08-04,297.58,302.38,297.22,301.71,714740.0,300.744723
2026-08-04T20:35:06.670,7,10,IWM260814P00297000,IWM,2026-08-14,put,297.0,1.82,26.0,1.83,9.0,1.8250000000000002,1.7,1.0,0.1978,-0.2895,0.0346,-0.1602,0.171,-0.0245,2026-08-04,297.58,302.38,297.22,301.71,714740.0,300.744723
2026-08-04T20:35:06.670,7,10,IWM260814P00297500,IWM,2026-08-14,put,297.5,1.91,17.0,1.98,27.0,1.9449999999999998,1.85,1.0,0.1959,-0.3057,0.0358,-0.1622,0.1753,-0.0258,2026-08-04,297.58,302.38,297.22,301.71,714740.0,300.744723
2026-08-04T20:35:06.670,7,10,IWM260814P00298000,IWM,2026-08-14,put,298.0,2.029,21.0,2.11,79.0,2.0694999999999997,2.0,5.0,0.1937,-0.3224,0.037,-0.1637,0.1793,-0.0272,2026-08-04,297.58,302.38,297.22,301.71,714740.0,300.744723
2026-08-04T20:35:06.670,7,10,IWM260814P00299000,IWM,2026-08-14,put,299.0,2.4,4.0,2.42,15.0,2.41,2.34,1.0,0.193,-0.3603,0.0388,-0.1694,0.1871,-0.0305,2026-08-04,297.58,302.38,297.22,301.71,714740.0,300.744723
2026-08-04T20:35:06.670,7,10,IWM260814P00300000,IWM,2026-08-14,put,300.0,2.74,34.0,2.88,71.0,2.81,2.66,1.0,0.1935,-0.4002,0.04,-0.1744,0.1931,-0.0339,2026-08-04,297.58,302.38,297.22,301.71,714740.0,300.744723
2026-08-04T20:35:06.670,7,10,IWM260814P00301000,IWM,2026-08-14,put,301.0,3.14,15.0,3.29,18.0,3.215,2.98,6.0,0.1921,-0.4405,0.0411,-0.1757,0.1972,-0.0373,2026-08-04,297.58,302.38,297.22,301.71,714740.0,300.744723
2026-08-04T20:35:06.670,7,10,IWM260814P00302000,IWM,2026-08-14,put,302.0,3.64,99.0,3.74,10.0,3.6900000000000004,3.46,1.0,0.1921,-0.4819,0.0415,-0.1764,0.1992,-0.0409,2026-08-04,297.58,302.38,297.22,301.71,714740.0,300.744723
2026-08-04T20:35:06.670,7,10,IWM260814P00302500,IWM,2026-08-14,put,302.5,3.83,13.0,3.93,16.0,3.88,3.76,10.0,0.189,-0.5029,0.0422,-0.1729,0.1994,-0.0427,2026-08-04,297.58,302.38,297.22,301.71,714740.0,300.744723
2026-08-04T20:35:06.670,7,10,IWM260814P00303000,IWM,2026-08-14,put,303.0,4.15,3.0,4.28,48.0,4.215,3.93,5.0,0.1927,-0.5233,0.0414,-0.1755,0.1991,-0.0444,2026-08-04,297.58,302.38,297.22,301.71,714740.0,300.744723
2026-08-04T20:35:06.670,7,10,IWM260814P00304000,IWM,2026-08-14,put,304.0,4.54,16.0,4.73,9.0,4.635,4.39,4.0,0.1857,-0.5671,0.0424,-0.165,0.1966,-0.0482,2026-08-04,297.58,302.38,297.22,301.71,714740.0,300.744723
2026-08-04T20:35:06.670,7,10,IWM260814P00305000,IWM,2026-08-14,put,305.0,5.13,8.0,5.43,7.0,5.279999999999999,5.03,6.0,0.1881,-0.6071,0.0409,-0.1619,0.1922,-0.0517,2026-08-04,297.58,302.38,297.22,301.71,714740.0,300.744723
2026-08-04T20:35:06.670,7,10,IWM260814P00306000,IWM,2026-08-14,put,306.0,5.92,24.0,6.16,11.0,6.04,5.67,6.0,0.1947,-0.6418,0.0384,-0.1617,0.1867,-0.0548,2026-08-04,297.58,302.38,297.22,301.71,714740.0,300.744723
2026-08-04T20:35:06.670,7,10,IWM260814P00307000,IWM,2026-08-14,put,307.0,6.45,2.0,6.89,10.0,6.67,10.98,2.0,0.1923,-0.681,0.0371,-0.1504,0.1785,-0.0582,2026-08-04,297.58,302.38,297.22,301.71,714740.0,300.744723
2026-08-04T20:35:06.670,7,10,IWM260814P00307500,IWM,2026-08-14,put,307.5,6.98,4.0,7.09,10.0,7.035,12.9,1.0,0.1932,-0.6982,0.0361,-0.1465,0.1743,-0.0597,2026-08-04,297.58,302.38,297.22,301.71,714740.0,300.744723
2026-08-04T20:35:06.670,7,10,IWM260814P00308000,IWM,2026-08-14,put,308.0,7.27,2.0,7.5,10.0,7.385,11.69,1.0,0.1927,-0.7162,0.0352,-0.1408,0.1694,-0.0613,2026-08-04,297.58,302.38,297.22,301.71,714740.0,300.744723
2026-08-04T20:35:06.670,7,10,IWM260814P00309000,IWM,2026-08-14,put,309.0,7.97,2.0,8.33,10.0,8.15,10.85,2.0,0.1941,-0.748,0.0329,-0.1314,0.1595,-0.0641,2026-08-04,297.58,302.38,297.22,301.71,714740.0,300.744723
2026-08-04T20:35:06.670,7,10,IWM260814P00310000,IWM,2026-08-14,put,310.0,8.98,10.0,9.26,2.0,9.120000000000001,11.61,1.0,0.2071,-0.7637,0.0298,-0.1356,0.1541,-0.0657,2026-08-04,297.58,302.38,297.22,301.71,714740.0,300.744723
2026-08-04T20:35:06.670,7,10,IWM260814P00311000,IWM,2026-08-14,put,311.0,9.85,10.0,10.03,10.0,9.94,10.55,1.0,0.2094,-0.789,0.0276,-0.1264,0.1445,-0.068,2026-08-04,297.58,302.38,297.22,301.71,714740.0,300.744723
2026-08-04T20:35:06.670,7,10,IWM260814P00312000,IWM,2026-08-14,put,312.0,10.42,10.0,10.8,2.0,10.61,11.59,1.0,0.1986,-0.8279,0.0257,-0.1005,0.1275,-0.0714,2026-08-04,297.58,302.38,297.22,301.71,714740.0,300.744723
2026-08-04T20:35:06.670,7,10,IWM260814P00312500,IWM,2026-08-14,put,312.5,10.69,10.0,11.41,10.0,11.05,17.24,1.0,0.2002,-0.838,0.0245,-0.0963,0.1226,-0.0724,2026-08-04,297.58,302.38,297.22,301.71,714740.0,300.744723
2026-08-04T20:35:06.670,7,10,IWM260814P00313000,IWM,2026-08-14,put,313.0,11.72,2.0,13.27,1.0,12.495000000000001,11.61,2.0,0.2752,-0.771,0.022,-0.1837,0.1514,-0.0672,2026-08-04,297.58,302.38,297.22,301.71,714740.0,300.744723
2026-08-04T20:35:06.670,7,10,IWM260814P00314000,IWM,2026-08-14,put,314.0,11.89,10.0,12.67,10.0,12.280000000000001,12.49,2.0,0.1942,-0.8784,0.0208,-0.0702,0.1009,-0.076,2026-08-04,297.58,302.38,297.22,301.71,714740.0,300.744723
2026-08-04T20:35:06.670,7,10,IWM260814P00315000,IWM,2026-08-14,put,315.0,13.63,10.0,13.89,2.0,13.760000000000002,13.58,2.0,0.2487,-0.8365,0.0198,-0.1267,0.1233,-0.073,2026-08-04,297.58,302.38,297.22,301.71,714740.0,300.744723
2026-08-04T20:35:06.670,7,10,IWM260814P00317500,IWM,2026-08-14,put,317.5,15.96,2.0,16.4,2.0,16.18,26.18,1.0,0.2724,-0.857,0.0166,-0.1262,0.1129,-0.0753,2026-08-04,297.58,302.38,297.22,301.71,714740.0,300.744723
2026-08-04T20:35:06.670,7,10,IWM260814P00320000,IWM,2026-08-14,put,320.0,18.14,2.0,18.55,2.0,18.345,24.42,1.0,0.2676,-0.8969,0.0134,-0.0911,0.0897,-0.0792,2026-08-04,297.58,302.38,297.22,301.71,714740.0,300.744723
2026-08-04T20:35:06.670,7,10,IWM260814P00325000,IWM,2026-08-14,put,325.0,21.97,1.0,25.32,1.0,23.645,33.47,1.0,0.3536,-0.8866,0.0109,-0.1406,0.096,-0.0798,2026-08-04,297.58,302.38,297.22,301.71,714740.0,300.744723
2026-08-04T20:35:06.670,7,10,IWM260814P00330000,IWM,2026-08-14,put,330.0,27.77,2.0,28.42,2.0,28.095,,,0.3318,-0.9418,0.007,-0.0652,0.0582,-0.0856,2026-08-04,297.58,302.38,297.22,301.71,714740.0,300.744723
2026-08-04T20:35:06.670,7,10,IWM260814P00335000,IWM,2026-08-14,put,335.0,33.64,2.0,34.18,2.0,33.91,,,0.4865,-0.8917,0.0076,-0.1957,0.0929,-0.0831,2026-08-04,297.58,302.38,297.22,301.71,714740.0,300.744723
2026-08-04T20:35:06.670,7,10,IWM260814P00340000,IWM,2026-08-14,put,340.0,37.82,2.0,38.05,2.0,37.935,47.29,1.0,0.3839,-0.9655,0.004,-0.0402,0.0381,-0.0903,2026-08-04,297.58,302.38,297.22,301.71,714740.0,300.744723
2026-08-04T20:35:06.670,7,10,IWM260814P00345000,IWM,2026-08-14,put,345.0,43.43,2.0,43.92,2.0,43.675,48.52,10.0,0.5556,-0.918,0.0055,-0.1782,0.0757,-0.0879,2026-08-04,297.58,302.38,297.22,301.71,714740.0,300.744723
2026-08-04T20:35:06.670,7,10,IWM260814P00350000,IWM,2026-08-14,put,350.0,46.79,1.0,49.43,1.0,48.11,53.5,10.0,0.5061,-0.9562,0.0037,-0.0837,0.0464,-0.0923,2026-08-04,297.58,302.38,297.22,301.71,714740.0,300.744723
2026-08-04T20:35:06.670,7,10,IWM260814P00355000,IWM,2026-08-14,put,355.0,52.45,1.0,54.73,1.0,53.59,,,0.6326,-0.9309,0.0042,-0.1765,0.0664,-0.0917,2026-08-04,297.58,302.38,297.22,301.71,714740.0,300.744723
2026-08-04T20:35:06.670,7,10,IWM260814P00360000,IWM,2026-08-14,put,360.0,57.26,2.0,59.43,2.0,58.345,,,0.6336,-0.9467,0.0034,-0.1373,0.0542,-0.0943,2026-08-04,297.58,302.38,297.22,301.71,714740.0,300.744723
2026-08-04T20:35:06.670,7,10,IWM260814P00365000,IWM,2026-08-14,put,365.0,62.86,2.0,63.14,2.0,63.0,,,0.5943,-0.9691,0.0023,-0.068,0.0349,-0.0974,2026-08-04,297.58,302.38,297.22,301.71,714740.0,300.744723
2026-08-04T20:35:06.670,7,10,IWM260814P00370000,IWM,2026-08-14,put,370.0,68.44,2.0,68.99,2.0,68.715,,,0.777,-0.9342,0.0033,-0.2136,0.064,-0.0961,2026-08-04,297.58,302.38,297.22,301.71,714740.0,300.744723
2026-08-04T20:35:06.670,7,10,IWM260814P00375000,IWM,2026-08-14,put,375.0,73.56,2.0,73.87,2.0,73.715,,,0.817,-0.9365,0.003,-0.2184,0.0622,-0.0977,2026-08-04,297.58,302.38,297.22,301.71,714740.0,300.744723
2026-08-04T20:35:06.670,7,10,IWM260814P00380000,IWM,2026-08-14,put,380.0,79.39,2.0,79.88,2.0,79.63499999999999,,,0.9839,-0.9072,0.0034,-0.3732,0.0831,-0.0969,2026-08-04,297.58,302.38,297.22,301.71,714740.0,300.744723
2026-08-04T20:35:06.670,7,10,IWM260814P00385000,IWM,2026-08-14,put,385.0,84.72,2.0,85.19,2.0,84.955,,,1.0633,-0.9008,0.0033,-0.4278,0.0872,-0.0978,2026-08-04,297.58,302.38,297.22,301.71,714740.0,300.744723
2026-08-04T20:35:06.670,7,10,IWM260814P00390000,IWM,2026-08-14,put,390.0,87.92,1.0,91.1,1.0,89.50999999999999,,,,,,,,,2026-08-04,297.58,302.38,297.22,301.71,714740.0,300.744723
2026-08-04T20:35:06.670,7,10,IWM260814P00395000,IWM,2026-08-14,put,395.0,91.81,2.0,93.27,2.0,92.53999999999999,,,,,,,,,2026-08-04,297.58,302.38,297.22,301.71,714740.0,300.744723
2026-08-04T20:35:06.670,7,10,IWM260814P00400000,IWM,2026-08-14,put,400.0,98.72,2.0,99.21,2.0,98.965,,,,,,,,,2026-08-04,297.58,302.38,297.22,301.71,714740.0,300.744723
2026-08-04T20:35:06.670,14,13,IWM260817C00180000,IWM,2026-08-17,call,180.0,120.31,2.0,123.02,2.0,121.66499999999999,,,,,,,,,2026-08-04,297.58,302.38,297.22,301.71,714740.0,300.744723
2026-08-04T20:35:06.670,14,13,IWM260817C00190000,IWM,2026-08-17,call,190.0,110.64,1.0,111.24,1.0,110.94,,,,,,,,,2026-08-04,297.58,302.38,297.22,301.71,714740.0,300.744723
2026-08-04T20:35:06.670,14,13,IWM260817C00200000,IWM,2026-08-17,call,200.0,100.86,2.0,103.15,2.0,102.005,,,,,,,,,2026-08-04,297.58,302.38,297.22,301.71,714740.0,300.744723
2026-08-04T20:35:06.670,14,13,IWM260817C00205000,IWM,2026-08-17,call,205.0,95.16,2.0,96.59,2.0,95.875,,,,,,,,,2026-08-04,297.58,302.38,297.22,301.71,714740.0,300.744723
2026-08-04T20:35:06.670,14,13,IWM260817C00210000,IWM,2026-08-17,call,210.0,93.04,2.0,93.54,2.0,93.29,,,,,,,,,2026-08-04,297.58,302.38,297.22,301.71,714740.0,300.744723
2026-08-04T20:35:06.670,14,13,IWM260817C00215000,IWM,2026-08-17,call,215.0,85.4,1.0,88.48,1.0,86.94,,,,,,,,,2026-08-04,297.58,302.38,297.22,301.71,714740.0,300.744723
2026-08-04T20:35:06.670,14,13,IWM260817C00220000,IWM,2026-08-17,call,220.0,81.19,2.0,82.6,2.0,81.895,,,,,,,,,2026-08-04,297.58,302.38,297.22,301.71,714740.0,300.744723
2026-08-04T20:35:06.670,14,13,IWM260817C00225000,IWM,2026-08-17,call,225.0,78.17,2.0,78.67,2.0,78.42,,,,,,,,,2026-08-04,297.58,302.38,297.22,301.71,714740.0,300.744723
2026-08-04T20:35:06.670,14,13,IWM260817C00230000,IWM,2026-08-17,call,230.0,71.29,2.0,71.99,2.0,71.64,,,,,,,,,2026-08-04,297.58,302.38,297.22,301.71,714740.0,300.744723
2026-08-04T20:35:06.670,14,13,IWM260817C00235000,IWM,2026-08-17,call,235.0,66.46,2.0,66.99,2.0,66.725,,,,,,,,,2026-08-04,297.58,302.38,297.22,301.71,714740.0,300.744723
2026-08-04T20:35:06.670,14,13,IWM260817C00240000,IWM,2026-08-17,call,240.0,61.67,1.0,64.53,1.0,63.1,,,0.748,0.9561,0.0022,-0.1749,0.0529,0.0804,2026-08-04,297.58,302.38,297.22,301.71,714740.0,300.744723
2026-08-04T20:35:06.670,14,13,IWM260817C00245000,IWM,2026-08-17,call,245.0,57.57,2.0,58.07,2.0,57.82,,,0.6356,0.9652,0.0021,-0.1306,0.0439,0.0832,2026-08-04,297.58,302.38,297.22,301.71,714740.0,300.744723
2026-08-04T20:35:06.670,14,13,IWM260817C00250000,IWM,2026-08-17,call,250.0,52.18,2.0,52.96,2.0,52.57,,,0.5185,0.9768,0.0019,-0.0866,0.0312,0.0863,2026-08-04,297.58,302.38,297.22,301.71,714740.0,300.744723
2026-08-04T20:35:06.670,14,13,IWM260817C00255000,IWM,2026-08-17,call,255.0,45.8,1.0,47.64,1.0,46.72,,,,,,,,,2026-08-04,297.58,302.38,297.22,301.71,714740.0,300.744723
2026-08-04T20:35:06.670,14,13,IWM260817C00260000,IWM,2026-08-17,call,260.0,41.55,2.0,42.75,2.0,42.15,,,,,,,,,2026-08-04,297.58,302.38,297.22,301.71,714740.0,300.744723
2026-08-04T20:35:06.670,14,13,IWM260817C00261000,IWM,2026-08-17,call,261.0,39.23,1.0,43.17,2.0,41.2,,,,,,,,,2026-08-04,297.58,302.38,297.22,301.71,714740.0,300.744723
2026-08-04T20:35:06.670,14,13,IWM260817C00262000,IWM,2026-08-17,call,262.0,38.81,1.0,42.05,1.0,40.43,,,0.355,0.9851,0.0019,-0.055,0.0215,0.0916,2026-08-04,297.58,302.38,297.22,301.71,714740.0,300.744723
2026-08-04T20:35:06.670,14,13,IWM260817C00263000,IWM,2026-08-17,call,263.0,38.17,1.0,41.06,1.0,39.615,,,0.4062,0.9684,0.0031,-0.0885,0.0404,0.0901,2026-08-04,297.58,302.38,297.22,301.71,714740.0,300.744723
2026-08-04T20:35:06.670,14,13,IWM260817C00264000,IWM,2026-08-17,call,264.0,38.24,2.0,38.3,2.0,38.269999999999996,,,,,,,,,2026-08-04,297.58,302.38,297.22,301.71,714740.0,300.744723
2026-08-04T20:35:06.670,14,13,IWM260817C00265000,IWM,2026-08-17,call,265.0,36.71,2.0,36.91,2.0,36.81,,,,,,,,,2026-08-04,297.58,302.38,297.22,301.71,714740.0,300.744723
2026-08-04T20:35:06.670,14,13,IWM260817C00266000,IWM,2026-08-17,call,266.0,36.3,2.0,36.8,2.0,36.55,,,0.361,0.9723,0.0031,-0.0762,0.0363,0.0916,2026-08-04,297.58,302.38,297.22,301.71,714740.0,300.744723
2026-08-04T20:35:06.670,14,13,IWM260817C00267000,IWM,2026-08-17,call,267.0,34.3,2.0,36.77,1.0,35.535,,,0.3476,0.9731,0.0031,-0.0731,0.0354,0.092,2026-08-04,297.58,302.38,297.22,301.71,714740.0,300.744723
2026-08-04T20:35:06.670,14,13,IWM260817C00267500,IWM,2026-08-17,call,267.5,32.549,1.0,36.18,10.0,34.3645,,,,,,,,,2026-08-04,297.58,302.38,297.22,301.71,714740.0,300.744723
2026-08-04T20:35:06.670,14,13,IWM260817C00268000,IWM,2026-08-17,call,268.0,32.229,1.0,35.51,1.0,33.8695,,,,,,,,,2026-08-04,297.58,302.38,297.22,301.71,714740.0,300.744723
2026-08-04T20:35:06.670,14,13,IWM260817C00269000,IWM,2026-08-17,call,269.0,32.549,2.0,33.0,2.0,32.7745,,,,,,,,,2026-08-04,297.58,302.38,297.22,301.71,714740.0,300.744723
2026-08-04T20:35:06.670,14,13,IWM260817C00270000,IWM,2026-08-17,call,270.0,31.83,2.0,32.479,2.0,32.1545,,,,,,,,,2026-08-04,297.58,302.38,297.22,301.71,714740.0,300.744723
2026-08-04T20:35:06.670,14,13,IWM260817C00271000,IWM,2026-08-17,call,271.0,31.23,2.0,31.58,2.0,31.405,,,0.2653,0.9865,0.0023,-0.0468,0.0197,0.0949,2026-08-04,297.58,302.38,297.22,301.71,714740.0,300.744723
2026-08-04T20:35:06.670,14,13,IWM260817C00272000,IWM,2026-08-17,call,272.0,29.4,2.0,30.29,2.0,29.845,,,,,,,,,2026-08-04,297.58,302.38,297.22,301.71,714740.0,300.744723
2026-08-04T20:35:06.670,14,13,IWM260817C00272500,IWM,2026-08-17,call,272.5,29.54,2.0,30.14,2.0,29.84,,,0.1898,0.9983,0.0005,-0.0295,0.0032,0.0967,2026-08-04,297.58,302.38,297.22,301.71,714740.0,300.744723
2026-08-04T20:35:06.670,14,13,IWM260817C00273000,IWM,2026-08-17,call,273.0,29.16,2.0,29.67,2.0,29.415,,,0.2533,0.9847,0.0027,-0.0482,0.022,0.0954,2026-08-04,297.58,302.38,297.22,301.71,714740.0,300.744723
2026-08-04T20:35:06.670,14,13,IWM260817C00274000,IWM,2026-08-17,call,274.0,28.12,2.0,28.55,2.0,28.335,,,,,,,,,2026-08-04,297.58,302.38,297.22,301.71,714740.0,300.744723
2026-08-04T20:35:06.670,14,13,IWM260817C00275000,IWM,2026-08-17,call,275.0,26.82,2.0,27.51,2.0,27.165,,,,,,,,,2026-08-04,297.58,302.38,297.22,301.71,714740.0,300.744723
2026-08-04T20:35:06.670,14,13,IWM260817C00276000,IWM,2026-08-17,call,276.0,25.49,2.0,26.4,10.0,25.945,,,,,,,,,2026-08-04,297.58,302.38,297.22,301.71,714740.0,300.744723
2026-08-04T20:35:06.670,14,13,IWM260817C00277000,IWM,2026-08-17,call,277.0,24.63,2.0,25.05,2.0,24.84,,,,,,,,,2026-08-04,297.58,302.38,297.22,301.71,714740.0,300.744723
2026-08-04T20:35:06.670,14,13,IWM260817C00277500,IWM,2026-08-17,call,277.5,24.52,2.0,25.07,2.0,24.795,,,,,,,,,2026-08-04,297.58,302.38,297.22,301.71,714740.0,300.744723
2026-08-04T20:35:06.670,14,13,IWM260817C00278000,IWM,2026-08-17,call,278.0,23.63,2.0,24.38,2.0,24.005,,,,,,,,,2026-08-04,297.58,302.38,297.22,301.71,714740.0,300.744723
2026-08-04T20:35:06.670,14,13,IWM260817C00279000,IWM,2026-08-17,call,279.0,22.83,2.0,23.9,2.0,23.365,,,0.1738,0.9932,0.0019,-0.0349,0.0108,0.0985,2026-08-04,297.58,302.38,297.22,301.71,714740.0,300.744723
2026-08-04T20:35:06.670,14,13,IWM260817C00280000,IWM,2026-08-17,call,280.0,21.74,2.0,22.1,2.0,21.92,,,,,,,,,2026-08-04,297.58,302.38,297.22,301.71,714740.0,300.744723
2026-08-04T20:35:06.670,14,13,IWM260817C00281000,IWM,2026-08-17,call,281.0,21.34,2.0,21.8,2.0,21.57,,,0.2275,0.9581,0.0069,-0.0714,0.051,0.0954,2026-08-04,297.58,302.38,297.22,301.71,714740.0,300.744723
2026-08-04T20:35:06.670,14,13,IWM260817C00282000,IWM,2026-08-17,call,282.0,20.3,2.0,20.5,2.0,20.4,,,0.1719,0.9849,0.0039,-0.0421,0.0217,0.0987,2026-08-04,297.58,302.38,297.22,301.71,714740.0,300.744723
2026-08-04T20:35:06.670,14,13,IWM260817C00283000,IWM,2026-08-17,call,283.0,19.08,2.0,19.24,2.0,19.159999999999997,,,,,,,,,2026-08-04,297.58,302.38,297.22,301.71,714740.0,300.744723
2026-08-04T20:35:06.670,14,13,IWM260817C00284000,IWM,2026-08-17,call,284.0,18.37,2.0,18.87,2.0,18.62,,,0.2083,0.9468,0.0091,-0.0762,0.0618,0.0952,2026-08-04,297.58,302.38,297.22,301.71,714740.0,300.744723
2026-08-04T20:35:06.670,14,13,IWM260817C00285000,IWM,2026-08-17,call,285.0,17.19,2.0,17.46,2.0,17.325000000000003,12.62,2.0,,,,,,,2026-08-04,297.58,302.38,297.22,301.71,714740.0,300.744723
2026-08-04T20:35:06.670,14,13,IWM260817C00286000,IWM,2026-08-17,call,286.0,16.379,10.0,16.93,2.0,16.6545,,,0.1943,0.9378,0.0111,-0.0788,0.0698,0.0949,2026-08-04,297.58,302.38,297.22,301.71,714740.0,300.744723
2026-08-04T20:35:06.670,14,13,IWM260817C00287000,IWM,2026-08-17,call,287.0,15.18,5.0,15.9,3.0,15.54,15.99,1.0,0.1666,0.953,0.0103,-0.0631,0.0559,0.097,2026-08-04,297.58,302.38,297.22,301.71,714740.0,300.744723
2026-08-04T20:35:06.670,14,13,IWM260817C00288000,IWM,2026-08-17,call,288.0,14.52,10.0,14.75,3.0,14.635,15.07,1.0,0.172,0.9353,0.0129,-0.0745,0.072,0.0954,2026-08-04,297.58,302.38,297.22,301.71,714740.0,300.744723
2026-08-04T20:35:06.670,14,13,IWM260817C00289000,IWM,2026-08-17,call,289.0,13.47,10.0,14.12,5.0,13.795,14.2,1.0,0.1813,0.9097,0.0158,-0.0908,0.0928,0.0929,2026-08-04,297.58,302.38,297.22,301.71,714740.0,300.744723
2026-08-04T20:35:06.670,14,13,IWM260817C00290000,IWM,2026-08-17,call,290.0,12.67,10.0,13.2,1.0,12.934999999999999,11.05,1.0,0.1845,0.8883,0.0181,-0.1025,0.1084,0.0909,2026-08-04,297.58,302.38,297.22,301.71,714740.0,300.744723
2026-08-04T20:35:06.670,14,13,IWM260817C00291000,IWM,2026-08-17,call,291.0,11.74,10.0,13.38,11.0,12.56,7.41,1.0,0.2213,0.8261,0.0204,-0.1482,0.1463,0.0844,2026-08-04,297.58,302.38,297.22,301.71,714740.0,300.744723
2026-08-04T20:35:06.670,14,13,IWM260817C00292000,IWM,2026-08-17,call,292.0,11.02,12.0,11.29,2.0,11.155,11.47,1.0,0.1799,0.852,0.0225,-0.1157,0.1317,0.0877,2026-08-04,297.58,302.38,297.22,301.71,714740.0,300.744723
2026-08-04T20:35:06.670,14,13,IWM260817C00293000,IWM,2026-08-17,call,293.0,10.0,10.0,10.33,2.0,10.165,5.84,1.0,0.1686,0.8427,0.025,-0.1134,0.1371,0.087,2026-08-04,297.58,302.38,297.22,301.71,714740.0,300.744723
2026-08-04T20:35:06.670,14,13,IWM260817C00294000,IWM,2026-08-17,call,294.0,9.15,10.0,10.42,1.0,9.785,9.38,1.0,0.196,0.7816,0.0264,-0.1494,0.168,0.0806,2026-08-04,297.58,302.38,297.22,301.71,714740.0,300.744723
2026-08-04T20:35:06.670,14,13,IWM260817C00295000,IWM,2026-08-17,call,295.0,8.62,3.0,8.87,3.0,8.745,8.79,1.0,0.1799,0.7716,0.0295,-0.1417,0.1724,0.0799,2026-08-04,297.58,302.38,297.22,301.71,714740.0,300.744723
2026-08-04T20:35:06.670,14,13,IWM260817C00296000,IWM,2026-08-17,call,296.0,7.73,1.0,7.95,2.0,7.84,7.84,1.0,0.1711,0.7504,0.0326,-0.141,0.1809,0.0779,2026-08-04,297.58,302.38,297.22,301.71,714740.0,300.744723
2026-08-04T20:35:06.670,14,13,IWM260817C00297000,IWM,2026-08-17,call,297.0,6.96,35.0,7.23,1.0,7.095000000000001,7.21,1.0,0.1699,0.7174,0.0349,-0.1469,0.1927,0.0746,2026-08-04,297.58,302.38,297.22,301.71,714740.0,300.744723
2026-08-04T20:35:06.670,14,13,IWM260817C00298000,IWM,2026-08-17,call,298.0,6.19,10.0,6.35,8.0,6.27,6.79,4.0,0.1631,0.6875,0.0381,-0.1467,0.2018,0.0717,2026-08-04,297.58,302.38,297.22,301.71,714740.0,300.744723
2026-08-04T20:35:06.670,14,13,IWM260817C00299000,IWM,2026-08-17,call,299.0,5.6,13.0,5.66,7.0,5.63,3.57,7.0,0.1638,0.6474,0.0398,-0.1524,0.2117,0.0676,2026-08-04,297.58,302.38,297.22,301.71,714740.0,300.744723
2026-08-04T20:35:06.670,14,13,IWM260817C00300000,IWM,2026-08-17,call,300.0,4.92,9.0,4.99,18.0,4.955,5.18,1.0,0.1611,0.6081,0.0418,-0.1536,0.219,0.0636,2026-08-04,297.58,302.38,297.22,301.71,714740.0,300.744723
2026-08-04T20:35:06.670,14,13,IWM260817C00301000,IWM,2026-08-17,call,301.0,4.33,19.0,4.43,8.0,4.38,4.62,5.0,0.1611,0.5655,0.0429,-0.1556,0.2243,0.0593,2026-08-04,297.58,302.38,297.22,301.71,714740.0,300.744723
2026-08-04T20:35:06.670,14,13,IWM260817C00302000,IWM,2026-08-17,call,302.0,3.77,13.0,3.8,9.0,3.785,3.91,1.0,0.1582,0.5225,0.0442,-0.1536,0.227,0.0548,2026-08-04,297.58,302.38,297.22,301.71,714740.0,300.744723
2026-08-04T20:35:06.670,14,13,IWM260817C00302500,IWM,2026-08-17,call,302.5,3.54,10.0,3.69,5.0,3.615,3.66,2.0,0.1617,0.5006,0.0433,-0.1562,0.2274,0.0526,2026-08-04,297.58,302.38,297.22,301.71,714740.0,300.744723
2026-08-04T20:35:06.670,14,13,IWM260817C00303000,IWM,2026-08-17,call,303.0,3.26,4.0,3.48,6.0,3.37,3.53,2.0,0.1615,0.479,0.0433,-0.1551,0.227,0.0503,2026-08-04,297.58,302.38,297.22,301.71,714740.0,300.744723
2026-08-04T20:35:06.670,14,13,IWM260817C00304000,IWM,2026-08-17,call,304.0,2.82,6.0,2.91,5.0,2.865,2.99,2.0,0.1588,0.4348,0.0435,-0.1498,0.2243,0.0457,2026-08-04,297.58,302.38,297.22,301.71,714740.0,300.744723
2026-08-04T20:35:06.670,14,13,IWM260817C00305000,IWM,2026-08-17,call,305.0,2.36,20.0,2.48,35.0,2.42,2.62,3.0,0.1568,0.3907,0.043,-0.1435,0.2188,0.0412,2026-08-04,297.58,302.38,297.22,301.71,714740.0,300.744723
2026-08-04T20:35:06.670,14,13,IWM260817C00306000,IWM,2026-08-17,call,306.0,2.05,47.0,2.12,25.0,2.085,2.19,3.0,0.1579,0.35,0.0412,-0.1385,0.2111,0.0369,2026-08-04,297.58,302.38,297.22,301.71,714740.0,300.744723
2026-08-04T20:35:06.670,14,13,IWM260817C00307000,IWM,2026-08-17,call,307.0,1.7,30.0,1.79,27.0,1.745,1.9,3.0,0.1568,0.3091,0.0394,-0.1303,0.2008,0.0326,2026-08-04,297.58,302.38,297.22,301.71,714740.0,300.744723
2026-08-04T20:35:06.670,14,13,IWM260817C00307500,IWM,2026-08-17,call,307.5,1.55,6.0,1.67,6.0,1.6099999999999999,,,0.1573,0.2907,0.0382,-0.1268,0.1953,0.0307,2026-08-04,297.58,302.38,297.22,301.71,714740.0,300.744723
2026-08-04T20:35:06.670,14,13,IWM260817C00308000,IWM,2026-08-17,call,308.0,1.45,30.0,1.55,32.0,1.5,1.66,1.0,0.1587,0.274,0.0368,-0.124,0.1898,0.0289,2026-08-04,297.58,302.38,297.22,301.71,714740.0,300.744723
2026-08-04T20:35:06.670,14,13,IWM260817C00309000,IWM,2026-08-17,call,309.0,1.17,64.0,1.25,30.0,1.21,1.44,1.0,0.1562,0.2355,0.0346,-0.1123,0.1754,0.0249,2026-08-04,297.58,302.38,297.22,301.71,714740.0,300.744723
2026-08-04T20:35:06.670,14,13,IWM260817C00310000,IWM,2026-08-17,call,310.0,1.01,10.0,1.11,6.0,1.06,1.12,12.0,0.1599,0.2088,0.0315,-0.1069,0.1637,0.0221,2026-08-04,297.58,302.38,297.22,301.71,714740.0,300.744723
2026-08-04T20:35:06.670,14,13,IWM260817C00311000,IWM,2026-08-17,call,311.0,0.79,59.0,0.87,38.0,0.8300000000000001,,,0.1569,0.1748,0.0288,-0.0938,0.1468,0.0185,2026-08-04,297.58,302.38,297.22,301.71,714740.0,300.744723
2026-08-04T20:35:06.670,14,13,IWM260817C00312000,IWM,2026-08-17,call,312.0,0.65,5.0,0.76,59.0,0.7050000000000001,0.8,3.0,0.1591,0.1517,0.0259,-0.0864,0.1339,0.0161,2026-08-04,297.58,302.38,297.22,301.71,714740.0,300.744723
2026-08-04T20:35:06.670,14,13,IWM260817C00313000,IWM,2026-08-17,call,313.0,0.54,43.0,0.64,77.0,0.5900000000000001,,,0.1606,0.1303,0.0232,-0.0785,0.1208,0.0138,2026-08-04,297.58,302.38,297.22,301.71,714740.0,300.744723
2026-08-04T20:35:06.670,14,13,IWM260817C00314000,IWM,2026-08-17,call,314.0,0.43,16.0,0.53,27.0,0.48,0.38,3.0,0.1609,0.1098,0.0205,-0.0695,0.107,0.0116,2026-08-04,297.58,302.38,297.22,301.71,714740.0,300.744723
2026-08-04T20:35:06.670,14,13,IWM260817C00315000,IWM,2026-08-17,call,315.0,0.39,49.0,0.4,14.0,0.395,0.46,4.0,0.162,0.0929,0.018,-0.0618,0.0947,0.0099,2026-08-04,297.58,302.38,297.22,301.71,714740.0,300.744723
2026-08-04T20:35:06.670,14,13,IWM260817C00316000,IWM,2026-08-17,call,316.0,0.28,32.0,0.37,19.0,0.325,,,0.1632,0.0784,0.0157,-0.0547,0.0834,0.0083,2026-08-04,297.58,302.38,297.22,301.71,714740.0,300.744723
2026-08-04T20:35:06.670,14,13,IWM260817C00317000,IWM,2026-08-17,call,317.0,0.23,25.0,0.27,19.0,0.25,,,0.162,0.0631,0.0134,-0.0459,0.0706,0.0067,2026-08-04,297.58,302.38,297.22,301.71,714740.0,300.744723
2026-08-04T20:35:06.670,14,13,IWM260817C00318000,IWM,2026-08-17,call,318.0,0.18,61.0,0.27,60.0,0.225,,,0.1666,0.0563,0.0119,-0.0431,0.0646,0.006,2026-08-04,297.58,302.38,297.22,301.71,714740.0,300.744723
2026-08-04T20:35:06.670,14,13,IWM260817C00319000,IWM,2026-08-17,call,319.0,0.19,64.0,0.23,10.0,0.21000000000000002,0.09,132.0,0.1723,0.0516,0.0108,-0.0414,0.0602,0.0055,2026-08-04,297.58,302.38,297.22,301.71,714740.0,300.744723
2026-08-04T20:35:06.670,14,13,IWM260817C00320000,IWM,2026-08-17,call,320.0,0.16,79.0,0.2,79.0,0.18,0.17,12.0,0.1749,0.0445,0.0094,-0.0374,0.0536,0.0047,2026-08-04,297.58,302.38,297.22,301.71,714740.0,300.744723
2026-08-04T20:35:06.670,14,13,IWM260817C00321000,IWM,2026-08-17,call,321.0,0.14,76.0,0.17,76.0,0.15500000000000003,,,0.1776,0.0386,0.0083,-0.0337,0.0477,0.0041,2026-08-04,297.58,302.38,297.22,301.71,714740.0,300.744723
2026-08-04T20:35:06.670,14,13,IWM260817C00322000,IWM,2026-08-17,call,322.0,0.12,38.0,0.15,8.0,0.135,,,0.1806,0.0337,0.0073,-0.0307,0.0427,0.0036,2026-08-04,297.58,302.38,297.22,301.71,714740.0,300.744723
2026-08-04T20:35:06.670,14,13,IWM260817C00323000,IWM,2026-08-17,call,323.0,0.07,25.0,0.09,17.0,0.08,,,0.1724,0.0221,0.0054,-0.0206,0.0301,0.0024,2026-08-04,297.58,302.38,297.22,301.71,714740.0,300.744723
2026-08-04T20:35:06.670,14,13,IWM260817C00324000,IWM,2026-08-17,call,324.0,0.06,1.0,0.08,18.0,0.07,,,0.1756,0.0193,0.0047,-0.0187,0.0268,0.0021,2026-08-04,297.58,302.38,297.22,301.71,714740.0,300.744723
2026-08-04T20:35:06.670,14,13,IWM260817C00325000,IWM,2026-08-17,call,325.0,0.08,123.0,0.1,7.0,0.09,,,0.1893,0.0226,0.005,-0.023,0.0306,0.0024,2026-08-04,297.58,302.38,297.22,301.71,714740.0,300.744723
2026-08-04T20:35:06.670,14,13,IWM260817C00330000,IWM,2026-08-17,call,330.0,0.05,49.0,0.07,22.0,0.060000000000000005,,,0.21,0.0144,0.0031,-0.0172,0.0208,0.0015,2026-08-04,297.58,302.38,297.22,301.71,714740.0,300.744723
2026-08-04T20:35:06.670,14,13,IWM260817C00340000,IWM,2026-08-17,call,340.0,0.03,115.0,0.05,112.0,0.04,,,0.257,0.0083,0.0016,-0.0131,0.013,0.0009,2026-08-04,297.58,302.38,297.22,301.71,714740.0,300.744723
2026-08-04T20:35:06.670,14,13,IWM260817C00350000,IWM,2026-08-17,call,350.0,0.0,0.0,0.01,114.0,0.005,,,,,,,,,2026-08-04,297.58,302.38,297.22,301.71,714740.0,300.744723
2026-08-04T20:35:06.670,14,13,IWM260817P00180000,IWM,2026-08-17,put,180.0,0.0,0.0,0.03,105.0,0.015,,,,,,,,,2026-08-04,297.58,302.38,297.22,301.71,714740.0,300.744723
2026-08-04T20:35:06.670,14,13,IWM260817P00190000,IWM,2026-08-17,put,190.0,0.0,0.0,0.01,114.0,0.005,,,,,,,,,2026-08-04,297.58,302.38,297.22,301.71,714740.0,300.744723
2026-08-04T20:35:06.670,14,13,IWM260817P00200000,IWM,2026-08-17,put,200.0,0.0,0.0,0.01,12.0,0.005,,,,,,,,,2026-08-04,297.58,302.38,297.22,301.71,714740.0,300.744723
2026-08-04T20:35:06.670,14,13,IWM260817P00205000,IWM,2026-08-17,put,205.0,0.0,0.0,0.03,14.0,0.015,,,,,,,,,2026-08-04,297.58,302.38,297.22,301.71,714740.0,300.744723
2026-08-04T20:35:06.670,14,13,IWM260817P00210000,IWM,2026-08-17,put,210.0,0.0,0.0,0.03,106.0,0.015,,,,,,,,,2026-08-04,297.58,302.38,297.22,301.71,714740.0,300.744723
2026-08-04T20:35:06.670,14,13,IWM260817P00215000,IWM,2026-08-17,put,215.0,0.0,0.0,0.01,11.0,0.005,,,,,,,,,2026-08-04,297.58,302.38,297.22,301.71,714740.0,300.744723
2026-08-04T20:35:06.670,14,13,IWM260817P00220000,IWM,2026-08-17,put,220.0,0.0,0.0,0.04,21.0,0.02,,,,,,,,,2026-08-04,297.58,302.38,297.22,301.71,714740.0,300.744723
2026-08-04T20:35:06.670,14,13,IWM260817P00225000,IWM,2026-08-17,put,225.0,0.0,0.0,0.01,41.0,0.005,,,,,,,,,2026-08-04,297.58,302.38,297.22,301.71,714740.0,300.744723
2026-08-04T20:35:06.670,14,13,IWM260817P00230000,IWM,2026-08-17,put,230.0,0.01,107.0,0.02,20.0,0.015,0.03,3.0,0.5049,-0.0018,0.0002,-0.0062,0.0032,-0.0002,2026-08-04,297.58,302.38,297.22,301.71,714740.0,300.744723
2026-08-04T20:35:06.670,14,13,IWM260817P00235000,IWM,2026-08-17,put,235.0,0.03,10.0,0.05,13.0,0.04,,,0.517,-0.0042,0.0004,-0.014,0.0071,-0.0005,2026-08-04,297.58,302.38,297.22,301.71,714740.0,300.744723
2026-08-04T20:35:06.670,14,13,IWM260817P00240000,IWM,2026-08-17,put,240.0,0.03,114.0,0.05,17.0,0.04,,,0.4778,-0.0046,0.0005,-0.0138,0.0076,-0.0005,2026-08-04,297.58,302.38,297.22,301.71,714740.0,300.744723
2026-08-04T20:35:06.670,14,13,IWM260817P00245000,IWM,2026-08-17,put,245.0,0.01,14.0,0.02,14.0,0.015,,,0.3968,-0.0022,0.0003,-0.006,0.004,-0.0002,2026-08-04,297.58,302.38,297.22,301.71,714740.0,300.744723
2026-08-04T20:35:06.670,14,13,IWM260817P00250000,IWM,2026-08-17,put,250.0,0.01,118.0,0.07,121.0,0.04,,,0.4011,-0.0054,0.0007,-0.0134,0.0088,-0.0006,2026-08-04,297.58,302.38,297.22,301.71,714740.0,300.744723
2026-08-04T20:35:06.670,14,13,IWM260817P00255000,IWM,2026-08-17,put,255.0,0.02,13.0,0.04,10.0,0.03,,,0.3519,-0.0047,0.0007,-0.0104,0.0078,-0.0005,2026-08-04,297.58,302.38,297.22,301.71,714740.0,300.744723
2026-08-04T20:35:06.670,14,13,IWM260817P00260000,IWM,2026-08-17,put,260.0,0.08,19.0,0.11,35.0,0.095,0.11,2.0,0.3642,-0.0128,0.0016,-0.0261,0.0189,-0.0014,2026-08-04,297.58,302.38,297.22,301.71,714740.0,300.744723
2026-08-04T20:35:06.670,14,13,IWM260817P00261000,IWM,2026-08-17,put,261.0,0.05,16.0,0.11,27.0,0.08,,,0.3479,-0.0115,0.0015,-0.0226,0.0171,-0.0013,2026-08-04,297.58,302.38,297.22,301.71,714740.0,300.744723
2026-08-04T20:35:06.670,14,13,IWM260817P00262000,IWM,2026-08-17,put,262.0,0.05,97.0,0.08,97.0,0.065,,,0.3308,-0.01,0.0014,-0.019,0.0152,-0.0011,2026-08-04,297.58,302.38,297.22,301.71,714740.0,300.744723
2026-08-04T20:35:06.670,14,13,IWM260817P00263000,IWM,2026-08-17,put,263.0,0.06,16.0,0.08,27.0,0.07,,,0.3262,-0.0108,0.0015,-0.0201,0.0163,-0.0012,2026-08-04,297.58,302.38,297.22,301.71,714740.0,300.744723
2026-08-04T20:35:06.670,14,13,IWM260817P00264000,IWM,2026-08-17,put,264.0,0.1,102.0,0.13,105.0,0.115,0.11,1.0,0.3412,-0.0162,0.0021,-0.0297,0.023,-0.0018,2026-08-04,297.58,302.38,297.22,301.71,714740.0,300.744723
2026-08-04T20:35:06.670,14,13,IWM260817P00265000,IWM,2026-08-17,put,265.0,0.07,10.0,0.09,13.0,0.08,,,0.3163,-0.0125,0.0018,-0.0221,0.0185,-0.0014,2026-08-04,297.58,302.38,297.22,301.71,714740.0,300.744723
2026-08-04T20:35:06.670,14,13,IWM260817P00266000,IWM,2026-08-17,put,266.0,0.12,18.0,0.14,107.0,0.13,,,0.3308,-0.0186,0.0024,-0.0324,0.0259,-0.002,2026-08-04,297.58,302.38,297.22,301.71,714740.0,300.744723
2026-08-04T20:35:06.670,14,13,IWM260817P00267000,IWM,2026-08-17,put,267.0,0.08,102.0,0.11,100.0,0.095,,,0.3078,-0.015,0.0022,-0.0251,0.0216,-0.0016,2026-08-04,297.58,302.38,297.22,301.71,714740.0,300.744723
2026-08-04T20:35:06.670,14,13,IWM260817P00267500,IWM,2026-08-17,put,267.5,0.13,29.0,0.15,160.0,0.14,,,0.322,-0.0203,0.0027,-0.034,0.028,-0.0022,2026-08-04,297.58,302.38,297.22,301.71,714740.0,300.744723
2026-08-04T20:35:06.670,14,13,IWM260817P00268000,IWM,2026-08-17,put,268.0,0.09,101.0,0.15,10.0,0.12,,,0.3103,-0.0183,0.0025,-0.03,0.0256,-0.002,2026-08-04,297.58,302.38,297.22,301.71,714740.0,300.744723
2026-08-04T20:35:06.670,14,13,IWM260817P00269000,IWM,2026-08-17,put,269.0,0.1,17.0,0.12,91.0,0.11,,,0.2982,-0.0176,0.0026,-0.0278,0.0247,-0.0019,2026-08-04,297.58,302.38,297.22,301.71,714740.0,300.744723
2026-08-04T20:35:06.670,14,13,IWM260817P00270000,IWM,2026-08-17,put,270.0,0.11,5.0,0.13,98.0,0.12,0.14,12.0,0.2939,-0.0192,0.0028,-0.0296,0.0267,-0.0021,2026-08-04,297.58,302.38,297.22,301.71,714740.0,300.744723
2026-08-04T20:35:06.670,14,13,IWM260817P00271000,IWM,2026-08-17,put,271.0,0.12,2.0,0.18,155.0,0.15,0.15,38.0,0.2959,-0.0233,0.0033,-0.035,0.0314,-0.0026,2026-08-04,297.58,302.38,297.22,301.71,714740.0,300.744723
2026-08-04T20:35:06.670,14,13,IWM260817P00272000,IWM,2026-08-17,put,272.0,0.13,2.0,0.15,55.0,0.14,,,0.2842,-0.0227,0.0033,-0.0329,0.0308,-0.0025,2026-08-04,297.58,302.38,297.22,301.71,714740.0,300.744723
2026-08-04T20:35:06.670,14,13,IWM260817P00272500,IWM,2026-08-17,put,272.5,0.13,120.0,0.2,138.0,0.165,,,0.2877,-0.026,0.0037,-0.0373,0.0344,-0.0029,2026-08-04,297.58,302.38,297.22,301.71,714740.0,300.744723
2026-08-04T20:35:06.670,14,13,IWM260817P00273000,IWM,2026-08-17,put,273.0,0.17,93.0,0.2,83.0,0.185,0.19,1.0,0.289,-0.0286,0.004,-0.0406,0.0373,-0.0031,2026-08-04,297.58,302.38,297.22,301.71,714740.0,300.744723
2026-08-04T20:35:06.670,14,13,IWM260817P00274000,IWM,2026-08-17,put,274.0,0.19,23.0,0.21,91.0,0.2,0.22,5.0,0.2841,-0.0311,0.0043,-0.0427,0.04,-0.0034,2026-08-04,297.58,302.38,297.22,301.71,714740.0,300.744723
2026-08-04T20:35:06.670,14,13,IWM260817P00275000,IWM,2026-08-17,put,275.0,0.2,24.0,0.23,42.0,0.21500000000000002,0.2,1.0,0.2789,-0.0337,0.0047,-0.0448,0.0427,-0.0037,2026-08-04,297.58,302.38,297.22,301.71,714740.0,300.744723
2026-08-04T20:35:06.670,14,13,IWM260817P00276000,IWM,2026-08-17,put,276.0,0.17,84.0,0.24,87.0,0.20500000000000002,,,0.2678,-0.0335,0.0049,-0.0428,0.0425,-0.0037,2026-08-04,297.58,302.38,297.22,301.71,714740.0,300.744723
2026-08-04T20:35:06.670,14,13,IWM260817P00277000,IWM,2026-08-17,put,277.0,0.19,5.0,0.26,68.0,0.225,0.29,1.0,0.2634,-0.0369,0.0054,-0.0455,0.046,-0.004,2026-08-04,297.58,302.38,297.22,301.71,714740.0,300.744723
2026-08-04T20:35:06.670,14,13,IWM260817P00277500,IWM,2026-08-17,put,277.5,0.24,3.0,0.27,58.0,0.255,,,0.2652,-0.0409,0.0058,-0.0497,0.05,-0.0045,2026-08-04,297.58,302.38,297.22,301.71,714740.0,300.744723
2026-08-04T20:35:06.670,14,13,IWM260817P00278000,IWM,2026-08-17,put,278.0,0.21,2.0,0.23,32.0,0.22,0.29,1.0,0.2534,-0.0375,0.0057,-0.0442,0.0465,-0.0041,2026-08-04,297.58,302.38,297.22,301.71,714740.0,300.744723
2026-08-04T20:35:06.670,14,13,IWM260817P00279000,IWM,2026-08-17,put,279.0,0.27,5.0,0.3,78.0,0.28500000000000003,0.24,1.0,0.2571,-0.0463,0.0066,-0.0532,0.0552,-0.0051,2026-08-04,297.58,302.38,297.22,301.71,714740.0,300.744723
2026-08-04T20:35:06.670,14,13,IWM260817P00280000,IWM,2026-08-17,put,280.0,0.29,13.0,0.32,75.0,0.305,0.25,19.0,0.2513,-0.05,0.0072,-0.0553,0.0588,-0.0055,2026-08-04,297.58,302.38,297.22,301.71,714740.0,300.744723
2026-08-04T20:35:06.670,14,13,IWM260817P00281000,IWM,2026-08-17,put,281.0,0.32,6.0,0.35,95.0,0.33499999999999996,0.32,1.0,0.2468,-0.0551,0.0079,-0.0586,0.0635,-0.006,2026-08-04,297.58,302.38,297.22,301.71,714740.0,300.744723
2026-08-04T20:35:06.670,14,13,IWM260817P00282000,IWM,2026-08-17,put,282.0,0.34,20.0,0.38,70.0,0.36,0.32,2.0,0.241,-0.0598,0.0087,-0.061,0.0677,-0.0066,2026-08-04,297.58,302.38,297.22,301.71,714740.0,300.744723
2026-08-04T20:35:06.670,14,13,IWM260817P00283000,IWM,2026-08-17,put,283.0,0.33,78.0,0.43,30.0,0.38,0.4,1.0,0.2342,-0.0642,0.0094,-0.0625,0.0716,-0.007,2026-08-04,297.58,302.38,297.22,301.71,714740.0,300.744723
2026-08-04T20:35:06.670,14,13,IWM260817P00284000,IWM,2026-08-17,put,284.0,0.41,44.0,0.46,10.0,0.435,0.36,1.0,0.2316,-0.0727,0.0105,-0.068,0.0788,-0.008,2026-08-04,297.58,302.38,297.22,301.71,714740.0,300.744723
2026-08-04T20:35:06.670,14,13,IWM260817P00285000,IWM,2026-08-17,put,285.0,0.42,63.0,0.52,121.0,0.47,0.45,4.0,0.2258,-0.0793,0.0115,-0.0707,0.0842,-0.0087,2026-08-04,297.58,302.38,297.22,301.71,714740.0,300.744723
2026-08-04T20:35:06.670,14,13,IWM260817P00286000,IWM,2026-08-17,put,286.0,0.51,41.0,0.53,109.0,0.52,0.51,12.0,0.2213,-0.0879,0.0126,-0.0746,0.0909,-0.0096,2026-08-04,297.58,302.38,297.22,301.71,714740.0,300.744723
2026-08-04T20:35:06.670,14,13,IWM260817P00287000,IWM,2026-08-17,put,287.0,0.53,66.0,0.63,21.0,0.5800000000000001,0.55,1.0,0.2171,-0.0978,0.014,-0.0791,0.0984,-0.0107,2026-08-04,297.58,302.38,297.22,301.71,714740.0,300.744723
2026-08-04T20:35:06.670,14,13,IWM260817P00288000,IWM,2026-08-17,put,288.0,0.6,55.0,0.7,45.0,0.6499999999999999,0.58,1.0,0.2131,-0.1091,0.0154,-0.084,0.1066,-0.012,2026-08-04,297.58,302.38,297.22,301.71,714740.0,300.744723
2026-08-04T20:35:06.670,14,13,IWM260817P00289000,IWM,2026-08-17,put,289.0,0.72,26.0,0.74,16.0,0.73,0.71,12.0,0.2092,-0.1219,0.017,-0.089,0.1153,-0.0134,2026-08-04,297.58,302.38,297.22,301.71,714740.0,300.744723
2026-08-04T20:35:06.670,14,13,IWM260817P00290000,IWM,2026-08-17,put,290.0,0.81,75.0,0.89,1.0,0.8500000000000001,0.78,1.0,0.2077,-0.1388,0.0187,-0.0964,0.1261,-0.0152,2026-08-04,297.58,302.38,297.22,301.71,714740.0,300.744723
2026-08-04T20:35:06.670,14,13,IWM260817P00291000,IWM,2026-08-17,put,291.0,0.88,28.0,0.97,27.0,0.925,0.9,1.0,0.2016,-0.1523,0.0205,-0.0994,0.1342,-0.0167,2026-08-04,297.58,302.38,297.22,301.71,714740.0,300.744723
2026-08-04T20:35:06.670,14,13,IWM260817P00292000,IWM,2026-08-17,put,292.0,1.01,60.0,1.13,43.0,1.0699999999999998,1.04,2.0,0.1997,-0.1723,0.0224,-0.1064,0.1455,-0.0189,2026-08-04,297.58,302.38,297.22,301.71,714740.0,300.744723
2026-08-04T20:35:06.670,14,13,IWM260817P00293000,IWM,2026-08-17,put,293.0,1.2,5.0,1.28,33.0,1.24,1.17,1.0,0.1982,-0.1947,0.0244,-0.1136,0.157,-0.0214,2026-08-04,297.58,302.38,297.22,301.71,714740.0,300.744723
2026-08-04T20:35:06.670,14,13,IWM260817P00294000,IWM,2026-08-17,put,294.0,1.36,75.0,1.42,55.0,1.3900000000000001,1.32,1.0,0.1941,-0.2162,0.0265,-0.1181,0.1671,-0.0238,2026-08-04,297.58,302.38,297.22,301.71,714740.0,300.744723
2026-08-04T20:35:06.670,14,13,IWM260817P00295000,IWM,2026-08-17,put,295.0,1.51,27.0,1.61,14.0,1.56,1.48,3.0,0.1901,-0.2401,0.0287,-0.1222,0.1772,-0.0264,2026-08-04,297.58,302.38,297.22,301.71,714740.0,300.744723
2026-08-04T20:35:06.670,14,13,IWM260817P00296000,IWM,2026-08-17,put,296.0,1.77,54.0,1.89,54.0,1.83,1.69,10.0,0.1903,-0.2706,0.0305,-0.1297,0.1886,-0.0298,2026-08-04,297.58,302.38,297.22,301.71,714740.0,300.744723
2026-08-04T20:35:06.670,14,13,IWM260817P00297000,IWM,2026-08-17,put,297.0,2.04,41.0,2.14,34.0,2.09,1.95,1.0,0.1884,-0.3008,0.0324,-0.1344,0.1984,-0.0331,2026-08-04,297.58,302.38,297.22,301.71,714740.0,300.744723
2026-08-04T20:35:06.670,14,13,IWM260817P00298000,IWM,2026-08-17,put,298.0,2.33,21.0,2.4,10.0,2.365,2.2,1.0,0.1857,-0.3324,0.0343,-0.1376,0.207,-0.0366,2026-08-04,297.58,302.38,297.22,301.71,714740.0,300.744723
2026-08-04T20:35:06.670,14,13,IWM260817P00299000,IWM,2026-08-17,put,299.0,2.58,26.0,2.67,47.0,2.625,2.55,1.0,0.1809,-0.3648,0.0364,-0.1378,0.2142,-0.0402,2026-08-04,297.58,302.38,297.22,301.71,714740.0,300.744723
2026-08-04T20:35:06.670,14,13,IWM260817P00300000,IWM,2026-08-17,put,300.0,3.02,22.0,3.13,11.0,3.075,2.89,1.0,0.1834,-0.4032,0.037,-0.1431,0.2206,-0.0445,2026-08-04,297.58,302.38,297.22,301.71,714740.0,300.744723
2026-08-04T20:35:06.670,14,13,IWM260817P00301000,IWM,2026-08-17,put,301.0,3.42,18.0,3.53,14.0,3.4749999999999996,3.31,1.0,0.1818,-0.4405,0.0381,-0.1436,0.2248,-0.0486,2026-08-04,297.58,302.38,297.22,301.71,714740.0,300.744723
2026-08-04T20:35:06.670,14,13,IWM260817P00302000,IWM,2026-08-17,put,302.0,3.81,11.0,3.94,17.0,3.875,3.74,2.0,0.1786,-0.4787,0.0391,-0.1411,0.227,-0.0529,2026-08-04,297.58,302.38,297.22,301.71,714740.0,300.744723
2026-08-04T20:35:06.670,14,13,IWM260817P00302500,IWM,2026-08-17,put,302.5,4.059,10.0,4.26,2.0,4.1594999999999995,,,0.1801,-0.4981,0.0389,-0.142,0.2274,-0.0551,2026-08-04,297.58,302.38,297.22,301.71,714740.0,300.744723
2026-08-04T20:35:06.670,14,13,IWM260817P00303000,IWM,2026-08-17,put,303.0,4.35,2.0,4.46,5.0,4.404999999999999,,,0.1795,-0.5176,0.039,-0.1407,0.2271,-0.0572,2026-08-04,297.58,302.38,297.22,301.71,714740.0,300.744723
2026-08-04T20:35:06.670,14,13,IWM260817P00304000,IWM,2026-08-17,put,304.0,4.84,10.0,5.09,2.0,4.965,,,0.1799,-0.5561,0.0385,-0.1385,0.2251,-0.0616,2026-08-04,297.58,302.38,297.22,301.71,714740.0,300.744723
2026-08-04T20:35:06.670,14,13,IWM260817P00305000,IWM,2026-08-17,put,305.0,5.4,10.0,5.62,2.0,5.51,5.33,1.0,0.178,-0.5951,0.0382,-0.1327,0.2209,-0.066,2026-08-04,297.58,302.38,297.22,301.71,714740.0,300.744723
2026-08-04T20:35:06.670,14,13,IWM260817P00306000,IWM,2026-08-17,put,306.0,5.99,10.0,6.29,4.0,6.140000000000001,,,0.1782,-0.6322,0.0371,-0.1275,0.2148,-0.0702,2026-08-04,297.58,302.38,297.22,301.71,714740.0,300.744723
2026-08-04T20:35:06.670,14,13,IWM260817P00307000,IWM,2026-08-17,put,307.0,6.6,7.0,7.1,1.0,6.85,,,0.1805,-0.6659,0.0354,-0.1232,0.2074,-0.0741,2026-08-04,297.58,302.38,297.22,301.71,714740.0,300.744723
2026-08-04T20:35:06.670,14,13,IWM260817P00307500,IWM,2026-08-17,put,307.5,7.15,7.0,7.48,10.0,7.315,,,0.1865,-0.6773,0.0338,-0.1255,0.2045,-0.0754,2026-08-04,297.58,302.38,297.22,301.71,714740.0,300.744723
2026-08-04T20:35:06.670,14,13,IWM260817P00308000,IWM,2026-08-17,put,308.0,7.38,10.0,7.55,6.0,7.465,,,0.1765,-0.7043,0.0343,-0.1116,0.1969,-0.0784,2026-08-04,297.58,302.38,297.22,301.71,714740.0,300.744723
2026-08-04T20:35:06.670,14,13,IWM260817P00309000,IWM,2026-08-17,put,309.0,8.18,10.0,8.55,2.0,8.365,,,0.1855,-0.7263,0.0315,-0.1126,0.1897,-0.0811,2026-08-04,297.58,302.38,297.22,301.71,714740.0,300.744723
2026-08-04T20:35:06.670,14,13,IWM260817P00310000,IWM,2026-08-17,put,310.0,9.07,10.0,9.28,2.0,9.175,8.96,1.0,0.1888,-0.7522,0.0294,-0.1072,0.1803,-0.0842,2026-08-04,297.58,302.38,297.22,301.71,714740.0,300.744723
2026-08-04T20:35:06.670,14,13,IWM260817P00311000,IWM,2026-08-17,put,311.0,9.75,10.0,10.25,2.0,10.0,,,0.1917,-0.7763,0.0274,-0.1011,0.1704,-0.0871,2026-08-04,297.58,302.38,297.22,301.71,714740.0,300.744723
2026-08-04T20:35:06.670,14,13,IWM260817P00312000,IWM,2026-08-17,put,312.0,10.59,10.0,10.97,2.0,10.780000000000001,,,0.1905,-0.8034,0.0255,-0.0903,0.1579,-0.0902,2026-08-04,297.58,302.38,297.22,301.71,714740.0,300.744723
2026-08-04T20:35:06.670,14,13,IWM260817P00313000,IWM,2026-08-17,put,313.0,11.43,10.0,11.97,2.0,11.7,,,0.197,-0.8187,0.0235,-0.0879,0.1502,-0.0922,2026-08-04,297.58,302.38,297.22,301.71,714740.0,300.744723
2026-08-04T20:35:06.670,14,13,IWM260817P00314000,IWM,2026-08-17,put,314.0,12.65,10.0,12.69,2.0,12.67,,,0.2063,-0.8288,0.0216,-0.0886,0.1449,-0.0937,2026-08-04,297.58,302.38,297.22,301.71,714740.0,300.744723
2026-08-04T20:35:06.670,14,13,IWM260817P00315000,IWM,2026-08-17,put,315.0,13.31,2.0,13.95,2.0,13.629999999999999,,,0.2146,-0.8389,0.02,-0.0882,0.1393,-0.0951,2026-08-04,297.58,302.38,297.22,301.71,714740.0,300.744723
2026-08-04T20:35:06.670,14,13,IWM260817P00316000,IWM,2026-08-17,put,316.0,14.49,10.0,14.81,2.0,14.65,,,0.2269,-0.8433,0.0186,-0.0924,0.1368,-0.0959,2026-08-04,297.58,302.38,297.22,301.71,714740.0,300.744723
2026-08-04T20:35:06.670,14,13,IWM260817P00317000,IWM,2026-08-17,put,317.0,15.05,2.0,15.88,2.0,15.465,,,0.2233,-0.8643,0.0171,-0.0789,0.1242,-0.0985,2026-08-04,297.58,302.38,297.22,301.71,714740.0,300.744723
2026-08-04T20:35:06.670,14,13,IWM260817P00318000,IWM,2026-08-17,put,318.0,14.9,1.0,18.23,1.0,16.565,,,0.2416,-0.8605,0.0161,-0.0899,0.1266,-0.0984,2026-08-04,297.58,302.38,297.22,301.71,714740.0,300.744723
2026-08-04T20:35:06.670,14,13,IWM260817P00319000,IWM,2026-08-17,put,319.0,17.42,2.0,17.94,2.0,17.68,,,0.2609,-0.856,0.0153,-0.1021,0.1293,-0.0984,2026-08-04,297.58,302.38,297.22,301.71,714740.0,300.744723
2026-08-04T20:35:06.670,14,13,IWM260817P00320000,IWM,2026-08-17,put,320.0,18.08,2.0,18.8,2.0,18.439999999999998,,,0.2514,-0.8791,0.014,-0.0824,0.1146,-0.1011,2026-08-04,297.58,302.38,297.22,301.71,714740.0,300.744723
2026-08-04T20:35:06.670,14,13,IWM260817P00321000,IWM,2026-08-17,put,321.0,19.44,2.0,19.53,2.0,19.485,,,0.2651,-0.8789,0.0133,-0.0884,0.1147,-0.1015,2026-08-04,297.58,302.38,297.22,301.71,714740.0,300.744723
2026-08-04T20:35:06.670,14,13,IWM260817P00322000,IWM,2026-08-17,put,322.0,20.02,2.0,20.61,2.0,20.314999999999998,,,0.2591,-0.8965,0.0122,-0.073,0.1026,-0.1037,2026-08-04,297.58,302.38,297.22,301.71,714740.0,300.744723
2026-08-04T20:35:06.670,14,13,IWM260817P00323000,IWM,2026-08-17,put,323.0,21.06,2.0,21.88,2.0,21.47,,,0.2831,-0.8865,0.0119,-0.0904,0.1096,-0.103,2026-08-04,297.58,302.38,297.22,301.71,714740.0,300.744723
2026-08-04T20:35:06.670,14,13,IWM260817P00324000,IWM,2026-08-17,put,324.0,21.7,2.0,22.73,2.0,22.215,,,0.2671,-0.9107,0.0106,-0.0648,0.092,-0.1059,2026-08-04,297.58,302.38,297.22,301.71,714740.0,300.744723
2026-08-04T20:35:06.670,14,13,IWM260817P00325000,IWM,2026-08-17,put,325.0,23.45,2.0,23.93,4.0,23.689999999999998,,,0.3218,-0.8765,0.0111,-0.1151,0.1163,-0.1027,2026-08-04,297.58,302.38,297.22,301.71,714740.0,300.744723
2026-08-04T20:35:06.670,14,13,IWM260817P00330000,IWM,2026-08-17,put,330.0,27.65,2.0,28.64,2.0,28.145,,,0.3109,-0.928,0.0077,-0.0626,0.0782,-0.1098,2026-08-04,297.58,302.38,297.22,301.71,714740.0,300.744723
2026-08-04T20:35:06.670,14,13,IWM260817P00340000,IWM,2026-08-17,put,340.0,37.48,2.0,38.29,2.0,37.885,,,0.3472,-0.9605,0.0043,-0.032,0.0486,-0.1168,2026-08-04,297.58,302.38,297.22,301.71,714740.0,300.744723
2026-08-04T20:35:06.670,14,13,IWM260817P00350000,IWM,2026-08-17,put,350.0,47.38,2.0,47.85,2.0,47.615,,,0.3203,-0.9916,0.0013,0.0186,0.0131,-0.1236,2026-08-04,297.58,302.38,297.22,301.71,714740.0,300.744723
2026-08-04T20:35:06.670,14,14,IWM260818C00240000,IWM,2026-08-18,call,240.0,61.69,2.0,62.16,2.0,61.925,,,,,,,,,2026-08-04,297.58,302.38,297.22,301.71,714740.0,300.744723
2026-08-04T20:35:06.670,14,14,IWM260818C00250000,IWM,2026-08-18,call,250.0,52.67,2.0,53.14,2.0,52.905,,,0.5742,0.9598,0.0025,-0.1287,0.0512,0.0909,2026-08-04,297.58,302.38,297.22,301.71,714740.0,300.744723
2026-08-04T20:35:06.670,14,14,IWM260818C00260000,IWM,2026-08-18,call,260.0,41.61,2.0,41.8,2.0,41.705,,,,,,,,,2026-08-04,297.58,302.38,297.22,301.71,714740.0,300.744723
2026-08-04T20:35:06.670,14,14,IWM260818C00270000,IWM,2026-08-18,call,270.0,32.29,2.0,32.39,2.0,32.34,,,,,,,,,2026-08-04,297.58,302.38,297.22,301.71,714740.0,300.744723
2026-08-04T20:35:06.670,14,14,IWM260818C00280000,IWM,2026-08-18,call,280.0,20.4,1.0,24.7,1.0,22.549999999999997,,,0.2184,0.9657,0.0059,-0.062,0.045,0.1032,2026-08-04,297.58,302.38,297.22,301.71,714740.0,300.744723
2026-08-04T20:35:06.670,14,14,IWM260818C00285000,IWM,2026-08-18,call,285.0,17.35,2.0,17.81,10.0,17.58,,,0.1805,0.9549,0.0089,-0.0633,0.0562,0.1039,2026-08-04,297.58,302.38,297.22,301.71,714740.0,300.744723
2026-08-04T20:35:06.670,14,14,IWM260818C00286000,IWM,2026-08-18,call,286.0,14.86,1.0,18.11,1.0,16.485,,,0.1522,0.9703,0.0075,-0.0494,0.0399,0.1061,2026-08-04,297.58,302.38,297.22,301.71,714740.0,300.744723
2026-08-04T20:35:06.670,14,14,IWM260818C00287000,IWM,2026-08-18,call,287.0,15.11,3.0,15.95,10.0,15.53,,,0.1537,0.9601,0.0095,-0.0554,0.0509,0.1052,2026-08-04,297.58,302.38,297.22,301.71,714740.0,300.744723
2026-08-04T20:35:06.670,14,14,IWM260818C00288000,IWM,2026-08-18,call,288.0,14.11,10.0,14.91,10.0,14.51,,,0.1411,0.9624,0.0098,-0.052,0.0484,0.1059,2026-08-04,297.58,302.38,297.22,301.71,714740.0,300.744723
2026-08-04T20:35:06.670,14,14,IWM260818C00289000,IWM,2026-08-18,call,289.0,13.29,3.0,14.11,3.0,13.7,,,0.1612,0.9268,0.0146,-0.074,0.0822,0.1021,2026-08-04,297.58,302.38,297.22,301.71,714740.0,300.744723
2026-08-04T20:35:06.670,14,14,IWM260818C00290000,IWM,2026-08-18,call,290.0,12.56,2.0,13.19,10.0,12.875,13.42,3.0,0.1699,0.8989,0.0176,-0.0894,0.1046,0.0992,2026-08-04,297.58,302.38,297.22,301.71,714740.0,300.744723
2026-08-04T20:35:06.670,14,14,IWM260818C00291000,IWM,2026-08-18,call,291.0,11.73,10.0,12.23,10.0,11.98,12.51,4.0,0.1688,0.8809,0.0199,-0.0964,0.1177,0.0974,2026-08-04,297.58,302.38,297.22,301.71,714740.0,300.744723
2026-08-04T20:35:06.670,14,14,IWM260818C00292000,IWM,2026-08-18,call,292.0,11.11,1.0,11.13,2.0,11.120000000000001,,,0.1689,0.8588,0.0224,-0.1047,0.1324,0.0952,2026-08-04,297.58,302.38,297.22,301.71,714740.0,300.744723
2026-08-04T20:35:06.670,14,14,IWM260818C00293000,IWM,2026-08-18,call,293.0,10.01,2.0,10.67,10.0,10.34,7.44,1.0,0.1728,0.8291,0.0249,-0.1167,0.1502,0.0921,2026-08-04,297.58,302.38,297.22,301.71,714740.0,300.744723
2026-08-04T20:35:06.670,14,14,IWM260818C00294000,IWM,2026-08-18,call,294.0,9.42,2.0,9.53,2.0,9.475,9.43,5.0,0.1691,0.8071,0.0274,-0.1213,0.162,0.0899,2026-08-04,297.58,302.38,297.22,301.71,714740.0,300.744723
2026-08-04T20:35:06.670,14,14,IWM260818C00295000,IWM,2026-08-18,call,295.0,8.47,10.0,8.88,54.0,8.675,9.1,1.0,0.1681,0.7791,0.0298,-0.1281,0.1755,0.0869,2026-08-04,297.58,302.38,297.22,301.71,714740.0,300.744723
2026-08-04T20:35:06.670,14,14,IWM260818C00296000,IWM,2026-08-18,call,296.0,7.92,1.0,8.08,10.0,8.0,8.21,1.0,0.1722,0.7427,0.0317,-0.139,0.1908,0.083,2026-08-04,297.58,302.38,297.22,301.71,714740.0,300.744723
2026-08-04T20:35:06.670,14,14,IWM260818C00297000,IWM,2026-08-18,call,297.0,7.04,7.0,7.42,2.0,7.23,6.35,1.0,0.1694,0.7123,0.034,-0.1428,0.2017,0.0797,2026-08-04,297.58,302.38,297.22,301.71,714740.0,300.744723
2026-08-04T20:35:06.670,14,14,IWM260818C00298000,IWM,2026-08-18,call,298.0,6.45,1.0,6.63,1.0,6.54,4.61,2.0,0.169,0.6771,0.0359,-0.148,0.2123,0.0759,2026-08-04,297.58,302.38,297.22,301.71,714740.0,300.744723
2026-08-04T20:35:06.670,14,14,IWM260818C00299000,IWM,2026-08-18,call,299.0,5.73,26.0,5.91,9.0,5.82,4.12,3.0,0.1657,0.6425,0.0381,-0.1494,0.2207,0.0722,2026-08-04,297.58,302.38,297.22,301.71,714740.0,300.744723
2026-08-04T20:35:06.670,14,14,IWM260818C00300000,IWM,2026-08-18,call,300.0,5.09,9.0,5.2,11.0,5.145,5.44,5.0,0.1628,0.605,0.04,-0.1502,0.2277,0.0681,2026-08-04,297.58,302.38,297.22,301.71,714740.0,300.744723
2026-08-04T20:35:06.670,14,14,IWM260818C00301000,IWM,2026-08-18,call,301.0,4.57,2.0,4.7,8.0,4.635,4.73,8.0,0.1654,0.5635,0.0403,-0.1542,0.2329,0.0635,2026-08-04,297.58,302.38,297.22,301.71,714740.0,300.744723
2026-08-04T20:35:06.670,14,14,IWM260818C00302000,IWM,2026-08-18,call,302.0,4.03,1.0,4.2,10.0,4.115,4.12,2.0,0.1658,0.5229,0.0406,-0.1549,0.2356,0.059,2026-08-04,297.58,302.38,297.22,301.71,714740.0,300.744723
2026-08-04T20:35:06.670,14,14,IWM260818C00303000,IWM,2026-08-18,call,303.0,3.43,11.0,3.54,1.0,3.4850000000000003,3.75,1.0,0.1599,0.4811,0.0421,-0.1488,0.2357,0.0544,2026-08-04,297.58,302.38,297.22,301.71,714740.0,300.744723
2026-08-04T20:35:06.670,14,14,IWM260818C00304000,IWM,2026-08-18,call,304.0,3.01,108.0,3.13,10.0,3.07,3.26,1.0,0.1612,0.44,0.0414,-0.1473,0.2333,0.0498,2026-08-04,297.58,302.38,297.22,301.71,714740.0,300.744723
2026-08-04T20:35:06.670,14,14,IWM260818C00305000,IWM,2026-08-18,call,305.0,2.58,7.0,2.76,30.0,2.67,2.81,1.0,0.1615,0.3996,0.0404,-0.1436,0.2284,0.0453,2026-08-04,297.58,302.38,297.22,301.71,714740.0,300.744723
2026-08-04T20:35:06.670,14,14,IWM260818C00310000,IWM,2026-08-18,call,310.0,1.1,58.0,1.24,108.0,1.17,1.38,37.0,0.1601,0.219,0.0312,-0.1064,0.1747,0.0249,2026-08-04,297.58,302.38,297.22,301.71,714740.0,300.744723
2026-08-04T20:35:06.670,14,14,IWM260818C00320000,IWM,2026-08-18,call,320.0,0.2,108.0,0.23,1.0,0.21500000000000002,0.12,1.0,0.1743,0.0505,0.0101,-0.0398,0.0615,0.0058,2026-08-04,297.58,302.38,297.22,301.71,714740.0,300.744723
2026-08-04T20:35:06.670,14,14,IWM260818C00330000,IWM,2026-08-18,call,330.0,0.02,59.0,0.04,29.0,0.03,0.05,4.0,0.1849,0.0083,0.0021,-0.0091,0.0135,0.001,2026-08-04,297.58,302.38,297.22,301.71,714740.0,300.744723
2026-08-04T20:35:06.670,14,14,IWM260818C00340000,IWM,2026-08-18,call,340.0,0.03,104.0,0.05,153.0,0.04,0.03,1.0,0.2475,0.0083,0.0016,-0.0121,0.0135,0.001,2026-08-04,297.58,302.38,297.22,301.71,714740.0,300.744723
2026-08-04T20:35:06.670,14,14,IWM260818P00240000,IWM,2026-08-18,put,240.0,0.01,109.0,0.02,21.0,0.015,0.04,3.0,0.4167,-0.002,0.0003,-0.0056,0.0038,-0.0002,2026-08-04,297.58,302.38,297.22,301.71,714740.0,300.744723
2026-08-04T20:35:06.670,14,14,IWM260818P00250000,IWM,2026-08-18,put,250.0,0.06,5.0,0.08,104.0,0.07,,,0.4133,-0.0084,0.0009,-0.0197,0.0135,-0.001,2026-08-04,297.58,302.38,297.22,301.71,714740.0,300.744723
2026-08-04T20:35:06.670,14,14,IWM260818P00260000,IWM,2026-08-18,put,260.0,0.1,6.0,0.12,39.0,0.11,0.1,1.0,0.3585,-0.0144,0.0017,-0.0272,0.0216,-0.0017,2026-08-04,297.58,302.38,297.22,301.71,714740.0,300.744723
2026-08-04T20:35:06.670,14,14,IWM260818P00270000,IWM,2026-08-18,put,270.0,0.12,134.0,0.19,38.0,0.155,0.18,1.0,0.295,-0.0233,0.0032,-0.0336,0.0325,-0.0028,2026-08-04,297.58,302.38,297.22,301.71,714740.0,300.744723
2026-08-04T20:35:06.670,14,14,IWM260818P00280000,IWM,2026-08-18,put,280.0,0.29,1.0,0.32,10.0,0.305,0.3,1.0,0.2424,-0.05,0.0072,-0.0513,0.061,-0.0059,2026-08-04,297.58,302.38,297.22,301.71,714740.0,300.744723
2026-08-04T20:35:06.670,14,14,IWM260818P00285000,IWM,2026-08-18,put,285.0,0.52,27.0,0.53,5.0,0.525,0.47,1.0,0.224,-0.0849,0.0117,-0.071,0.092,-0.01,2026-08-04,297.58,302.38,297.22,301.71,714740.0,300.744723
2026-08-04T20:35:06.670,14,14,IWM260818P00286000,IWM,2026-08-18,put,286.0,0.58,92.0,0.6,53.0,0.59,0.54,1.0,0.2207,-0.0948,0.0129,-0.0757,0.0998,-0.0112,2026-08-04,297.58,302.38,297.22,301.71,714740.0,300.744723
2026-08-04T20:35:06.670,14,14,IWM260818P00287000,IWM,2026-08-18,put,287.0,0.64,27.0,0.66,10.0,0.65,0.6,1.0,0.2162,-0.1045,0.0142,-0.0795,0.1072,-0.0124,2026-08-04,297.58,302.38,297.22,301.71,714740.0,300.744723
2026-08-04T20:35:06.670,14,14,IWM260818P00288000,IWM,2026-08-18,put,288.0,0.73,53.0,0.79,53.0,0.76,1.17,1.0,0.2153,-0.1193,0.0156,-0.0869,0.1178,-0.0141,2026-08-04,297.58,302.38,297.22,301.71,714740.0,300.744723
2026-08-04T20:35:06.670,14,14,IWM260818P00289000,IWM,2026-08-18,put,289.0,0.78,6.0,0.84,1.0,0.81,0.77,1.0,0.2085,-0.1291,0.0171,-0.0887,0.1245,-0.0153,2026-08-04,297.58,302.38,297.22,301.71,714740.0,300.744723
2026-08-04T20:35:06.670,14,14,IWM260818P00290000,IWM,2026-08-18,put,290.0,0.91,16.0,0.95,3.0,0.9299999999999999,0.88,1.0,0.2065,-0.1455,0.0187,-0.0951,0.1351,-0.0172,2026-08-04,297.58,302.38,297.22,301.71,714740.0,300.744723
2026-08-04T20:35:06.670,14,14,IWM260818P00291000,IWM,2026-08-18,put,291.0,1.03,50.0,1.07,40.0,1.05,1.22,3.0,0.2034,-0.1623,0.0204,-0.1005,0.1453,-0.0192,2026-08-04,297.58,302.38,297.22,301.71,714740.0,300.744723
2026-08-04T20:35:06.670,14,14,IWM260818P00292000,IWM,2026-08-18,put,292.0,1.17,108.0,1.21,10.0,1.19,1.13,1.0,0.2006,-0.1812,0.0222,-0.1061,0.1558,-0.0214,2026-08-04,297.58,302.38,297.22,301.71,714740.0,300.744723
2026-08-04T20:35:06.670,14,14,IWM260818P00293000,IWM,2026-08-18,put,293.0,1.28,30.0,1.37,57.0,1.3250000000000002,1.24,5.0,0.1965,-0.2004,0.0241,-0.1101,0.1658,-0.0237,2026-08-04,297.58,302.38,297.22,301.71,714740.0,300.744723
2026-08-04T20:35:06.670,14,14,IWM260818P00294000,IWM,2026-08-18,put,294.0,1.46,30.0,1.55,1.0,1.505,1.7,1.0,0.194,-0.2234,0.026,-0.1155,0.1767,-0.0265,2026-08-04,297.58,302.38,297.22,301.71,714740.0,300.744723
2026-08-04T20:35:06.670,14,14,IWM260818P00295000,IWM,2026-08-18,put,295.0,1.66,30.0,1.75,32.0,1.705,1.63,1.0,0.1914,-0.2483,0.028,-0.1203,0.1872,-0.0294,2026-08-04,297.58,302.38,297.22,301.71,714740.0,300.744723
2026-08-04T20:35:06.670,14,14,IWM260818P00296000,IWM,2026-08-18,put,296.0,1.89,99.0,2.029,33.0,1.9594999999999998,1.84,1.0,0.1904,-0.2767,0.0297,-0.126,0.1979,-0.0328,2026-08-04,297.58,302.38,297.22,301.71,714740.0,300.744723
2026-08-04T20:35:06.670,14,14,IWM260818P00297000,IWM,2026-08-18,put,297.0,2.14,32.0,2.26,36.0,2.2,2.11,6.0,0.1873,-0.3051,0.0316,-0.1291,0.2072,-0.0362,2026-08-04,297.58,302.38,297.22,301.71,714740.0,300.744723
2026-08-04T20:35:06.670,14,14,IWM260818P00298000,IWM,2026-08-18,put,298.0,2.48,41.0,2.55,17.0,2.5149999999999997,2.72,3.0,0.1864,-0.3372,0.0331,-0.1334,0.216,-0.04,2026-08-04,297.58,302.38,297.22,301.71,714740.0,300.744723
2026-08-04T20:35:06.670,14,14,IWM260818P00299000,IWM,2026-08-18,put,299.0,2.77,4.0,2.85,5.0,2.81,2.69,1.0,0.1832,-0.3694,0.0348,-0.1346,0.2232,-0.0439,2026-08-04,297.58,302.38,297.22,301.71,714740.0,300.744723
2026-08-04T20:35:06.670,14,14,IWM260818P00300000,IWM,2026-08-18,put,300.0,3.17,11.0,3.22,108.0,3.1950000000000003,3.07,4.0,0.1825,-0.4047,0.0359,-0.1368,0.2292,-0.0481,2026-08-04,297.58,302.38,297.22,301.71,714740.0,300.744723
2026-08-04T20:35:06.670,14,14,IWM260818P00301000,IWM,2026-08-18,put,301.0,3.6,174.0,3.71,12.0,3.6550000000000002,3.43,1.0,0.1835,-0.4414,0.0364,-0.1393,0.2334,-0.0525,2026-08-04,297.58,302.38,297.22,301.71,714740.0,300.744723
2026-08-04T20:35:06.670,14,14,IWM260818P00302000,IWM,2026-08-18,put,302.0,4.03,63.0,4.11,1.0,4.07,3.89,1.0,0.181,-0.4779,0.0372,-0.1375,0.2356,-0.0569,2026-08-04,297.58,302.38,297.22,301.71,714740.0,300.744723
2026-08-04T20:35:06.670,14,14,IWM260818P00303000,IWM,2026-08-18,put,303.0,4.43,4.0,4.67,1.0,4.55,4.32,9.0,0.1798,-0.5153,0.0375,-0.1353,0.2358,-0.0614,2026-08-04,297.58,302.38,297.22,301.71,714740.0,300.744723
2026-08-04T20:35:06.670,14,14,IWM260818P00304000,IWM,2026-08-18,put,304.0,5.04,8.0,5.2,10.0,5.12,,,0.1808,-0.5521,0.037,-0.1338,0.2339,-0.0659,2026-08-04,297.58,302.38,297.22,301.71,714740.0,300.744723
2026-08-04T20:35:06.670,14,14,IWM260818P00305000,IWM,2026-08-18,put,305.0,5.48,1.0,5.83,8.0,5.655,,,0.1786,-0.5897,0.0368,-0.1283,0.2299,-0.0705,2026-08-04,297.58,302.38,297.22,301.71,714740.0,300.744723
2026-08-04T20:35:06.670,14,14,IWM260818P00310000,IWM,2026-08-18,put,310.0,8.89,2.0,9.46,2.0,9.175,,,0.1832,-0.7497,0.0294,-0.0994,0.188,-0.0904,2026-08-04,297.58,302.38,297.22,301.71,714740.0,300.744723
2026-08-04T20:35:06.670,14,14,IWM260818P00320000,IWM,2026-08-18,put,320.0,18.08,2.0,18.88,2.0,18.479999999999997,,,0.2479,-0.873,0.0142,-0.0807,0.1231,-0.1082,2026-08-04,297.58,302.38,297.22,301.71,714740.0,300.744723
2026-08-04T20:35:06.670,14,14,IWM260818P00330000,IWM,2026-08-18,put,330.0,28.53,2.0,29.03,2.0,28.78,,,0.3661,-0.8814,0.0092,-0.1239,0.1173,-0.1131,2026-08-04,297.58,302.38,297.22,301.71,714740.0,300.744723
2026-08-04T20:35:06.670,14,14,IWM260818P00340000,IWM,2026-08-18,put,340.0,37.44,2.0,39.59,10.0,38.515,,,0.4262,-0.9134,0.0063,-0.1106,0.0933,-0.1206,2026-08-04,297.58,302.38,297.22,301.71,714740.0,300.744723
2026-08-04T20:35:06.670,14,17,IWM260821C00150000,IWM,2026-08-21,call,150.0,150.08,2.0,153.7,2.0,151.89,146.0,1.0,,,,,,,2026-08-04,297.58,302.38,297.22,301.71,714740.0,300.744723
2026-08-04T20:35:06.670,14,17,IWM260821C00155000,IWM,2026-08-21,call,155.0,149.04,2.0,149.16,2.0,149.1,141.24,1.0,,,,,,,2026-08-04,297.58,302.38,297.22,301.71,714740.0,300.744723
2026-08-04T20:35:06.670,14,17,IWM260821C00160000,IWM,2026-08-21,call,160.0,139.16,2.0,141.83,2.0,140.495,137.56,2.0,,,,,,,2026-08-04,297.58,302.38,297.22,301.71,714740.0,300.744723
2026-08-04T20:35:06.670,14,17,IWM260821C00165000,IWM,2026-08-21,call,165.0,134.85,2.0,135.61,2.0,135.23000000000002,133.67,2.0,,,,,,,2026-08-04,297.58,302.38,297.22,301.71,714740.0,300.744723
2026-08-04T20:35:06.670,14,17,IWM260821C00170000,IWM,2026-08-21,call,170.0,132.81,2.0,133.26,2.0,133.035,124.59,1.0,,,,,,,2026-08-04,297.58,302.38,297.22,301.71,714740.0,300.744723
2026-08-04T20:35:06.670,14,17,IWM260821C00175000,IWM,2026-08-21,call,175.0,124.11,4.0,124.6,2.0,124.35499999999999,120.57,1.0,,,,,,,2026-08-04,297.58,302.38,297.22,301.71,714740.0,300.744723
2026-08-04T20:35:06.670,14,17,IWM260821C00180000,IWM,2026-08-21,call,180.0,119.53,2.0,120.43,2.0,119.98,114.43,1.0,,,,,,,2026-08-04,297.58,302.38,297.22,301.71,714740.0,300.744723
2026-08-04T20:35:06.670,14,17,IWM260821C00185000,IWM,2026-08-21,call,185.0,116.64,2.0,116.68,2.0,116.66,111.07,2.0,,,,,,,2026-08-04,297.58,302.38,297.22,301.71,714740.0,300.744723
2026-08-04T20:35:06.670,14,17,IWM260821C00190000,IWM,2026-08-21,call,190.0,111.3,2.0,112.48,2.0,111.89,105.77,1.0,,,,,,,2026-08-04,297.58,302.38,297.22,301.71,714740.0,300.744723
2026-08-04T20:35:06.670,14,17,IWM260821C00191000,IWM,2026-08-21,call,191.0,112.8,2.0,113.29,2.0,113.045,107.42,1.0,,,,,,,2026-08-04,297.58,302.38,297.22,301.71,714740.0,300.744723
2026-08-04T20:35:06.670,14,17,IWM260821C00192000,IWM,2026-08-21,call,192.0,109.34,2.0,111.29,2.0,110.315,101.11,1.0,0.6743,0.9993,0.0001,-0.0223,0.0016,0.0892,2026-08-04,297.58,302.38,297.22,301.71,714740.0,300.744723
2026-08-04T20:35:06.670,14,17,IWM260821C00193000,IWM,2026-08-21,call,193.0,108.45,2.0,110.49,2.0,109.47,103.85,1.0,,,,,,,2026-08-04,297.58,302.38,297.22,301.71,714740.0,300.744723
2026-08-04T20:35:06.670,14,17,IWM260821C00194000,IWM,2026-08-21,call,194.0,107.23,2.0,108.66,2.0,107.945,102.43,1.0,,,,,,,2026-08-04,297.58,302.38,297.22,301.71,714740.0,300.744723
2026-08-04T20:35:06.670,14,17,IWM260821C00195000,IWM,2026-08-21,call,195.0,108.42,2.0,109.28,2.0,108.85,102.69,2.0,,,,,,,2026-08-04,297.58,302.38,297.22,301.71,714740.0,300.744723
2026-08-04T20:35:06.670,14,17,IWM260821C00196000,IWM,2026-08-21,call,196.0,104.37,10.0,104.43,2.0,104.4,100.4,5.0,,,,,,,2026-08-04,297.58,302.38,297.22,301.71,714740.0,300.744723
2026-08-04T20:35:06.670,14,17,IWM260821C00197000,IWM,2026-08-21,call,197.0,103.87,2.0,107.23,2.0,105.55000000000001,101.31,1.0,,,,,,,2026-08-04,297.58,302.38,297.22,301.71,714740.0,300.744723
2026-08-04T20:35:06.670,14,17,IWM260821C00198000,IWM,2026-08-21,call,198.0,105.09,2.0,106.01,2.0,105.55000000000001,95.61,2.0,,,,,,,2026-08-04,297.58,302.38,297.22,301.71,714740.0,300.744723
2026-08-04T20:35:06.670,14,17,IWM260821C00199000,IWM,2026-08-21,call,199.0,103.28,2.0,103.77,2.0,103.525,95.26,1.0,,,,,,,2026-08-04,297.58,302.38,297.22,301.71,714740.0,300.744723
2026-08-04T20:35:06.670,14,17,IWM260821C00200000,IWM,2026-08-21,call,200.0,103.49,2.0,103.93,2.0,103.71000000000001,95.88,100.0,,,,,,,2026-08-04,297.58,302.38,297.22,301.71,714740.0,300.744723
2026-08-04T20:35:06.670,14,17,IWM260821C00205000,IWM,2026-08-21,call,205.0,98.06,2.0,98.56,2.0,98.31,90.6,5.0,,,,,,,2026-08-04,297.58,302.38,297.22,301.71,714740.0,300.744723
2026-08-04T20:35:06.670,14,17,IWM260821C00210000,IWM,2026-08-21,call,210.0,93.21,2.0,93.66,2.0,93.435,92.41,1.0,,,,,,,2026-08-04,297.58,302.38,297.22,301.71,714740.0,300.744723
2026-08-04T20:35:06.670,14,17,IWM260821C00215000,IWM,2026-08-21,call,215.0,86.1,2.0,86.57,2.0,86.335,79.28,2.0,,,,,,,2026-08-04,297.58,302.38,297.22,301.71,714740.0,300.744723
2026-08-04T20:35:06.670,14,17,IWM260821C00220000,IWM,2026-08-21,call,220.0,80.52,2.0,82.25,2.0,81.38499999999999,78.56,10.0,,,,,,,2026-08-04,297.58,302.38,297.22,301.71,714740.0,300.744723
2026-08-04T20:35:06.670,14,17,IWM260821C00225000,IWM,2026-08-21,call,225.0,76.15,2.0,77.9,2.0,77.025,72.21,5.0,,,,,,,2026-08-04,297.58,302.38,297.22,301.71,714740.0,300.744723
2026-08-04T20:35:06.670,14,17,IWM260821C00230000,IWM,2026-08-21,call,230.0,69.12,2.0,74.07,2.0,71.595,72.4,1.0,,,,,,,2026-08-04,297.58,302.38,297.22,301.71,714740.0,300.744723
2026-08-04T20:35:06.670,14,17,IWM260821C00235000,IWM,2026-08-21,call,235.0,65.59,2.0,68.6,2.0,67.095,61.76,1.0,,,,,,,2026-08-04,297.58,302.38,297.22,301.71,714740.0,300.744723
2026-08-04T20:35:06.670,14,17,IWM260821C00240000,IWM,2026-08-21,call,240.0,61.88,2.0,62.87,2.0,62.375,60.7,1.0,,,,,,,2026-08-04,297.58,302.38,297.22,301.71,714740.0,300.744723
2026-08-04T20:35:06.670,14,17,IWM260821C00245000,IWM,2026-08-21,call,245.0,55.83,2.0,57.02,2.0,56.425,51.22,1.0,,,,,,,2026-08-04,297.58,302.38,297.22,301.71,714740.0,300.744723
2026-08-04T20:35:06.670,14,17,IWM260821C00250000,IWM,2026-08-21,call,250.0,52.13,2.0,52.37,2.0,52.25,49.6,1.0,,,,,,,2026-08-04,297.58,302.38,297.22,301.71,714740.0,300.744723
2026-08-04T20:35:06.670,14,17,IWM260821C00255000,IWM,2026-08-21,call,255.0,47.18,2.0,48.01,2.0,47.595,44.73,1.0,0.3895,0.981,0.0018,-0.0596,0.0303,0.1158,2026-08-04,297.58,302.38,297.22,301.71,714740.0,300.744723
2026-08-04T20:35:06.670,14,17,IWM260821C00260000,IWM,2026-08-21,call,260.0,40.92,1.0,41.78,2.0,41.35,42.91,2.0,,,,,,,2026-08-04,297.58,302.38,297.22,301.71,714740.0,300.744723
2026-08-04T20:35:06.670,14,17,IWM260821C00261000,IWM,2026-08-21,call,261.0,40.68,2.0,41.24,2.0,40.96,33.39,1.0,,,,,,,2026-08-04,297.58,302.38,297.22,301.71,714740.0,300.744723
2026-08-04T20:35:06.670,14,17,IWM260821C00262000,IWM,2026-08-21,call,262.0,39.61,2.0,41.12,2.0,40.364999999999995,30.94,1.0,,,,,,,2026-08-04,297.58,302.38,297.22,301.71,714740.0,300.744723
2026-08-04T20:35:06.670,14,17,IWM260821C00263000,IWM,2026-08-21,call,263.0,39.5,2.0,39.87,2.0,39.685,27.74,1.0,0.3482,0.9713,0.0029,-0.0692,0.0428,0.1181,2026-08-04,297.58,302.38,297.22,301.71,714740.0,300.744723
2026-08-04T20:35:06.670,14,17,IWM260821C00264000,IWM,2026-08-21,call,264.0,37.52,2.0,39.1,2.0,38.31,26.81,3.0,,,,,,,2026-08-04,297.58,302.38,297.22,301.71,714740.0,300.744723
2026-08-04T20:35:06.670,14,17,IWM260821C00265000,IWM,2026-08-21,call,265.0,36.72,2.0,37.27,2.0,36.995000000000005,37.42,1.0,,,,,,,2026-08-04,297.58,302.38,297.22,301.71,714740.0,300.744723
2026-08-04T20:35:06.670,14,17,IWM260821C00266000,IWM,2026-08-21,call,266.0,36.35,2.0,36.51,2.0,36.43,30.25,2.0,,,,,,,2026-08-04,297.58,302.38,297.22,301.71,714740.0,300.744723
2026-08-04T20:35:06.670,14,17,IWM260821C00267000,IWM,2026-08-21,call,267.0,34.9,2.0,35.32,2.0,35.11,28.07,2.0,,,,,,,2026-08-04,297.58,302.38,297.22,301.71,714740.0,300.744723
2026-08-04T20:35:06.670,14,17,IWM260821C00268000,IWM,2026-08-21,call,268.0,33.71,2.0,34.63,2.0,34.17,28.61,140.0,,,,,,,2026-08-04,297.58,302.38,297.22,301.71,714740.0,300.744723
2026-08-04T20:35:06.670,14,17,IWM260821C00269000,IWM,2026-08-21,call,269.0,33.24,2.0,33.72,2.0,33.480000000000004,26.48,2.0,0.2299,0.9916,0.0015,-0.0367,0.0149,0.1239,2026-08-04,297.58,302.38,297.22,301.71,714740.0,300.744723
2026-08-04T20:35:06.670,14,17,IWM260821C00270000,IWM,2026-08-21,call,270.0,32.24,2.0,32.68,2.0,32.46,32.32,1.0,0.2056,0.9951,0.0011,-0.0324,0.0092,0.1248,2026-08-04,297.58,302.38,297.22,301.71,714740.0,300.744723
2026-08-04T20:35:06.670,14,17,IWM260821C00271000,IWM,2026-08-21,call,271.0,30.78,2.0,32.07,2.0,31.425,30.93,1.0,,,,,,,2026-08-04,297.58,302.38,297.22,301.71,714740.0,300.744723
2026-08-04T20:35:06.670,14,17,IWM260821C00272000,IWM,2026-08-21,call,272.0,29.89,2.0,30.37,12.0,30.130000000000003,27.31,1.0,,,,,,,2026-08-04,297.58,302.38,297.22,301.71,714740.0,300.744723
2026-08-04T20:35:06.670,14,17,IWM260821C00273000,IWM,2026-08-21,call,273.0,28.99,2.0,29.95,2.0,29.47,21.06,1.0,0.1922,0.9937,0.0014,-0.0336,0.0116,0.126,2026-08-04,297.58,302.38,297.22,301.71,714740.0,300.744723
2026-08-04T20:35:06.670,14,17,IWM260821C00274000,IWM,2026-08-21,call,274.0,28.3,2.0,29.18,2.0,28.740000000000002,22.36,1.0,0.2676,0.9592,0.005,-0.071,0.057,0.1215,2026-08-04,297.58,302.38,297.22,301.71,714740.0,300.744723
2026-08-04T20:35:06.670,14,17,IWM260821C00275000,IWM,2026-08-21,call,275.0,26.66,2.0,27.56,2.0,27.11,27.52,1.0,,,,,,,2026-08-04,297.58,302.38,297.22,301.71,714740.0,300.744723
2026-08-04T20:35:06.670,14,17,IWM260821C00276000,IWM,2026-08-21,call,276.0,26.66,2.0,26.72,2.0,26.689999999999998,21.26,1.0,0.242,0.9625,0.0052,-0.0643,0.0532,0.1229,2026-08-04,297.58,302.38,297.22,301.71,714740.0,300.744723
2026-08-04T20:35:06.670,14,17,IWM260821C00277000,IWM,2026-08-21,call,277.0,25.66,2.0,26.14,2.0,25.9,16.67,1.0,0.2659,0.941,0.0068,-0.0858,0.0766,0.1203,2026-08-04,297.58,302.38,297.22,301.71,714740.0,300.744723
2026-08-04T20:35:06.670,14,17,IWM260821C00278000,IWM,2026-08-21,call,278.0,24.73,2.0,24.96,2.0,24.845,24.89,1.0,0.2498,0.9445,0.0069,-0.0797,0.0731,0.1213,2026-08-04,297.58,302.38,297.22,301.71,714740.0,300.744723
2026-08-04T20:35:06.670,14,17,IWM260821C00279000,IWM,2026-08-21,call,279.0,21.49,1.0,24.78,1.0,23.134999999999998,20.73,3.0,,,,,,,2026-08-04,297.58,302.38,297.22,301.71,714740.0,300.744723
2026-08-04T20:35:06.670,14,17,IWM260821C00280000,IWM,2026-08-21,call,280.0,22.35,2.0,22.52,2.0,22.435000000000002,23.07,1.0,,,,,,,2026-08-04,297.58,302.38,297.22,301.71,714740.0,300.744723
2026-08-04T20:35:06.670,14,17,IWM260821C00281000,IWM,2026-08-21,call,281.0,21.37,2.0,21.45,2.0,21.41,22.17,10.0,,,,,,,2026-08-04,297.58,302.38,297.22,301.71,714740.0,300.744723
2026-08-04T20:35:06.670,14,17,IWM260821C00282000,IWM,2026-08-21,call,282.0,20.64,2.0,20.98,8.0,20.810000000000002,18.48,1.0,0.2105,0.9414,0.0085,-0.0735,0.0762,0.1227,2026-08-04,297.58,302.38,297.22,301.71,714740.0,300.744723
2026-08-04T20:35:06.670,14,17,IWM260821C00283000,IWM,2026-08-21,call,283.0,19.85,12.0,20.03,12.0,19.94,13.81,1.0,0.2172,0.9257,0.0099,-0.0845,0.0916,0.1209,2026-08-04,297.58,302.38,297.22,301.71,714740.0,300.744723
2026-08-04T20:35:06.670,14,17,IWM260821C00284000,IWM,2026-08-21,call,284.0,18.83,12.0,19.26,25.0,19.045,17.6,2.0,0.2188,0.913,0.0111,-0.0921,0.1032,0.1195,2026-08-04,297.58,302.38,297.22,301.71,714740.0,300.744723
2026-08-04T20:35:06.670,14,17,IWM260821C00285000,IWM,2026-08-21,call,285.0,17.79,8.0,17.95,71.0,17.869999999999997,18.18,40.0,0.1915,0.9281,0.011,-0.0766,0.0893,0.1222,2026-08-04,297.58,302.38,297.22,301.71,714740.0,300.744723
2026-08-04T20:35:06.670,14,17,IWM260821C00286000,IWM,2026-08-21,call,286.0,16.5,2.0,16.93,8.0,16.715,17.52,3.0,0.1637,0.9457,0.0103,-0.0615,0.0718,0.1252,2026-08-04,297.58,302.38,297.22,301.71,714740.0,300.744723
2026-08-04T20:35:06.670,14,17,IWM260821C00287000,IWM,2026-08-21,call,287.0,15.97,2.0,16.34,5.0,16.155,16.27,1.0,0.2001,0.8924,0.0142,-0.0964,0.1206,0.118,2026-08-04,297.58,302.38,297.22,301.71,714740.0,300.744723
2026-08-04T20:35:06.670,14,17,IWM260821C00288000,IWM,2026-08-21,call,288.0,15.08,2.0,15.51,13.0,15.295,14.66,1.0,0.2012,0.8755,0.0157,-0.1041,0.1338,0.116,2026-08-04,297.58,302.38,297.22,301.71,714740.0,300.744723
2026-08-04T20:35:06.670,14,17,IWM260821C00289000,IWM,2026-08-21,call,289.0,14.02,2.0,14.66,26.0,14.34,14.41,1.0,0.1943,0.8664,0.017,-0.105,0.1405,0.1152,2026-08-04,297.58,302.38,297.22,301.71,714740.0,300.744723
2026-08-04T20:35:06.670,14,17,IWM260821C00290000,IWM,2026-08-21,call,290.0,13.21,11.0,13.41,7.0,13.31,14.0,1.0,0.1819,0.8631,0.0185,-0.1012,0.1429,0.1152,2026-08-04,297.58,302.38,297.22,301.71,714740.0,300.744723
2026-08-04T20:35:06.670,14,17,IWM260821C00291000,IWM,2026-08-21,call,291.0,12.38,3.0,12.83,2.0,12.605,11.72,1.0,0.1905,0.8322,0.0202,-0.1155,0.1635,0.1112,2026-08-04,297.58,302.38,297.22,301.71,714740.0,300.744723
2026-08-04T20:35:06.670,14,17,IWM260821C00292000,IWM,2026-08-21,call,292.0,11.68,14.0,11.74,12.0,11.71,12.32,5.0,0.1856,0.8164,0.022,-0.118,0.1731,0.1094,2026-08-04,297.58,302.38,297.22,301.71,714740.0,300.744723
2026-08-04T20:35:06.670,14,17,IWM260821C00293000,IWM,2026-08-21,call,293.0,10.62,25.0,11.1,24.0,10.86,11.34,1.0,0.1824,0.7966,0.0238,-0.1219,0.1843,0.107,2026-08-04,297.58,302.38,297.22,301.71,714740.0,300.744723
2026-08-04T20:35:06.670,14,17,IWM260821C00294000,IWM,2026-08-21,call,294.0,10.07,4.0,10.34,17.0,10.205,10.72,1.0,0.1883,0.7646,0.0251,-0.1331,0.2004,0.1028,2026-08-04,297.58,302.38,297.22,301.71,714740.0,300.744723
2026-08-04T20:35:06.670,14,17,IWM260821C00295000,IWM,2026-08-21,call,295.0,9.12,15.0,9.31,2.0,9.215,9.61,4.0,0.1762,0.7514,0.0276,-0.1288,0.2065,0.1014,2026-08-04,297.58,302.38,297.22,301.71,714740.0,300.744723
2026-08-04T20:35:06.670,14,17,IWM260821C00296000,IWM,2026-08-21,call,296.0,8.51,13.0,8.66,1.0,8.585,8.94,7.0,0.1804,0.718,0.0287,-0.1377,0.2202,0.097,2026-08-04,297.58,302.38,297.22,301.71,714740.0,300.744723
2026-08-04T20:35:06.670,14,17,IWM260821C00297000,IWM,2026-08-21,call,297.0,7.89,4.0,8.039,8.0,7.964499999999999,8.21,1.0,0.1834,0.6854,0.0297,-0.1447,0.2314,0.0927,2026-08-04,297.58,302.38,297.22,301.71,714740.0,300.744723
2026-08-04T20:35:06.670,14,17,IWM260821C00298000,IWM,2026-08-21,call,298.0,6.99,26.0,7.26,25.0,7.125,7.38,1.0,0.1757,0.6605,0.032,-0.1426,0.2387,0.0896,2026-08-04,297.58,302.38,297.22,301.71,714740.0,300.744723
2026-08-04T20:35:06.670,14,17,IWM260821C00299000,IWM,2026-08-21,call,299.0,6.44,19.0,6.49,35.0,6.465,6.75,1.0,0.1744,0.6284,0.0333,-0.1447,0.2464,0.0854,2026-08-04,297.58,302.38,297.22,301.71,714740.0,300.744723
2026-08-04T20:35:06.670,14,17,IWM260821C00300000,IWM,2026-08-21,call,300.0,5.68,47.0,5.87,48.0,5.775,6.1,1.0,0.1707,0.5961,0.0348,-0.1441,0.2524,0.0811,2026-08-04,297.58,302.38,297.22,301.71,714740.0,300.744723
2026-08-04T20:35:06.670,14,17,IWM260821C00301000,IWM,2026-08-21,call,301.0,5.15,92.0,5.31,39.0,5.23,5.36,1.0,0.1714,0.5606,0.0353,-0.146,0.257,0.0764,2026-08-04,297.58,302.38,297.22,301.71,714740.0,300.744723
2026-08-04T20:35:06.670,14,17,IWM260821C00302000,IWM,2026-08-21,call,302.0,4.75,66.0,4.85,5.0,4.8,4.91,1.0,0.1751,0.5248,0.0349,-0.149,0.2595,0.0716,2026-08-04,297.58,302.38,297.22,301.71,714740.0,300.744723
2026-08-04T20:35:06.670,14,17,IWM260821C00303000,IWM,2026-08-21,call,303.0,4.21,59.0,4.24,5.0,4.225,4.38,1.0,0.1719,0.4894,0.0356,-0.1458,0.2599,0.0669,2026-08-04,297.58,302.38,297.22,301.71,714740.0,300.744723
2026-08-04T20:35:06.670,14,17,IWM260821C00304000,IWM,2026-08-21,call,304.0,3.67,110.0,3.81,26.0,3.74,3.86,1.0,0.1708,0.4537,0.0356,-0.1431,0.2582,0.0621,2026-08-04,297.58,302.38,297.22,301.71,714740.0,300.744723
2026-08-04T20:35:06.670,14,17,IWM260821C00305000,IWM,2026-08-21,call,305.0,3.28,71.0,3.34,10.0,3.3099999999999996,3.46,1.0,0.1704,0.4184,0.0352,-0.1399,0.2545,0.0573,2026-08-04,297.58,302.38,297.22,301.71,714740.0,300.744723
2026-08-04T20:35:06.670,14,17,IWM260821C00306000,IWM,2026-08-21,call,306.0,2.84,58.0,2.9,58.0,2.87,3.02,500.0,0.1683,0.3824,0.0348,-0.1343,0.2486,0.0525,2026-08-04,297.58,302.38,297.22,301.71,714740.0,300.744723
2026-08-04T20:35:06.670,14,17,IWM260821C00307000,IWM,2026-08-21,call,307.0,2.55,26.0,2.62,90.0,2.585,2.74,157.0,0.171,0.3512,0.0333,-0.1319,0.2417,0.0482,2026-08-04,297.58,302.38,297.22,301.71,714740.0,300.744723
2026-08-04T20:35:06.670,14,17,IWM260821C00308000,IWM,2026-08-21,call,308.0,2.16,109.0,2.29,21.0,2.225,2.34,2.0,0.1694,0.3173,0.0323,-0.125,0.2322,0.0436,2026-08-04,297.58,302.38,297.22,301.71,714740.0,300.744723
2026-08-04T20:35:06.670,14,17,IWM260821C00309000,IWM,2026-08-21,call,309.0,1.92,26.0,1.97,20.0,1.9449999999999998,2.03,1.0,0.1697,0.2869,0.0308,-0.1193,0.2219,0.0394,2026-08-04,297.58,302.38,297.22,301.71,714740.0,300.744723
2026-08-04T20:35:06.670,14,17,IWM260821C00310000,IWM,2026-08-21,call,310.0,1.67,1.0,1.71,114.0,1.69,1.77,1.0,0.17,0.2579,0.0292,-0.1129,0.2105,0.0355,2026-08-04,297.58,302.38,297.22,301.71,714740.0,300.744723
2026-08-04T20:35:06.670,14,17,IWM260821C00311000,IWM,2026-08-21,call,311.0,1.43,38.0,1.49,33.0,1.46,1.48,8.0,0.1701,0.2305,0.0274,-0.1059,0.1981,0.0317,2026-08-04,297.58,302.38,297.22,301.71,714740.0,300.744723
2026-08-04T20:35:06.670,14,17,IWM260821C00312000,IWM,2026-08-21,call,312.0,1.2,10.0,1.25,100.0,1.225,1.31,1.0,0.1685,0.2026,0.0257,-0.0971,0.1839,0.0279,2026-08-04,297.58,302.38,297.22,301.71,714740.0,300.744723
2026-08-04T20:35:06.670,14,17,IWM260821C00313000,IWM,2026-08-21,call,313.0,1.05,110.0,1.1,72.0,1.0750000000000002,1.12,2.0,0.1703,0.1813,0.0237,-0.0914,0.1718,0.025,2026-08-04,297.58,302.38,297.22,301.71,714740.0,300.744723
2026-08-04T20:35:06.670,14,17,IWM260821C00314000,IWM,2026-08-21,call,314.0,0.9,54.0,0.94,39.0,0.9199999999999999,0.96,1.0,0.1707,0.1598,0.0219,-0.0843,0.1585,0.0221,2026-08-04,297.58,302.38,297.22,301.71,714740.0,300.744723
2026-08-04T20:35:06.670,14,17,IWM260821C00315000,IWM,2026-08-21,call,315.0,0.73,94.0,0.77,8.0,0.75,0.84,12.0,0.1687,0.1368,0.0199,-0.0749,0.1428,0.0189,2026-08-04,297.58,302.38,297.22,301.71,714740.0,300.744723
2026-08-04T20:35:06.670,14,17,IWM260821C00316000,IWM,2026-08-21,call,316.0,0.66,16.0,0.7,43.0,0.6799999999999999,0.74,2.0,0.1725,0.124,0.0182,-0.0714,0.1334,0.0171,2026-08-04,297.58,302.38,297.22,301.71,714740.0,300.744723
2026-08-04T20:35:06.670,14,17,IWM260821C00317000,IWM,2026-08-21,call,317.0,0.56,204.0,0.6,32.0,0.5800000000000001,0.63,5.0,0.1731,0.1084,0.0165,-0.065,0.1213,0.015,2026-08-04,297.58,302.38,297.22,301.71,714740.0,300.744723
2026-08-04T20:35:06.670,14,17,IWM260821C00318000,IWM,2026-08-21,call,318.0,0.45,46.0,0.47,20.0,0.45999999999999996,0.51,99.0,0.1708,0.0904,0.0146,-0.056,0.1062,0.0125,2026-08-04,297.58,302.38,297.22,301.71,714740.0,300.744723
2026-08-04T20:35:06.670,14,17,IWM260821C00319000,IWM,2026-08-21,call,319.0,0.38,90.0,0.45,82.0,0.41500000000000004,0.45,1.0,0.1742,0.0816,0.0133,-0.0528,0.0983,0.0113,2026-08-04,297.58,302.38,297.22,301.71,714740.0,300.744723
2026-08-04T20:35:06.670,14,17,IWM260821C00320000,IWM,2026-08-21,call,320.0,0.36,53.0,0.38,145.0,0.37,0.39,22.0,0.177,0.073,0.012,-0.0492,0.0904,0.0101,2026-08-04,297.58,302.38,297.22,301.71,714740.0,300.744723
2026-08-04T20:35:06.670,14,17,IWM260821C00321000,IWM,2026-08-21,call,321.0,0.31,13.0,0.33,10.0,0.32,0.35,1.0,0.1786,0.0641,0.0108,-0.0448,0.0817,0.0089,2026-08-04,297.58,302.38,297.22,301.71,714740.0,300.744723
2026-08-04T20:35:06.670,14,17,IWM260821C00322000,IWM,2026-08-21,call,322.0,0.26,71.0,0.29,91.0,0.275,0.25,1.0,0.1799,0.0559,0.0096,-0.0405,0.0735,0.0077,2026-08-04,297.58,302.38,297.22,301.71,714740.0,300.744723
2026-08-04T20:35:06.670,14,17,IWM260821C00323000,IWM,2026-08-21,call,323.0,0.23,16.0,0.25,69.0,0.24,0.2,6.0,0.1818,0.0493,0.0086,-0.037,0.0665,0.0068,2026-08-04,297.58,302.38,297.22,301.71,714740.0,300.744723
2026-08-04T20:35:06.670,14,17,IWM260821C00324000,IWM,2026-08-21,call,324.0,0.16,16.0,0.22,10.0,0.19,0.24,40.0,0.1804,0.0405,0.0074,-0.0313,0.0568,0.0056,2026-08-04,297.58,302.38,297.22,301.71,714740.0,300.744723
2026-08-04T20:35:06.670,14,17,IWM260821C00325000,IWM,2026-08-21,call,325.0,0.18,9.0,0.19,58.0,0.185,0.16,1.0,0.186,0.0386,0.0069,-0.031,0.0545,0.0053,2026-08-04,297.58,302.38,297.22,301.71,714740.0,300.744723
2026-08-04T20:35:06.670,14,17,IWM260821C00330000,IWM,2026-08-21,call,330.0,0.1,44.0,0.11,14.0,0.10500000000000001,0.11,40.0,0.1984,0.0222,0.0041,-0.0207,0.0344,0.0031,2026-08-04,297.58,302.38,297.22,301.71,714740.0,300.744723
2026-08-04T20:35:06.670,14,17,IWM260821C00335000,IWM,2026-08-21,call,335.0,0.02,96.0,0.08,66.0,0.05,0.04,1.0,0.2048,0.0111,0.0022,-0.0118,0.019,0.0015,2026-08-04,297.58,302.38,297.22,301.71,714740.0,300.744723
2026-08-04T20:35:06.670,14,17,IWM260821C00340000,IWM,2026-08-21,call,340.0,0.01,5.0,0.02,20.0,0.015,0.02,2.0,0.201,0.0038,0.0009,-0.0044,0.0073,0.0005,2026-08-04,297.58,302.38,297.22,301.71,714740.0,300.744723
2026-08-04T20:35:06.670,14,17,IWM260821C00345000,IWM,2026-08-21,call,345.0,0.01,54.0,0.05,28.0,0.030000000000000002,0.03,1.0,0.2403,0.006,0.0011,-0.0081,0.0112,0.0008,2026-08-04,297.58,302.38,297.22,301.71,714740.0,300.744723
2026-08-04T20:35:06.670,14,17,IWM260821C00350000,IWM,2026-08-21,call,350.0,0.01,143.0,0.03,114.0,0.02,0.01,25.0,0.2522,0.004,0.0007,-0.0058,0.0077,0.0006,2026-08-04,297.58,302.38,297.22,301.71,714740.0,300.744723
2026-08-04T20:35:06.670,14,17,IWM260821C00355000,IWM,2026-08-21,call,355.0,0.03,104.0,0.04,162.0,0.035,0.01,22.0,0.2907,0.0059,0.0009,-0.0095,0.0109,0.0008,2026-08-04,297.58,302.38,297.22,301.71,714740.0,300.744723
2026-08-04T20:35:06.670,14,17,IWM260821C00360000,IWM,2026-08-21,call,360.0,0.0,0.0,0.01,115.0,0.005,0.03,1.0,,,,,,,2026-08-04,297.58,302.38,297.22,301.71,714740.0,300.744723
2026-08-04T20:35:06.670,14,17,IWM260821C00365000,IWM,2026-08-21,call,365.0,0.0,0.0,0.04,118.0,0.02,0.01,2.0,,,,,,,2026-08-04,297.58,302.38,297.22,301.71,714740.0,300.744723
2026-08-04T20:35:06.670,14,17,IWM260821P00150000,IWM,2026-08-21,put,150.0,0.0,0.0,0.03,116.0,0.015,0.01,1.0,,,,,,,2026-08-04,297.58,302.38,297.22,301.71,714740.0,300.744723
2026-08-04T20:35:06.670,14,17,IWM260821P00155000,IWM,2026-08-21,put,155.0,0.0,0.0,0.03,116.0,0.015,0.01,1.0,,,,,,,2026-08-04,297.58,302.38,297.22,301.71,714740.0,300.744723
2026-08-04T20:35:06.670,14,17,IWM260821P00160000,IWM,2026-08-21,put,160.0,0.0,0.0,0.01,18.0,0.005,0.02,1.0,,,,,,,2026-08-04,297.58,302.38,297.22,301.71,714740.0,300.744723
2026-08-04T20:35:06.670,14,17,IWM260821P00165000,IWM,2026-08-21,put,165.0,0.0,0.0,0.03,116.0,0.015,0.03,1.0,,,,,,,2026-08-04,297.58,302.38,297.22,301.71,714740.0,300.744723
2026-08-04T20:35:06.670,14,17,IWM260821P00170000,IWM,2026-08-21,put,170.0,0.0,0.0,0.03,123.0,0.015,0.03,50.0,,,,,,,2026-08-04,297.58,302.38,297.22,301.71,714740.0,300.744723
2026-08-04T20:35:06.670,14,17,IWM260821P00175000,IWM,2026-08-21,put,175.0,0.0,0.0,0.01,19.0,0.005,0.03,1.0,,,,,,,2026-08-04,297.58,302.38,297.22,301.71,714740.0,300.744723
2026-08-04T20:35:06.670,14,17,IWM260821P00180000,IWM,2026-08-21,put,180.0,0.0,0.0,0.03,117.0,0.015,0.02,40.0,,,,,,,2026-08-04,297.58,302.38,297.22,301.71,714740.0,300.744723
2026-08-04T20:35:06.670,14,17,IWM260821P00185000,IWM,2026-08-21,put,185.0,0.0,0.0,0.03,116.0,0.015,0.04,1.0,,,,,,,2026-08-04,297.58,302.38,297.22,301.71,714740.0,300.744723
2026-08-04T20:35:06.670,14,17,IWM260821P00190000,IWM,2026-08-21,put,190.0,0.0,0.0,0.03,18.0,0.015,0.01,7.0,,,,,,,2026-08-04,297.58,302.38,297.22,301.71,714740.0,300.744723
2026-08-04T20:35:06.670,14,17,IWM260821P00191000,IWM,2026-08-21,put,191.0,0.0,0.0,0.03,12.0,0.015,0.04,1.0,,,,,,,2026-08-04,297.58,302.38,297.22,301.71,714740.0,300.744723
2026-08-04T20:35:06.670,14,17,IWM260821P00192000,IWM,2026-08-21,put,192.0,0.0,0.0,0.03,18.0,0.015,0.05,5.0,,,,,,,2026-08-04,297.58,302.38,297.22,301.71,714740.0,300.744723
2026-08-04T20:35:06.670,14,17,IWM260821P00193000,IWM,2026-08-21,put,193.0,0.0,0.0,0.03,26.0,0.015,0.02,2.0,,,,,,,2026-08-04,297.58,302.38,297.22,301.71,714740.0,300.744723
2026-08-04T20:35:06.670,14,17,IWM260821P00194000,IWM,2026-08-21,put,194.0,0.0,0.0,0.01,26.0,0.005,0.05,1.0,,,,,,,2026-08-04,297.58,302.38,297.22,301.71,714740.0,300.744723
2026-08-04T20:35:06.670,14,17,IWM260821P00195000,IWM,2026-08-21,put,195.0,0.0,0.0,0.01,25.0,0.005,0.06,7.0,,,,,,,2026-08-04,297.58,302.38,297.22,301.71,714740.0,300.744723
2026-08-04T20:35:06.670,14,17,IWM260821P00196000,IWM,2026-08-21,put,196.0,0.0,0.0,0.03,24.0,0.015,0.72,18.0,,,,,,,2026-08-04,297.58,302.38,297.22,301.71,714740.0,300.744723
2026-08-04T20:35:06.670,14,17,IWM260821P00197000,IWM,2026-08-21,put,197.0,0.0,0.0,0.03,23.0,0.015,0.06,4.0,,,,,,,2026-08-04,297.58,302.38,297.22,301.71,714740.0,300.744723
2026-08-04T20:35:06.670,14,17,IWM260821P00198000,IWM,2026-08-21,put,198.0,0.0,0.0,0.03,22.0,0.015,0.03,4.0,,,,,,,2026-08-04,297.58,302.38,297.22,301.71,714740.0,300.744723
2026-08-04T20:35:06.670,14,17,IWM260821P00199000,IWM,2026-08-21,put,199.0,0.0,0.0,0.03,9.0,0.015,0.01,1.0,,,,,,,2026-08-04,297.58,302.38,297.22,301.71,714740.0,300.744723
2026-08-04T20:35:06.670,14,17,IWM260821P00200000,IWM,2026-08-21,put,200.0,0.0,0.0,0.03,410.0,0.015,0.01,1.0,,,,,,,2026-08-04,297.58,302.38,297.22,301.71,714740.0,300.744723
2026-08-04T20:35:06.670,14,17,IWM260821P00205000,IWM,2026-08-21,put,205.0,0.0,0.0,0.01,114.0,0.005,0.05,5.0,,,,,,,2026-08-04,297.58,302.38,297.22,301.71,714740.0,300.744723
2026-08-04T20:35:06.670,14,17,IWM260821P00210000,IWM,2026-08-21,put,210.0,0.0,0.0,0.04,41.0,0.02,0.01,5.0,,,,,,,2026-08-04,297.58,302.38,297.22,301.71,714740.0,300.744723
2026-08-04T20:35:06.670,14,17,IWM260821P00215000,IWM,2026-08-21,put,215.0,0.01,104.0,0.02,16.0,0.015,0.06,2.0,0.5417,-0.0014,0.0001,-0.0049,0.0031,-0.0002,2026-08-04,297.58,302.38,297.22,301.71,714740.0,300.744723
2026-08-04T20:35:06.670,14,17,IWM260821P00220000,IWM,2026-08-21,put,220.0,0.01,29.0,0.05,24.0,0.030000000000000002,0.01,1.0,0.5427,-0.0027,0.0002,-0.0087,0.0055,-0.0004,2026-08-04,297.58,302.38,297.22,301.71,714740.0,300.744723
2026-08-04T20:35:06.670,14,17,IWM260821P00225000,IWM,2026-08-21,put,225.0,0.04,13.0,0.05,39.0,0.045,0.02,1.0,0.5296,-0.0041,0.0003,-0.0121,0.0078,-0.0006,2026-08-04,297.58,302.38,297.22,301.71,714740.0,300.744723
2026-08-04T20:35:06.670,14,17,IWM260821P00230000,IWM,2026-08-21,put,230.0,0.04,115.0,0.06,114.0,0.05,0.02,1.0,0.4996,-0.0047,0.0004,-0.013,0.009,-0.0007,2026-08-04,297.58,302.38,297.22,301.71,714740.0,300.744723
2026-08-04T20:35:06.670,14,17,IWM260821P00235000,IWM,2026-08-21,put,235.0,0.01,133.0,0.07,133.0,0.04,0.02,5.0,0.4527,-0.0042,0.0004,-0.0107,0.0081,-0.0006,2026-08-04,297.58,302.38,297.22,301.71,714740.0,300.744723
2026-08-04T20:35:06.670,14,17,IWM260821P00240000,IWM,2026-08-21,put,240.0,0.06,104.0,0.08,114.0,0.07,0.06,10.0,0.4464,-0.0071,0.0007,-0.0167,0.0129,-0.001,2026-08-04,297.58,302.38,297.22,301.71,714740.0,300.744723
2026-08-04T20:35:06.670,14,17,IWM260821P00245000,IWM,2026-08-21,put,245.0,0.04,6.0,0.09,111.0,0.065,0.05,1.0,0.4071,-0.0073,0.0008,-0.0155,0.0131,-0.0011,2026-08-04,297.58,302.38,297.22,301.71,714740.0,300.744723
2026-08-04T20:35:06.670,14,17,IWM260821P00250000,IWM,2026-08-21,put,250.0,0.05,137.0,0.07,110.0,0.060000000000000005,0.09,3.0,0.3685,-0.0074,0.0009,-0.0143,0.0134,-0.0011,2026-08-04,297.58,302.38,297.22,301.71,714740.0,300.744723
2026-08-04T20:35:06.670,14,17,IWM260821P00255000,IWM,2026-08-21,put,255.0,0.12,139.0,0.13,3.0,0.125,0.12,2.0,0.3686,-0.0144,0.0015,-0.0253,0.0238,-0.0021,2026-08-04,297.58,302.38,297.22,301.71,714740.0,300.744723
2026-08-04T20:35:06.670,14,17,IWM260821P00260000,IWM,2026-08-21,put,260.0,0.15,62.0,0.17,164.0,0.16,0.12,4.0,0.3444,-0.019,0.0021,-0.0301,0.0303,-0.0028,2026-08-04,297.58,302.38,297.22,301.71,714740.0,300.744723
2026-08-04T20:35:06.670,14,17,IWM260821P00261000,IWM,2026-08-21,put,261.0,0.12,96.0,0.13,91.0,0.125,0.21,164.0,0.3246,-0.0161,0.0019,-0.0246,0.0263,-0.0023,2026-08-04,297.58,302.38,297.22,301.71,714740.0,300.744723
2026-08-04T20:35:06.670,14,17,IWM260821P00262000,IWM,2026-08-21,put,262.0,0.16,385.0,0.18,92.0,0.16999999999999998,0.15,239.0,0.3325,-0.0208,0.0023,-0.0312,0.0326,-0.003,2026-08-04,297.58,302.38,297.22,301.71,714740.0,300.744723
2026-08-04T20:35:06.670,14,17,IWM260821P00263000,IWM,2026-08-21,put,263.0,0.17,134.0,0.19,156.0,0.18,0.14,3.0,0.328,-0.0221,0.0025,-0.0324,0.0343,-0.0032,2026-08-04,297.58,302.38,297.22,301.71,714740.0,300.744723
2026-08-04T20:35:06.670,14,17,IWM260821P00264000,IWM,2026-08-21,put,264.0,0.18,146.0,0.2,154.0,0.19,0.15,20.0,0.3232,-0.0235,0.0026,-0.0336,0.0362,-0.0034,2026-08-04,297.58,302.38,297.22,301.71,714740.0,300.744723
2026-08-04T20:35:06.670,14,17,IWM260821P00265000,IWM,2026-08-21,put,265.0,0.19,133.0,0.21,223.0,0.2,0.16,4.0,0.3182,-0.0249,0.0028,-0.0348,0.038,-0.0036,2026-08-04,297.58,302.38,297.22,301.71,714740.0,300.744723
2026-08-04T20:35:06.670,14,17,IWM260821P00266000,IWM,2026-08-21,put,266.0,0.16,176.0,0.21,18.0,0.185,0.17,20.0,0.3066,-0.0241,0.0028,-0.0325,0.0369,-0.0035,2026-08-04,297.58,302.38,297.22,301.71,714740.0,300.744723
2026-08-04T20:35:06.670,14,17,IWM260821P00267000,IWM,2026-08-21,put,267.0,0.21,126.0,0.23,165.0,0.22,0.18,20.0,0.3078,-0.0279,0.0032,-0.037,0.0418,-0.004,2026-08-04,297.58,302.38,297.22,301.71,714740.0,300.744723
2026-08-04T20:35:06.670,14,17,IWM260821P00268000,IWM,2026-08-21,put,268.0,0.18,140.0,0.2,78.0,0.19,0.2,73.0,0.2927,-0.0257,0.0031,-0.0328,0.039,-0.0037,2026-08-04,297.58,302.38,297.22,301.71,714740.0,300.744723
2026-08-04T20:35:06.670,14,17,IWM260821P00269000,IWM,2026-08-21,put,269.0,0.23,126.0,0.25,90.0,0.24,0.23,10.0,0.2968,-0.0312,0.0036,-0.039,0.0458,-0.0045,2026-08-04,297.58,302.38,297.22,301.71,714740.0,300.744723
2026-08-04T20:35:06.670,14,17,IWM260821P00270000,IWM,2026-08-21,put,270.0,0.2,222.0,0.26,48.0,0.23,0.24,15.0,0.2868,-0.0309,0.0037,-0.0374,0.0455,-0.0045,2026-08-04,297.58,302.38,297.22,301.71,714740.0,300.744723
2026-08-04T20:35:06.670,14,17,IWM260821P00271000,IWM,2026-08-21,put,271.0,0.26,35.0,0.28,72.0,0.27,0.23,1.0,0.2872,-0.0356,0.0042,-0.042,0.051,-0.0051,2026-08-04,297.58,302.38,297.22,301.71,714740.0,300.744723
2026-08-04T20:35:06.670,14,17,IWM260821P00272000,IWM,2026-08-21,put,272.0,0.28,38.0,0.29,38.0,0.28500000000000003,0.25,1.0,0.2821,-0.0379,0.0045,-0.0434,0.0537,-0.0055,2026-08-04,297.58,302.38,297.22,301.71,714740.0,300.744723
2026-08-04T20:35:06.670,14,17,IWM260821P00273000,IWM,2026-08-21,put,273.0,0.29,35.0,0.31,63.0,0.3,0.28,3.0,0.2768,-0.0403,0.0048,-0.0447,0.0565,-0.0058,2026-08-04,297.58,302.38,297.22,301.71,714740.0,300.744723
2026-08-04T20:35:06.670,14,17,IWM260821P00274000,IWM,2026-08-21,put,274.0,0.27,115.0,0.33,72.0,0.30000000000000004,0.31,1.0,0.2687,-0.0413,0.0051,-0.0443,0.0577,-0.006,2026-08-04,297.58,302.38,297.22,301.71,714740.0,300.744723
2026-08-04T20:35:06.670,14,17,IWM260821P00275000,IWM,2026-08-21,put,275.0,0.29,104.0,0.31,24.0,0.3,0.3,1.0,0.2606,-0.0425,0.0053,-0.0439,0.059,-0.0061,2026-08-04,297.58,302.38,297.22,301.71,714740.0,300.744723
2026-08-04T20:35:06.670,14,17,IWM260821P00276000,IWM,2026-08-21,put,276.0,0.36,23.0,0.38,74.0,0.37,0.36,1.0,0.2634,-0.0504,0.006,-0.0509,0.0677,-0.0073,2026-08-04,297.58,302.38,297.22,301.71,714740.0,300.744723
2026-08-04T20:35:06.670,14,17,IWM260821P00277000,IWM,2026-08-21,put,277.0,0.35,10.0,0.41,90.0,0.38,0.38,2.0,0.2565,-0.0528,0.0064,-0.0513,0.0702,-0.0076,2026-08-04,297.58,302.38,297.22,301.71,714740.0,300.744723
2026-08-04T20:35:06.670,14,17,IWM260821P00278000,IWM,2026-08-21,put,278.0,0.37,122.0,0.4,70.0,0.385,0.4,1.0,0.2488,-0.0548,0.0068,-0.0512,0.0723,-0.0079,2026-08-04,297.58,302.38,297.22,301.71,714740.0,300.744723
2026-08-04T20:35:06.670,14,17,IWM260821P00279000,IWM,2026-08-21,put,279.0,0.45,20.0,0.48,69.0,0.46499999999999997,0.43,10.0,0.2506,-0.064,0.0077,-0.0582,0.0817,-0.0092,2026-08-04,297.58,302.38,297.22,301.71,714740.0,300.744723
2026-08-04T20:35:06.670,14,17,IWM260821P00280000,IWM,2026-08-21,put,280.0,0.49,24.0,0.51,2.0,0.5,0.49,1.0,0.246,-0.0692,0.0083,-0.0606,0.0867,-0.01,2026-08-04,297.58,302.38,297.22,301.71,714740.0,300.744723
2026-08-04T20:35:06.670,14,17,IWM260821P00281000,IWM,2026-08-21,put,281.0,0.49,97.0,0.53,100.0,0.51,0.51,10.0,0.2383,-0.0723,0.0089,-0.0606,0.0897,-0.0104,2026-08-04,297.58,302.38,297.22,301.71,714740.0,300.744723
2026-08-04T20:35:06.670,14,17,IWM260821P00282000,IWM,2026-08-21,put,282.0,0.54,135.0,0.58,92.0,0.56,0.55,723.0,0.2348,-0.0793,0.0096,-0.064,0.0962,-0.0114,2026-08-04,297.58,302.38,297.22,301.71,714740.0,300.744723
2026-08-04T20:35:06.670,14,17,IWM260821P00283000,IWM,2026-08-21,put,283.0,0.64,187.0,0.68,122.0,0.66,0.63,7.0,0.2355,-0.0907,0.0106,-0.0709,0.1065,-0.0131,2026-08-04,297.58,302.38,297.22,301.71,714740.0,300.744723
2026-08-04T20:35:06.670,14,17,IWM260821P00284000,IWM,2026-08-21,put,284.0,0.71,10.0,0.74,43.0,0.725,0.67,1.0,0.232,-0.0993,0.0116,-0.0746,0.1138,-0.0143,2026-08-04,297.58,302.38,297.22,301.71,714740.0,300.744723
2026-08-04T20:35:06.670,14,17,IWM260821P00285000,IWM,2026-08-21,put,285.0,0.74,237.0,0.78,69.0,0.76,0.74,1.0,0.2254,-0.1058,0.0124,-0.0757,0.1192,-0.0152,2026-08-04,297.58,302.38,297.22,301.71,714740.0,300.744723
2026-08-04T20:35:06.670,14,17,IWM260821P00286000,IWM,2026-08-21,put,286.0,0.82,199.0,0.9,20.0,0.86,0.82,1.0,0.2237,-0.1179,0.0136,-0.0811,0.1287,-0.017,2026-08-04,297.58,302.38,297.22,301.71,714740.0,300.744723
2026-08-04T20:35:06.670,14,17,IWM260821P00287000,IWM,2026-08-21,put,287.0,0.92,13.0,0.96,107.0,0.94,0.9,1.0,0.2197,-0.1287,0.0147,-0.0845,0.1369,-0.0185,2026-08-04,297.58,302.38,297.22,301.71,714740.0,300.744723
2026-08-04T20:35:06.670,14,17,IWM260821P00288000,IWM,2026-08-21,put,288.0,1.01,157.0,1.06,60.0,1.0350000000000001,1.0,1.0,0.2162,-0.141,0.0159,-0.0883,0.1458,-0.0203,2026-08-04,297.58,302.38,297.22,301.71,714740.0,300.744723
2026-08-04T20:35:06.670,14,17,IWM260821P00289000,IWM,2026-08-21,put,289.0,1.16,19.0,1.18,46.0,1.17,1.14,10.0,0.2145,-0.1565,0.0172,-0.0938,0.1563,-0.0226,2026-08-04,297.58,302.38,297.22,301.71,714740.0,300.744723
2026-08-04T20:35:06.670,14,17,IWM260821P00290000,IWM,2026-08-21,put,290.0,1.27,217.0,1.36,157.0,1.315,1.24,10.0,0.2126,-0.173,0.0185,-0.0989,0.1668,-0.025,2026-08-04,297.58,302.38,297.22,301.71,714740.0,300.744723
2026-08-04T20:35:06.670,14,17,IWM260821P00291000,IWM,2026-08-21,put,291.0,1.45,138.0,1.47,100.0,1.46,1.39,1.0,0.2098,-0.1899,0.0198,-0.1032,0.1768,-0.0274,2026-08-04,297.58,302.38,297.22,301.71,714740.0,300.744723
2026-08-04T20:35:06.670,14,17,IWM260821P00292000,IWM,2026-08-21,put,292.0,1.58,10.0,1.63,7.0,1.605,1.55,6.0,0.2062,-0.2073,0.0213,-0.1066,0.1864,-0.0299,2026-08-04,297.58,302.38,297.22,301.71,714740.0,300.744723
2026-08-04T20:35:06.670,14,17,IWM260821P00293000,IWM,2026-08-21,put,293.0,1.76,99.0,1.8,169.0,1.78,1.77,56.0,0.2033,-0.227,0.0227,-0.1104,0.1964,-0.0328,2026-08-04,297.58,302.38,297.22,301.71,714740.0,300.744723
2026-08-04T20:35:06.670,14,17,IWM260821P00294000,IWM,2026-08-21,put,294.0,1.99,29.0,2.009,22.0,1.9994999999999998,1.9,1.0,0.2017,-0.2495,0.0241,-0.115,0.2069,-0.036,2026-08-04,297.58,302.38,297.22,301.71,714740.0,300.744723
2026-08-04T20:35:06.670,14,17,IWM260821P00295000,IWM,2026-08-21,put,295.0,2.22,58.0,2.27,1.0,2.245,2.11,1.0,0.2003,-0.2736,0.0255,-0.1193,0.2169,-0.0395,2026-08-04,297.58,302.38,297.22,301.71,714740.0,300.744723
2026-08-04T20:35:06.670,14,17,IWM260821P00296000,IWM,2026-08-21,put,296.0,2.48,58.0,2.5,49.0,2.49,2.37,1.0,0.1978,-0.2982,0.0269,-0.1222,0.226,-0.0431,2026-08-04,297.58,302.38,297.22,301.71,714740.0,300.744723
2026-08-04T20:35:06.670,14,17,IWM260821P00297000,IWM,2026-08-21,put,297.0,2.71,6.0,2.81,88.0,2.76,2.64,20.0,0.1954,-0.3243,0.0282,-0.1246,0.2344,-0.0469,2026-08-04,297.58,302.38,297.22,301.71,714740.0,300.744723
2026-08-04T20:35:06.670,14,17,IWM260821P00298000,IWM,2026-08-21,put,298.0,2.97,25.0,3.13,12.0,3.05,2.89,2.0,0.1928,-0.3518,0.0295,-0.1262,0.2418,-0.0509,2026-08-04,297.58,302.38,297.22,301.71,714740.0,300.744723
2026-08-04T20:35:06.670,14,17,IWM260821P00299000,IWM,2026-08-21,put,299.0,3.41,26.0,3.42,27.0,3.415,3.27,1.0,0.1921,-0.3817,0.0305,-0.1285,0.2485,-0.0553,2026-08-04,297.58,302.38,297.22,301.71,714740.0,300.744723
2026-08-04T20:35:06.670,14,17,IWM260821P00300000,IWM,2026-08-21,put,300.0,3.72,29.0,3.85,69.0,3.785,3.64,1.0,0.1904,-0.4121,0.0314,-0.1292,0.2537,-0.0597,2026-08-04,297.58,302.38,297.22,301.71,714740.0,300.744723
2026-08-04T20:35:06.670,14,17,IWM260821P00301000,IWM,2026-08-21,put,301.0,4.23,29.0,4.31,51.0,4.27,4.019,24.0,0.192,-0.4442,0.0316,-0.1316,0.2575,-0.0645,2026-08-04,297.58,302.38,297.22,301.71,714740.0,300.744723
2026-08-04T20:35:06.670,14,17,IWM260821P00302000,IWM,2026-08-21,put,302.0,4.61,6.0,4.74,18.0,4.675000000000001,4.5,1.0,0.1893,-0.4759,0.0323,-0.1297,0.2595,-0.0691,2026-08-04,297.58,302.38,297.22,301.71,714740.0,300.744723
2026-08-04T20:35:06.670,14,17,IWM260821P00303000,IWM,2026-08-21,put,303.0,5.11,29.0,5.2,22.0,5.155,4.94,1.0,0.1883,-0.5083,0.0325,-0.128,0.2599,-0.0739,2026-08-04,297.58,302.38,297.22,301.71,714740.0,300.744723
2026-08-04T20:35:06.670,14,17,IWM260821P00304000,IWM,2026-08-21,put,304.0,5.48,5.0,5.62,5.0,5.550000000000001,5.55,1.0,0.1827,-0.5423,0.0333,-0.1219,0.2585,-0.0789,2026-08-04,297.58,302.38,297.22,301.71,714740.0,300.744723
2026-08-04T20:35:06.670,14,17,IWM260821P00305000,IWM,2026-08-21,put,305.0,6.19,7.0,6.42,44.0,6.305,6.23,2.0,0.1898,-0.5718,0.0317,-0.1248,0.2558,-0.0834,2026-08-04,297.58,302.38,297.22,301.71,714740.0,300.744723
2026-08-04T20:35:06.670,14,17,IWM260821P00306000,IWM,2026-08-21,put,306.0,6.72,4.0,6.99,12.0,6.855,14.67,1.0,0.1877,-0.6042,0.0315,-0.1197,0.2511,-0.0882,2026-08-04,297.58,302.38,297.22,301.71,714740.0,300.744723
2026-08-04T20:35:06.670,14,17,IWM260821P00307000,IWM,2026-08-21,put,307.0,7.3,4.0,7.48,13.0,7.390000000000001,15.49,1.0,0.1837,-0.638,0.0313,-0.1119,0.2443,-0.0932,2026-08-04,297.58,302.38,297.22,301.71,714740.0,300.744723
2026-08-04T20:35:06.670,14,17,IWM260821P00308000,IWM,2026-08-21,put,308.0,8.06,12.0,8.4,42.0,8.23,14.68,1.0,0.191,-0.6617,0.0294,-0.113,0.2383,-0.0969,2026-08-04,297.58,302.38,297.22,301.71,714740.0,300.744723
2026-08-04T20:35:06.670,14,17,IWM260821P00309000,IWM,2026-08-21,put,309.0,8.83,2.0,9.11,2.0,8.969999999999999,8.72,1.0,0.1932,-0.6878,0.0281,-0.1093,0.2306,-0.1009,2026-08-04,297.58,302.38,297.22,301.71,714740.0,300.744723
2026-08-04T20:35:06.670,14,17,IWM260821P00310000,IWM,2026-08-21,put,310.0,9.32,3.0,9.9,16.0,9.61,9.28,1.0,0.1898,-0.7184,0.0273,-0.1001,0.22,-0.1055,2026-08-04,297.58,302.38,297.22,301.71,714740.0,300.744723
2026-08-04T20:35:06.670,14,17,IWM260821P00311000,IWM,2026-08-21,put,311.0,10.28,3.0,10.36,15.0,10.32,17.68,1.0,0.1882,-0.7462,0.0261,-0.092,0.2088,-0.1098,2026-08-04,297.58,302.38,297.22,301.71,714740.0,300.744723
2026-08-04T20:35:06.670,14,17,IWM260821P00312000,IWM,2026-08-21,put,312.0,11.14,2.0,11.53,9.0,11.335,20.25,1.0,0.2004,-0.7561,0.024,-0.0965,0.2044,-0.1116,2026-08-04,297.58,302.38,297.22,301.71,714740.0,300.744723
2026-08-04T20:35:06.670,14,17,IWM260821P00313000,IWM,2026-08-21,put,313.0,11.73,3.0,12.39,9.0,12.06,19.83,1.0,0.1976,-0.7821,0.0229,-0.0867,0.1919,-0.1156,2026-08-04,297.58,302.38,297.22,301.71,714740.0,300.744723
2026-08-04T20:35:06.670,14,17,IWM260821P00314000,IWM,2026-08-21,put,314.0,12.85,2.0,12.98,13.0,12.915,21.06,1.0,0.2004,-0.8,0.0214,-0.0821,0.1825,-0.1185,2026-08-04,297.58,302.38,297.22,301.71,714740.0,300.744723
2026-08-04T20:35:06.670,14,17,IWM260821P00315000,IWM,2026-08-21,put,315.0,13.54,2.0,13.73,2.0,13.635,19.2,1.0,0.1945,-0.8275,0.0202,-0.0688,0.1665,-0.1227,2026-08-04,297.58,302.38,297.22,301.71,714740.0,300.744723
2026-08-04T20:35:06.670,14,17,IWM260821P00316000,IWM,2026-08-21,put,316.0,14.22,2.0,14.78,8.0,14.5,,,0.1957,-0.8445,0.0187,-0.0626,0.1556,-0.1255,2026-08-04,297.58,302.38,297.22,301.71,714740.0,300.744723
2026-08-04T20:35:06.670,14,17,IWM260821P00317000,IWM,2026-08-21,put,317.0,15.3,8.0,15.88,12.0,15.59,20.33,1.0,0.2109,-0.8428,0.0175,-0.0702,0.1567,-0.1258,2026-08-04,297.58,302.38,297.22,301.71,714740.0,300.744723
2026-08-04T20:35:06.670,14,17,IWM260821P00318000,IWM,2026-08-21,put,318.0,16.26,8.0,16.97,2.0,16.615000000000002,21.31,1.0,0.2219,-0.8461,0.0164,-0.0736,0.1546,-0.1267,2026-08-04,297.58,302.38,297.22,301.71,714740.0,300.744723
2026-08-04T20:35:06.670,14,17,IWM260821P00319000,IWM,2026-08-21,put,319.0,16.96,2.0,17.81,4.0,17.384999999999998,27.68,2.0,0.2154,-0.8686,0.0152,-0.06,0.1389,-0.1303,2026-08-04,297.58,302.38,297.22,301.71,714740.0,300.744723
2026-08-04T20:35:06.670,14,17,IWM260821P00320000,IWM,2026-08-21,put,320.0,17.95,2.0,18.86,2.0,18.405,23.9,20.0,0.2256,-0.871,0.0143,-0.0629,0.1372,-0.1311,2026-08-04,297.58,302.38,297.22,301.71,714740.0,300.744723
2026-08-04T20:35:06.670,14,17,IWM260821P00321000,IWM,2026-08-21,put,321.0,19.1,2.0,19.92,2.0,19.51,,,0.242,-0.8667,0.0136,-0.0717,0.1403,-0.131,2026-08-04,297.58,302.38,297.22,301.71,714740.0,300.744723
2026-08-04T20:35:06.670,14,17,IWM260821P00322000,IWM,2026-08-21,put,322.0,20.56,2.0,20.84,2.0,20.7,26.6,1.0,0.2641,-0.8572,0.0131,-0.0862,0.147,-0.1302,2026-08-04,297.58,302.38,297.22,301.71,714740.0,300.744723
2026-08-04T20:35:06.670,14,17,IWM260821P00323000,IWM,2026-08-21,put,323.0,21.01,2.0,21.25,2.0,21.130000000000003,29.97,1.0,0.2287,-0.9039,0.0114,-0.0453,0.1111,-0.137,2026-08-04,297.58,302.38,297.22,301.71,714740.0,300.744723
2026-08-04T20:35:06.670,14,17,IWM260821P00324000,IWM,2026-08-21,put,324.0,21.78,2.0,22.68,2.0,22.23,29.81,1.0,0.2456,-0.8978,0.0111,-0.0546,0.1162,-0.1366,2026-08-04,297.58,302.38,297.22,301.71,714740.0,300.744723
2026-08-04T20:35:06.670,14,17,IWM260821P00325000,IWM,2026-08-21,put,325.0,22.91,2.0,23.38,2.0,23.145,29.96,1.0,0.2461,-0.9074,0.0103,-0.0485,0.1081,-0.1384,2026-08-04,297.58,302.38,297.22,301.71,714740.0,300.744723
2026-08-04T20:35:06.670,14,17,IWM260821P00330000,IWM,2026-08-21,put,330.0,27.59,2.0,28.57,2.0,28.08,34.98,1.0,0.2781,-0.9222,0.008,-0.0469,0.0949,-0.1428,2026-08-04,297.58,302.38,297.22,301.71,714740.0,300.744723
2026-08-04T20:35:06.670,14,17,IWM260821P00335000,IWM,2026-08-21,put,335.0,33.06,2.0,33.64,2.0,33.35,38.28,1.0,0.3427,-0.9104,0.0072,-0.0754,0.1055,-0.1436,2026-08-04,297.58,302.38,297.22,301.71,714740.0,300.744723
2026-08-04T20:35:06.670,14,17,IWM260821P00340000,IWM,2026-08-21,put,340.0,38.45,2.0,38.88,2.0,38.665000000000006,41.41,1.0,0.4092,-0.8996,0.0066,-0.107,0.1147,-0.1445,2026-08-04,297.58,302.38,297.22,301.71,714740.0,300.744723
2026-08-04T20:35:06.670,14,17,IWM260821P00345000,IWM,2026-08-21,put,345.0,43.17,2.0,44.07,2.0,43.620000000000005,,,0.4424,-0.9081,0.0057,-0.108,0.1075,-0.148,2026-08-04,297.58,302.38,297.22,301.71,714740.0,300.744723
2026-08-04T20:35:06.670,14,17,IWM260821P00350000,IWM,2026-08-21,put,350.0,47.64,2.0,47.92,2.0,47.78,54.66,1.0,0.3717,-0.9623,0.0034,-0.0246,0.0535,-0.1576,2026-08-04,297.58,302.38,297.22,301.71,714740.0,300.744723
2026-08-04T20:35:06.670,14,17,IWM260821P00355000,IWM,2026-08-21,put,355.0,53.1,2.0,53.86,2.0,53.480000000000004,59.31,1.0,0.4989,-0.924,0.0044,-0.1034,0.0932,-0.1549,2026-08-04,297.58,302.38,297.22,301.71,714740.0,300.744723
2026-08-04T20:35:06.670,14,17,IWM260821P00360000,IWM,2026-08-21,put,360.0,57.06,2.0,57.46,2.0,57.260000000000005,67.5,1.0,,,,,,,2026-08-04,297.58,302.38,297.22,301.71,714740.0,300.744723
2026-08-04T20:35:06.670,14,17,IWM260821P00365000,IWM,2026-08-21,put,365.0,63.03,2.0,63.14,2.0,63.085,70.05,2.0,0.5143,-0.9491,0.0031,-0.0681,0.0681,-0.1629,2026-08-04,297.58,302.38,297.22,301.71,714740.0,300.744723
2026-08-04T20:35:06.670,30,31,IWM260904C00150000,IWM,2026-09-04,call,150.0,149.33,2.0,153.94,2.0,151.635,,,,,,,,,2026-08-04,297.58,302.38,297.22,301.71,714740.0,300.744723
2026-08-04T20:35:06.670,30,31,IWM260904C00155000,IWM,2026-09-04,call,155.0,147.44,4.0,148.49,2.0,147.965,,,,,,,,,2026-08-04,297.58,302.38,297.22,301.71,714740.0,300.744723
2026-08-04T20:35:06.670,30,31,IWM260904C00160000,IWM,2026-09-04,call,160.0,142.18,2.0,142.7,2.0,142.44,,,,,,,,,2026-08-04,297.58,302.38,297.22,301.71,714740.0,300.744723
2026-08-04T20:35:06.670,30,31,IWM260904C00165000,IWM,2026-09-04,call,165.0,136.81,2.0,138.99,2.0,137.9,,,,,,,,,2026-08-04,297.58,302.38,297.22,301.71,714740.0,300.744723
2026-08-04T20:35:06.670,30,31,IWM260904C00170000,IWM,2026-09-04,call,170.0,131.93,4.0,132.45,2.0,132.19,,,,,,,,,2026-08-04,297.58,302.38,297.22,301.71,714740.0,300.744723
2026-08-04T20:35:06.670,30,31,IWM260904C00175000,IWM,2026-09-04,call,175.0,127.53,2.0,128.78,2.0,128.155,,,,,,,,,2026-08-04,297.58,302.38,297.22,301.71,714740.0,300.744723
2026-08-04T20:35:06.670,30,31,IWM260904C00180000,IWM,2026-09-04,call,180.0,122.39,1.0,125.52,1.0,123.955,,,,,,,,,2026-08-04,297.58,302.38,297.22,301.71,714740.0,300.744723
2026-08-04T20:35:06.670,30,31,IWM260904C00185000,IWM,2026-09-04,call,185.0,116.13,2.0,119.74,2.0,117.935,,,0.8144,0.986,0.0005,-0.0593,0.0315,0.1527,2026-08-04,297.58,302.38,297.22,301.71,714740.0,300.744723
2026-08-04T20:35:06.670,30,31,IWM260904C00190000,IWM,2026-09-04,call,190.0,113.19,2.0,113.7,2.0,113.445,,,0.8889,0.9732,0.0008,-0.0962,0.0545,0.1533,2026-08-04,297.58,302.38,297.22,301.71,714740.0,300.744723
2026-08-04T20:35:06.670,30,31,IWM260904C00195000,IWM,2026-09-04,call,195.0,106.65,2.0,107.16,2.0,106.905,,,,,,,,,2026-08-04,297.58,302.38,297.22,301.71,714740.0,300.744723
2026-08-04T20:35:06.670,30,31,IWM260904C00200000,IWM,2026-09-04,call,200.0,101.66,2.0,102.81,2.0,102.235,,,,,,,,,2026-08-04,297.58,302.38,297.22,301.71,714740.0,300.744723
2026-08-04T20:35:06.670,30,31,IWM260904C00205000,IWM,2026-09-04,call,205.0,97.52,2.0,97.99,2.0,97.755,,,0.5761,0.992,0.0004,-0.0381,0.0193,0.1714,2026-08-04,297.58,302.38,297.22,301.71,714740.0,300.744723
2026-08-04T20:35:06.670,30,31,IWM260904C00210000,IWM,2026-09-04,call,210.0,93.42,2.0,93.66,2.0,93.53999999999999,,,0.7282,0.9666,0.0012,-0.0967,0.0655,0.1685,2026-08-04,297.58,302.38,297.22,301.71,714740.0,300.744723
2026-08-04T20:35:06.670,30,31,IWM260904C00215000,IWM,2026-09-04,call,215.0,86.8,2.0,87.31,2.0,87.055,,,,,,,,,2026-08-04,297.58,302.38,297.22,301.71,714740.0,300.744723
2026-08-04T20:35:06.670,30,31,IWM260904C00220000,IWM,2026-09-04,call,220.0,82.8,2.0,83.3,2.0,83.05,,,0.5586,0.9796,0.001,-0.0603,0.0433,0.1807,2026-08-04,297.58,302.38,297.22,301.71,714740.0,300.744723
2026-08-04T20:35:06.670,30,31,IWM260904C00225000,IWM,2026-09-04,call,225.0,75.8,2.0,79.13,2.0,77.465,,,,,,,,,2026-08-04,297.58,302.38,297.22,301.71,714740.0,300.744723
2026-08-04T20:35:06.670,30,31,IWM260904C00226000,IWM,2026-09-04,call,226.0,76.41,2.0,76.92,2.0,76.66499999999999,,,,,,,,,2026-08-04,297.58,302.38,297.22,301.71,714740.0,300.744723
2026-08-04T20:35:06.670,30,31,IWM260904C00227000,IWM,2026-09-04,call,227.0,75.18,2.0,75.72,2.0,75.45,,,,,,,,,2026-08-04,297.58,302.38,297.22,301.71,714740.0,300.744723
2026-08-04T20:35:06.670,30,31,IWM260904C00228000,IWM,2026-09-04,call,228.0,74.42,2.0,74.98,2.0,74.7,,,0.3391,0.9983,0.0002,-0.0253,0.0049,0.1926,2026-08-04,297.58,302.38,297.22,301.71,714740.0,300.744723
2026-08-04T20:35:06.670,30,31,IWM260904C00229000,IWM,2026-09-04,call,229.0,71.43,1.0,73.78,1.0,72.605,,,,,,,,,2026-08-04,297.58,302.38,297.22,301.71,714740.0,300.744723
2026-08-04T20:35:06.670,30,31,IWM260904C00230000,IWM,2026-09-04,call,230.0,72.06,2.0,73.97,2.0,73.015,72.23,1.0,0.4765,0.9799,0.0012,-0.0551,0.0427,0.1893,2026-08-04,297.58,302.38,297.22,301.71,714740.0,300.744723
2026-08-04T20:35:06.670,30,31,IWM260904C00231000,IWM,2026-09-04,call,231.0,70.19,2.0,72.39,2.0,71.28999999999999,,,,,,,,,2026-08-04,297.58,302.38,297.22,301.71,714740.0,300.744723
2026-08-04T20:35:06.670,30,31,IWM260904C00232000,IWM,2026-09-04,call,232.0,70.17,2.0,70.68,2.0,70.42500000000001,,,,,,,,,2026-08-04,297.58,302.38,297.22,301.71,714740.0,300.744723
2026-08-04T20:35:06.670,30,31,IWM260904C00233000,IWM,2026-09-04,call,233.0,68.82,2.0,69.19,2.0,69.005,,,,,,,,,2026-08-04,297.58,302.38,297.22,301.71,714740.0,300.744723
2026-08-04T20:35:06.670,30,31,IWM260904C00234000,IWM,2026-09-04,call,234.0,67.11,2.0,67.9,2.0,67.505,,,,,,,,,2026-08-04,297.58,302.38,297.22,301.71,714740.0,300.744723
2026-08-04T20:35:06.670,30,31,IWM260904C00235000,IWM,2026-09-04,call,235.0,66.97,2.0,67.48,2.0,67.225,,,,,,,,,2026-08-04,297.58,302.38,297.22,301.71,714740.0,300.744723
2026-08-04T20:35:06.670,30,31,IWM260904C00236000,IWM,2026-09-04,call,236.0,65.15,2.0,66.93,2.0,66.04,,,,,,,,,2026-08-04,297.58,302.38,297.22,301.71,714740.0,300.744723
2026-08-04T20:35:06.670,30,31,IWM260904C00237000,IWM,2026-09-04,call,237.0,65.43,2.0,65.92,2.0,65.67500000000001,,,,,,,,,2026-08-04,297.58,302.38,297.22,301.71,714740.0,300.744723
2026-08-04T20:35:06.670,30,31,IWM260904C00238000,IWM,2026-09-04,call,238.0,63.05,2.0,64.75,2.0,63.9,,,,,,,,,2026-08-04,297.58,302.38,297.22,301.71,714740.0,300.744723
2026-08-04T20:35:06.670,30,31,IWM260904C00239000,IWM,2026-09-04,call,239.0,62.18,2.0,63.53,2.0,62.855000000000004,,,,,,,,,2026-08-04,297.58,302.38,297.22,301.71,714740.0,300.744723
2026-08-04T20:35:06.670,30,31,IWM260904C00240000,IWM,2026-09-04,call,240.0,63.04,2.0,63.5,2.0,63.269999999999996,62.49,4.0,0.4521,0.9666,0.0019,-0.0706,0.0654,0.1942,2026-08-04,297.58,302.38,297.22,301.71,714740.0,300.744723
2026-08-04T20:35:06.670,30,31,IWM260904C00241000,IWM,2026-09-04,call,241.0,60.35,2.0,61.63,2.0,60.99,,,,,,,,,2026-08-04,297.58,302.38,297.22,301.71,714740.0,300.744723
2026-08-04T20:35:06.670,30,31,IWM260904C00242000,IWM,2026-09-04,call,242.0,61.06,2.0,61.58,2.0,61.32,,,0.445,0.9638,0.002,-0.0732,0.07,0.1951,2026-08-04,297.58,302.38,297.22,301.71,714740.0,300.744723
2026-08-04T20:35:06.670,30,31,IWM260904C00243000,IWM,2026-09-04,call,243.0,58.17,4.0,59.55,2.0,58.86,,,,,,,,,2026-08-04,297.58,302.38,297.22,301.71,714740.0,300.744723
2026-08-04T20:35:06.670,30,31,IWM260904C00244000,IWM,2026-09-04,call,244.0,57.31,2.0,59.59,2.0,58.45,,,,,,,,,2026-08-04,297.58,302.38,297.22,301.71,714740.0,300.744723
2026-08-04T20:35:06.670,30,31,IWM260904C00245000,IWM,2026-09-04,call,245.0,57.0,2.0,58.82,2.0,57.91,52.18,1.0,0.3454,0.9846,0.0013,-0.0429,0.0342,0.2033,2026-08-04,297.58,302.38,297.22,301.71,714740.0,300.744723
2026-08-04T20:35:06.670,30,31,IWM260904C00246000,IWM,2026-09-04,call,246.0,56.69,2.0,57.71,2.0,57.2,,,0.3985,0.9679,0.0021,-0.0642,0.0634,0.1997,2026-08-04,297.58,302.38,297.22,301.71,714740.0,300.744723
2026-08-04T20:35:06.670,30,31,IWM260904C00247000,IWM,2026-09-04,call,247.0,55.92,2.0,56.41,2.0,56.165,,,0.3859,0.9693,0.002,-0.0616,0.061,0.2009,2026-08-04,297.58,302.38,297.22,301.71,714740.0,300.744723
2026-08-04T20:35:06.670,30,31,IWM260904C00248000,IWM,2026-09-04,call,248.0,53.68,2.0,54.58,2.0,54.129999999999995,,,,,,,,,2026-08-04,297.58,302.38,297.22,301.71,714740.0,300.744723
2026-08-04T20:35:06.670,30,31,IWM260904C00249000,IWM,2026-09-04,call,249.0,52.42,2.0,53.65,10.0,53.035,,,,,,,,,2026-08-04,297.58,302.38,297.22,301.71,714740.0,300.744723
2026-08-04T20:35:06.670,30,31,IWM260904C00250000,IWM,2026-09-04,call,250.0,51.64,2.0,53.0,2.0,52.32,,,,,,,,,2026-08-04,297.58,302.38,297.22,301.71,714740.0,300.744723
2026-08-04T20:35:06.670,30,31,IWM260904C00251000,IWM,2026-09-04,call,251.0,51.77,2.0,52.26,2.0,52.015,,,0.3313,0.977,0.0019,-0.0499,0.048,0.2064,2026-08-04,297.58,302.38,297.22,301.71,714740.0,300.744723
2026-08-04T20:35:06.670,30,31,IWM260904C00252000,IWM,2026-09-04,call,252.0,48.9,1.0,52.72,1.0,50.81,,,0.2594,0.9933,0.0008,-0.0318,0.0165,0.2116,2026-08-04,297.58,302.38,297.22,301.71,714740.0,300.744723
2026-08-04T20:35:06.670,30,31,IWM260904C00253000,IWM,2026-09-04,call,253.0,48.99,2.0,49.92,2.0,49.455,,,,,,,,,2026-08-04,297.58,302.38,297.22,301.71,714740.0,300.744723
2026-08-04T20:35:06.670,30,31,IWM260904C00254000,IWM,2026-09-04,call,254.0,49.31,2.0,49.83,2.0,49.57,,,0.3883,0.9466,0.0032,-0.0835,0.0956,0.2007,2026-08-04,297.58,302.38,297.22,301.71,714740.0,300.744723
2026-08-04T20:35:06.670,30,31,IWM260904C00255000,IWM,2026-09-04,call,255.0,46.6,2.0,48.79,2.0,47.695,,,,,,,,,2026-08-04,297.58,302.38,297.22,301.71,714740.0,300.744723
2026-08-04T20:35:06.670,30,31,IWM260904C00256000,IWM,2026-09-04,call,256.0,47.24,2.0,47.52,2.0,47.38,38.74,1.0,0.3529,0.9542,0.0031,-0.0722,0.0845,0.2045,2026-08-04,297.58,302.38,297.22,301.71,714740.0,300.744723
2026-08-04T20:35:06.670,30,31,IWM260904C00257000,IWM,2026-09-04,call,257.0,45.34,2.0,46.73,2.0,46.035,,,0.2959,0.9744,0.0023,-0.0498,0.0525,0.2108,2026-08-04,297.58,302.38,297.22,301.71,714740.0,300.744723
2026-08-04T20:35:06.670,30,31,IWM260904C00258000,IWM,2026-09-04,call,258.0,44.11,2.0,44.16,2.0,44.135,,,,,,,,,2026-08-04,297.58,302.38,297.22,301.71,714740.0,300.744723
2026-08-04T20:35:06.670,30,31,IWM260904C00259000,IWM,2026-09-04,call,259.0,44.22,2.0,44.65,2.0,44.435,33.97,2.0,0.3381,0.9494,0.0035,-0.0742,0.0916,0.2058,2026-08-04,297.58,302.38,297.22,301.71,714740.0,300.744723
2026-08-04T20:35:06.670,30,31,IWM260904C00260000,IWM,2026-09-04,call,260.0,43.04,2.0,43.51,2.0,43.275,32.47,2.0,0.3125,0.9576,0.0033,-0.0646,0.0795,0.2088,2026-08-04,297.58,302.38,297.22,301.71,714740.0,300.744723
2026-08-04T20:35:06.670,30,31,IWM260904C00261000,IWM,2026-09-04,call,261.0,42.23,2.0,42.7,2.0,42.465,36.37,1.0,0.3272,0.9463,0.0038,-0.075,0.0961,0.2066,2026-08-04,297.58,302.38,297.22,301.71,714740.0,300.744723
2026-08-04T20:35:06.670,30,31,IWM260904C00262000,IWM,2026-09-04,call,262.0,40.54,2.0,40.76,2.0,40.65,34.43,1.0,,,,,,,2026-08-04,297.58,302.38,297.22,301.71,714740.0,300.744723
2026-08-04T20:35:06.670,30,31,IWM260904C00263000,IWM,2026-09-04,call,263.0,39.88,2.0,40.3,2.0,40.09,,,0.2665,0.9684,0.003,-0.0521,0.0625,0.2143,2026-08-04,297.58,302.38,297.22,301.71,714740.0,300.744723
2026-08-04T20:35:06.670,30,31,IWM260904C00264000,IWM,2026-09-04,call,264.0,39.32,2.0,39.86,2.0,39.59,29.58,1.0,0.318,0.937,0.0044,-0.0802,0.1089,0.2067,2026-08-04,297.58,302.38,297.22,301.71,714740.0,300.744723
2026-08-04T20:35:06.670,30,31,IWM260904C00265000,IWM,2026-09-04,call,265.0,38.23,2.0,38.74,2.0,38.485,,,0.301,0.9416,0.0044,-0.0744,0.1026,0.2088,2026-08-04,297.58,302.38,297.22,301.71,714740.0,300.744723
2026-08-04T20:35:06.670,30,31,IWM260904C00266000,IWM,2026-09-04,call,266.0,36.7,2.0,37.17,6.0,36.935,,,0.2175,0.9813,0.0024,-0.04,0.0402,0.2203,2026-08-04,297.58,302.38,297.22,301.71,714740.0,300.744723
2026-08-04T20:35:06.670,30,31,IWM260904C00267000,IWM,2026-09-04,call,267.0,34.55,1.0,37.81,1.0,36.18,,,0.2534,0.9596,0.0039,-0.0566,0.0765,0.2154,2026-08-04,297.58,302.38,297.22,301.71,714740.0,300.744723
2026-08-04T20:35:06.670,30,31,IWM260904C00268000,IWM,2026-09-04,call,268.0,35.07,6.0,35.36,2.0,35.215,,,0.2513,0.9563,0.0042,-0.0584,0.0815,0.2154,2026-08-04,297.58,302.38,297.22,301.71,714740.0,300.744723
2026-08-04T20:35:06.670,30,31,IWM260904C00269000,IWM,2026-09-04,call,269.0,33.09,2.0,34.12,2.0,33.605000000000004,24.96,1.0,,,,,,,2026-08-04,297.58,302.38,297.22,301.71,714740.0,300.744723
2026-08-04T20:35:06.670,30,31,IWM260904C00270000,IWM,2026-09-04,call,270.0,31.91,1.0,34.69,1.0,33.3,23.35,2.0,0.2477,0.9484,0.0049,-0.0625,0.0931,0.215,2026-08-04,297.58,302.38,297.22,301.71,714740.0,300.744723
2026-08-04T20:35:06.670,30,31,IWM260904C00271000,IWM,2026-09-04,call,271.0,31.24,1.0,33.59,1.0,32.415,22.31,2.0,0.2525,0.9394,0.0054,-0.0681,0.1056,0.2134,2026-08-04,297.58,302.38,297.22,301.71,714740.0,300.744723
2026-08-04T20:35:06.670,30,31,IWM260904C00272000,IWM,2026-09-04,call,272.0,29.56,1.0,32.159,1.0,30.859499999999997,27.5,1.0,0.1559,0.9916,0.0017,-0.0319,0.0201,0.2281,2026-08-04,297.58,302.38,297.22,301.71,714740.0,300.744723
2026-08-04T20:35:06.670,30,31,IWM260904C00273000,IWM,2026-09-04,call,273.0,30.46,2.0,30.94,2.0,30.700000000000003,,,0.2623,0.919,0.0065,-0.0805,0.1321,0.2096,2026-08-04,297.58,302.38,297.22,301.71,714740.0,300.744723
2026-08-04T20:35:06.670,30,31,IWM260904C00274000,IWM,2026-09-04,call,274.0,29.46,12.0,29.81,2.0,29.634999999999998,20.97,1.0,0.2501,0.9211,0.0067,-0.077,0.1294,0.2111,2026-08-04,297.58,302.38,297.22,301.71,714740.0,300.744723
2026-08-04T20:35:06.670,30,31,IWM260904C00275000,IWM,2026-09-04,call,275.0,28.33,12.0,28.67,2.0,28.5,28.84,1.0,0.2322,0.9282,0.0067,-0.0703,0.1205,0.2139,2026-08-04,297.58,302.38,297.22,301.71,714740.0,300.744723
2026-08-04T20:35:06.670,30,31,IWM260904C00276000,IWM,2026-09-04,call,276.0,27.34,2.0,27.68,6.0,27.509999999999998,24.86,6.0,0.226,0.9258,0.0071,-0.0702,0.1235,0.2141,2026-08-04,297.58,302.38,297.22,301.71,714740.0,300.744723
2026-08-04T20:35:06.670,30,31,IWM260904C00277000,IWM,2026-09-04,call,277.0,26.47,2.0,26.82,2.0,26.645,20.39,1.0,0.2293,0.9149,0.0077,-0.0756,0.137,0.212,2026-08-04,297.58,302.38,297.22,301.71,714740.0,300.744723
2026-08-04T20:35:06.670,30,31,IWM260904C00278000,IWM,2026-09-04,call,278.0,25.0,8.0,26.05,2.0,25.525,17.17,1.0,0.2132,0.9211,0.0078,-0.0697,0.1294,0.2146,2026-08-04,297.58,302.38,297.22,301.71,714740.0,300.744723
2026-08-04T20:35:06.670,30,31,IWM260904C00279000,IWM,2026-09-04,call,279.0,24.38,8.0,24.98,2.0,24.68,15.93,1.0,0.2173,0.9083,0.0086,-0.0757,0.1449,0.212,2026-08-04,297.58,302.38,297.22,301.71,714740.0,300.744723
2026-08-04T20:35:06.670,30,31,IWM260904C00280000,IWM,2026-09-04,call,280.0,23.46,2.0,24.13,6.0,23.795,20.32,7.0,0.2176,0.8984,0.0093,-0.0796,0.1563,0.2102,2026-08-04,297.58,302.38,297.22,301.71,714740.0,300.744723
2026-08-04T20:35:06.670,30,31,IWM260904C00281000,IWM,2026-09-04,call,281.0,22.44,13.0,23.11,2.0,22.775,21.47,5.0,0.2089,0.8969,0.0098,-0.078,0.1579,0.2107,2026-08-04,297.58,302.38,297.22,301.71,714740.0,300.744723
2026-08-04T20:35:06.670,30,31,IWM260904C00282000,IWM,2026-09-04,call,282.0,21.45,13.0,21.97,2.0,21.71,13.54,6.0,0.1974,0.8984,0.0102,-0.0747,0.1562,0.212,2026-08-04,297.58,302.38,297.22,301.71,714740.0,300.744723
2026-08-04T20:35:06.670,30,31,IWM260904C00282500,IWM,2026-09-04,call,282.5,21.14,25.0,21.9,10.0,21.52,18.81,1.0,0.2121,0.877,0.0109,-0.0856,0.1792,0.2066,2026-08-04,297.58,302.38,297.22,301.71,714740.0,300.744723
2026-08-04T20:35:06.670,30,31,IWM260904C00283000,IWM,2026-09-04,call,283.0,21.24,2.0,21.54,2.0,21.39,19.35,1.0,0.2276,0.8551,0.0114,-0.0972,0.2005,0.2012,2026-08-04,297.58,302.38,297.22,301.71,714740.0,300.744723
2026-08-04T20:35:06.670,30,31,IWM260904C00284000,IWM,2026-09-04,call,284.0,19.78,9.0,20.19,3.0,19.985,14.34,3.0,0.1985,0.8736,0.0119,-0.0828,0.1826,0.2071,2026-08-04,297.58,302.38,297.22,301.71,714740.0,300.744723
2026-08-04T20:35:06.670,30,31,IWM260904C00285000,IWM,2026-09-04,call,285.0,19.58,3.0,19.85,2.0,19.715,18.79,1.0,0.2263,0.8308,0.0127,-0.1041,0.222,0.1963,2026-08-04,297.58,302.38,297.22,301.71,714740.0,300.744723
2026-08-04T20:35:06.670,30,31,IWM260904C00286000,IWM,2026-09-04,call,286.0,18.24,1.0,18.84,2.0,18.54,14.26,2.0,0.2099,0.834,0.0135,-0.0976,0.2194,0.1981,2026-08-04,297.58,302.38,297.22,301.71,714740.0,300.744723
2026-08-04T20:35:06.670,30,31,IWM260904C00287000,IWM,2026-09-04,call,287.0,17.29,4.0,17.72,4.0,17.505,18.14,1.0,0.1999,0.8303,0.0144,-0.095,0.2224,0.1981,2026-08-04,297.58,302.38,297.22,301.71,714740.0,300.744723
2026-08-04T20:35:06.670,30,31,IWM260904C00287500,IWM,2026-09-04,call,287.5,17.16,9.0,17.52,2.0,17.34,8.75,5.0,0.2102,0.8115,0.0146,-0.1033,0.2377,0.1934,2026-08-04,297.58,302.38,297.22,301.71,714740.0,300.744723
2026-08-04T20:35:06.670,30,31,IWM260904C00288000,IWM,2026-09-04,call,288.0,16.46,4.0,17.15,3.0,16.805,13.44,4.0,0.2043,0.81,0.0151,-0.1015,0.2388,0.1935,2026-08-04,297.58,302.38,297.22,301.71,714740.0,300.744723
2026-08-04T20:35:06.670,30,31,IWM260904C00289000,IWM,2026-09-04,call,289.0,16.16,2.0,16.43,2.0,16.295,11.36,5.0,0.215,0.7828,0.0155,-0.1117,0.2586,0.1869,2026-08-04,297.58,302.38,297.22,301.71,714740.0,300.744723
2026-08-04T20:35:06.670,30,31,IWM260904C00290000,IWM,2026-09-04,call,290.0,14.92,14.0,15.6,22.0,15.26,15.33,1.0,0.2044,0.7767,0.0166,-0.1086,0.2628,0.1863,2026-08-04,297.58,302.38,297.22,301.71,714740.0,300.744723
2026-08-04T20:35:06.670,30,31,IWM260904C00291000,IWM,2026-09-04,call,291.0,14.36,15.0,14.61,1.0,14.485,9.86,1.0,0.2034,0.7601,0.0174,-0.1112,0.2735,0.1826,2026-08-04,297.58,302.38,297.22,301.71,714740.0,300.744723
2026-08-04T20:35:06.670,30,31,IWM260904C00292000,IWM,2026-09-04,call,292.0,13.53,2.0,13.8,2.0,13.665,11.25,8.0,0.2002,0.7448,0.0182,-0.1124,0.2827,0.1794,2026-08-04,297.58,302.38,297.22,301.71,714740.0,300.744723
2026-08-04T20:35:06.670,30,31,IWM260904C00292500,IWM,2026-09-04,call,292.5,13.21,2.0,13.35,1.0,13.280000000000001,9.28,1.0,0.1993,0.7361,0.0186,-0.1134,0.2876,0.1775,2026-08-04,297.58,302.38,297.22,301.71,714740.0,300.744723
2026-08-04T20:35:06.670,30,31,IWM260904C00293000,IWM,2026-09-04,call,293.0,12.87,2.0,13.17,16.0,13.02,9.0,1.0,0.2026,0.7235,0.0188,-0.1167,0.2944,0.1745,2026-08-04,297.58,302.38,297.22,301.71,714740.0,300.744723
2026-08-04T20:35:06.670,30,31,IWM260904C00294000,IWM,2026-09-04,call,294.0,11.92,2.0,12.28,33.0,12.1,12.21,1.0,0.195,0.7103,0.0199,-0.1149,0.3011,0.1719,2026-08-04,297.58,302.38,297.22,301.71,714740.0,300.744723
2026-08-04T20:35:06.670,30,31,IWM260904C00295000,IWM,2026-09-04,call,295.0,11.03,50.0,11.38,55.0,11.205,11.6,10.0,0.188,0.6952,0.0212,-0.1133,0.3082,0.1688,2026-08-04,297.58,302.38,297.22,301.71,714740.0,300.744723
2026-08-04T20:35:06.670,30,31,IWM260904C00296000,IWM,2026-09-04,call,296.0,10.47,2.0,10.84,31.0,10.655000000000001,10.8,2.0,0.1915,0.6707,0.0215,-0.1175,0.3185,0.163,2026-08-04,297.58,302.38,297.22,301.71,714740.0,300.744723
2026-08-04T20:35:06.670,30,31,IWM260904C00297000,IWM,2026-09-04,call,297.0,9.98,1.0,10.1,5.0,10.04,8.37,1.0,0.1922,0.6481,0.0219,-0.1198,0.3266,0.1577,2026-08-04,297.58,302.38,297.22,301.71,714740.0,300.744723
2026-08-04T20:35:06.670,30,31,IWM260904C00297500,IWM,2026-09-04,call,297.5,9.36,17.0,9.66,5.0,9.51,8.79,1.0,0.1855,0.6409,0.0229,-0.1168,0.329,0.1563,2026-08-04,297.58,302.38,297.22,301.71,714740.0,300.744723
2026-08-04T20:35:06.670,30,31,IWM260904C00298000,IWM,2026-09-04,call,298.0,9.16,2.0,9.26,7.0,9.21,9.68,3.0,0.1857,0.6291,0.0231,-0.1177,0.3326,0.1535,2026-08-04,297.58,302.38,297.22,301.71,714740.0,300.744723
2026-08-04T20:35:06.670,30,31,IWM260904C00299000,IWM,2026-09-04,call,299.0,8.44,3.0,8.93,15.0,8.684999999999999,8.83,2.0,0.1878,0.6046,0.0233,-0.12,0.339,0.1477,2026-08-04,297.58,302.38,297.22,301.71,714740.0,300.744723
2026-08-04T20:35:06.670,30,31,IWM260904C00300000,IWM,2026-09-04,call,300.0,8.1,3.0,8.14,26.0,8.120000000000001,8.1,1.0,0.1879,0.5808,0.0236,-0.1209,0.3439,0.1421,2026-08-04,297.58,302.38,297.22,301.71,714740.0,300.744723
2026-08-04T20:35:06.670,30,31,IWM260904C00301000,IWM,2026-09-04,call,301.0,7.48,24.0,7.67,37.0,7.575,7.78,1.0,0.1879,0.557,0.0239,-0.1214,0.3475,0.1364,2026-08-04,297.58,302.38,297.22,301.71,714740.0,300.744723
2026-08-04T20:35:06.670,30,31,IWM260904C00302000,IWM,2026-09-04,call,302.0,6.82,20.0,7.15,1.0,6.985,7.18,5.0,0.186,0.5331,0.0243,-0.1203,0.3499,0.1308,2026-08-04,297.58,302.38,297.22,301.71,714740.0,300.744723
2026-08-04T20:35:06.670,30,31,IWM260904C00302500,IWM,2026-09-04,call,302.5,6.47,66.0,6.89,62.0,6.68,6.78,3.0,0.1844,0.5209,0.0245,-0.1193,0.3506,0.1279,2026-08-04,297.58,302.38,297.22,301.71,714740.0,300.744723
2026-08-04T20:35:06.670,30,31,IWM260904C00303000,IWM,2026-09-04,call,303.0,6.3,12.0,6.48,24.0,6.390000000000001,6.67,6.0,0.1832,0.5086,0.0247,-0.1184,0.351,0.125,2026-08-04,297.58,302.38,297.22,301.71,714740.0,300.744723
2026-08-04T20:35:06.670,30,31,IWM260904C00304000,IWM,2026-09-04,call,304.0,5.65,13.0,5.97,4.0,5.8100000000000005,6.0,5.0,0.1801,0.4833,0.0251,-0.1159,0.3508,0.119,2026-08-04,297.58,302.38,297.22,301.71,714740.0,300.744723
2026-08-04T20:35:06.670,30,31,IWM260904C00305000,IWM,2026-09-04,call,305.0,5.19,6.0,5.45,36.0,5.32,5.57,4.0,0.179,0.458,0.0252,-0.1141,0.3492,0.113,2026-08-04,297.58,302.38,297.22,301.71,714740.0,300.744723
2026-08-04T20:35:06.670,30,31,IWM260904C00306000,IWM,2026-09-04,call,306.0,4.9,11.0,5.01,11.0,4.955,4.9,1.0,0.1807,0.4341,0.0247,-0.1135,0.3463,0.1071,2026-08-04,297.58,302.38,297.22,301.71,714740.0,300.744723
2026-08-04T20:35:06.670,30,31,IWM260904C00307000,IWM,2026-09-04,call,307.0,4.36,7.0,4.49,1.0,4.425000000000001,4.76,1.0,0.1769,0.4075,0.0249,-0.1093,0.3416,0.1008,2026-08-04,297.58,302.38,297.22,301.71,714740.0,300.744723
2026-08-04T20:35:06.670,30,31,IWM260904C00307500,IWM,2026-09-04,call,307.5,4.23,7.0,4.29,3.0,4.26,4.35,10.0,0.1776,0.3958,0.0246,-0.1086,0.339,0.0979,2026-08-04,297.58,302.38,297.22,301.71,714740.0,300.744723
2026-08-04T20:35:06.670,30,31,IWM260904C00308000,IWM,2026-09-04,call,308.0,4.04,13.0,4.12,24.0,4.08,4.2,5.0,0.1777,0.3838,0.0244,-0.1075,0.3361,0.095,2026-08-04,297.58,302.38,297.22,301.71,714740.0,300.744723
2026-08-04T20:35:06.670,30,31,IWM260904C00309000,IWM,2026-09-04,call,309.0,3.61,24.0,3.77,1.0,3.69,3.81,1.0,0.1766,0.3592,0.0241,-0.1042,0.329,0.089,2026-08-04,297.58,302.38,297.22,301.71,714740.0,300.744723
2026-08-04T20:35:06.670,30,31,IWM260904C00310000,IWM,2026-09-04,call,310.0,3.29,25.0,3.4,22.0,3.3449999999999998,3.39,1.0,0.176,0.3354,0.0235,-0.1009,0.3208,0.0832,2026-08-04,297.58,302.38,297.22,301.71,714740.0,300.744723
2026-08-04T20:35:06.670,30,31,IWM260904C00311000,IWM,2026-09-04,call,311.0,3.01,79.0,3.12,25.0,3.065,3.25,14.0,0.1768,0.3137,0.0228,-0.0982,0.3121,0.0779,2026-08-04,297.58,302.38,297.22,301.71,714740.0,300.744723
2026-08-04T20:35:06.670,30,31,IWM260904C00312000,IWM,2026-09-04,call,312.0,2.71,30.0,2.8,27.0,2.755,2.82,1.0,0.176,0.291,0.0221,-0.0941,0.3017,0.0723,2026-08-04,297.58,302.38,297.22,301.71,714740.0,300.744723
2026-08-04T20:35:06.670,30,31,IWM260904C00313000,IWM,2026-09-04,call,313.0,2.43,34.0,2.51,19.0,2.4699999999999998,2.58,1.0,0.1752,0.269,0.0214,-0.0899,0.2905,0.0669,2026-08-04,297.58,302.38,297.22,301.71,714740.0,300.744723
2026-08-04T20:35:06.670,30,31,IWM260904C00314000,IWM,2026-09-04,call,314.0,2.15,36.0,2.22,17.0,2.185,2.24,1.0,0.1737,0.2467,0.0206,-0.085,0.2777,0.0614,2026-08-04,297.58,302.38,297.22,301.71,714740.0,300.744723
2026-08-04T20:35:06.670,30,31,IWM260904C00315000,IWM,2026-09-04,call,315.0,1.97,6.0,1.98,19.0,1.975,2.1,1.0,0.1741,0.2279,0.0197,-0.0813,0.2659,0.0568,2026-08-04,297.58,302.38,297.22,301.71,714740.0,300.744723
2026-08-04T20:35:06.670,30,31,IWM260904C00316000,IWM,2026-09-04,call,316.0,1.75,5.0,1.8,3.0,1.775,1.83,1.0,0.1742,0.2097,0.0188,-0.0773,0.2534,0.0523,2026-08-04,297.58,302.38,297.22,301.71,714740.0,300.744723
2026-08-04T20:35:06.670,30,31,IWM260904C00317000,IWM,2026-09-04,call,317.0,1.53,29.0,1.59,1.0,1.56,1.64,1.0,0.173,0.1905,0.0179,-0.0723,0.2392,0.0475,2026-08-04,297.58,302.38,297.22,301.71,714740.0,300.744723
2026-08-04T20:35:06.670,30,31,IWM260904C00318000,IWM,2026-09-04,call,318.0,1.4,4.0,1.46,1.0,1.43,1.47,1.0,0.1747,0.1764,0.0169,-0.0694,0.228,0.044,2026-08-04,297.58,302.38,297.22,301.71,714740.0,300.744723
2026-08-04T20:35:06.670,30,31,IWM260904C00319000,IWM,2026-09-04,call,319.0,1.21,30.0,1.31,1.0,1.26,1.34,1.0,0.174,0.1599,0.0159,-0.0648,0.2141,0.04,2026-08-04,297.58,302.38,297.22,301.71,714740.0,300.744723
2026-08-04T20:35:06.670,30,31,IWM260904C00320000,IWM,2026-09-04,call,320.0,1.08,30.0,1.17,30.0,1.125,1.19,1.0,0.1743,0.1458,0.0149,-0.0609,0.2013,0.0364,2026-08-04,297.58,302.38,297.22,301.71,714740.0,300.744723
2026-08-04T20:35:06.670,30,31,IWM260904C00321000,IWM,2026-09-04,call,321.0,0.95,20.0,1.04,41.0,0.995,1.07,14.0,0.1742,0.132,0.0139,-0.0567,0.1882,0.033,2026-08-04,297.58,302.38,297.22,301.71,714740.0,300.744723
2026-08-04T20:35:06.670,30,31,IWM260904C00322000,IWM,2026-09-04,call,322.0,0.84,64.0,0.89,45.0,0.865,0.93,2.0,0.1733,0.1182,0.013,-0.0522,0.1741,0.0296,2026-08-04,297.58,302.38,297.22,301.71,714740.0,300.744723
2026-08-04T20:35:06.670,30,31,IWM260904C00323000,IWM,2026-09-04,call,323.0,0.74,37.0,0.79,49.0,0.765,0.82,1.0,0.1735,0.1067,0.012,-0.0484,0.1619,0.0267,2026-08-04,297.58,302.38,297.22,301.71,714740.0,300.744723
2026-08-04T20:35:06.670,30,31,IWM260904C00324000,IWM,2026-09-04,call,324.0,0.65,63.0,0.74,71.0,0.6950000000000001,0.73,1.0,0.175,0.0978,0.0112,-0.0458,0.152,0.0245,2026-08-04,297.58,302.38,297.22,301.71,714740.0,300.744723
2026-08-04T20:35:06.670,30,31,IWM260904C00325000,IWM,2026-09-04,call,325.0,0.62,55.0,0.66,106.0,0.64,0.64,1.0,0.177,0.0904,0.0105,-0.0436,0.1434,0.0226,2026-08-04,297.58,302.38,297.22,301.71,714740.0,300.744723
2026-08-04T20:35:06.670,30,31,IWM260904C00326000,IWM,2026-09-04,call,326.0,0.55,167.0,0.59,54.0,0.5700000000000001,0.58,1.0,0.1776,0.0818,0.0097,-0.0405,0.133,0.0205,2026-08-04,297.58,302.38,297.22,301.71,714740.0,300.744723
2026-08-04T20:35:06.670,30,31,IWM260904C00327000,IWM,2026-09-04,call,327.0,0.45,69.0,0.53,5.0,0.49,0.54,1.0,0.1768,0.0722,0.0088,-0.0366,0.1211,0.0181,2026-08-04,297.58,302.38,297.22,301.71,714740.0,300.744723
2026-08-04T20:35:06.670,30,31,IWM260904C00328000,IWM,2026-09-04,call,328.0,0.44,67.0,0.47,10.0,0.45499999999999996,0.25,5.0,0.1791,0.0671,0.0082,-0.035,0.1144,0.0168,2026-08-04,297.58,302.38,297.22,301.71,714740.0,300.744723
2026-08-04T20:35:06.670,30,31,IWM260904C00329000,IWM,2026-09-04,call,329.0,0.39,10.0,0.42,10.0,0.405,0.42,1.0,0.1798,0.0605,0.0076,-0.0324,0.1056,0.0152,2026-08-04,297.58,302.38,297.22,301.71,714740.0,300.744723
2026-08-04T20:35:06.670,30,31,IWM260904C00330000,IWM,2026-09-04,call,330.0,0.3,63.0,0.38,17.0,0.33999999999999997,0.38,1.0,0.1784,0.0524,0.0068,-0.0287,0.0943,0.0132,2026-08-04,297.58,302.38,297.22,301.71,714740.0,300.744723
2026-08-04T20:35:06.670,30,31,IWM260904C00331000,IWM,2026-09-04,call,331.0,0.31,72.0,0.34,7.0,0.325,0.16,10.0,0.1817,0.0497,0.0064,-0.0279,0.0903,0.0125,2026-08-04,297.58,302.38,297.22,301.71,714740.0,300.744723
2026-08-04T20:35:06.670,30,31,IWM260904C00332000,IWM,2026-09-04,call,332.0,0.28,9.0,0.31,69.0,0.29500000000000004,,,0.1831,0.0454,0.0059,-0.0261,0.084,0.0114,2026-08-04,297.58,302.38,297.22,301.71,714740.0,300.744723
2026-08-04T20:35:06.670,30,31,IWM260904C00333000,IWM,2026-09-04,call,333.0,0.25,9.0,0.28,76.0,0.265,0.06,2.0,0.1841,0.0411,0.0054,-0.0243,0.0776,0.0103,2026-08-04,297.58,302.38,297.22,301.71,714740.0,300.744723
2026-08-04T20:35:06.670,30,31,IWM260904C00334000,IWM,2026-09-04,call,334.0,0.22,16.0,0.25,4.0,0.235,,,0.1847,0.0369,0.005,-0.0223,0.0711,0.0093,2026-08-04,297.58,302.38,297.22,301.71,714740.0,300.744723
2026-08-04T20:35:06.670,30,31,IWM260904C00335000,IWM,2026-09-04,call,335.0,0.2,32.0,0.22,5.0,0.21000000000000002,0.21,1.0,0.1856,0.0333,0.0045,-0.0205,0.0653,0.0084,2026-08-04,297.58,302.38,297.22,301.71,714740.0,300.744723
2026-08-04T20:35:06.670,30,31,IWM260904C00336000,IWM,2026-09-04,call,336.0,0.14,28.0,0.2,5.0,0.17,0.16,85.0,0.1835,0.028,0.004,-0.0175,0.0565,0.007,2026-08-04,297.58,302.38,297.22,301.71,714740.0,300.744723
2026-08-04T20:35:06.670,30,31,IWM260904C00337000,IWM,2026-09-04,call,337.0,0.12,106.0,0.19,91.0,0.155,,,0.1851,0.0256,0.0037,-0.0164,0.0524,0.0064,2026-08-04,297.58,302.38,297.22,301.71,714740.0,300.744723
2026-08-04T20:35:06.670,30,31,IWM260904C00338000,IWM,2026-09-04,call,338.0,0.15,93.0,0.17,16.0,0.16,,,0.1903,0.0257,0.0036,-0.0169,0.0526,0.0065,2026-08-04,297.58,302.38,297.22,301.71,714740.0,300.744723
2026-08-04T20:35:06.670,30,31,IWM260904C00339000,IWM,2026-09-04,call,339.0,0.1,15.0,0.12,10.0,0.11,0.08,4.0,0.1837,0.019,0.0029,-0.0126,0.0408,0.0048,2026-08-04,297.58,302.38,297.22,301.71,714740.0,300.744723
2026-08-04T20:35:06.670,30,31,IWM260904C00340000,IWM,2026-09-04,call,340.0,0.12,90.0,0.15,97.0,0.135,,,0.1936,0.0218,0.0031,-0.0149,0.0458,0.0055,2026-08-04,297.58,302.38,297.22,301.71,714740.0,300.744723
2026-08-04T20:35:06.670,30,31,IWM260904C00341000,IWM,2026-09-04,call,341.0,0.07,29.0,0.09,5.0,0.08,,,0.1834,0.0143,0.0023,-0.0099,0.032,0.0036,2026-08-04,297.58,302.38,297.22,301.71,714740.0,300.744723
2026-08-04T20:35:06.670,30,31,IWM260904C00342000,IWM,2026-09-04,call,342.0,0.06,112.0,0.13,101.0,0.095,,,0.1918,0.016,0.0024,-0.0114,0.0353,0.004,2026-08-04,297.58,302.38,297.22,301.71,714740.0,300.744723
2026-08-04T20:35:06.670,30,31,IWM260904C00343000,IWM,2026-09-04,call,343.0,0.05,61.0,0.12,36.0,0.08499999999999999,,,0.1927,0.0145,0.0022,-0.0105,0.0323,0.0036,2026-08-04,297.58,302.38,297.22,301.71,714740.0,300.744723
2026-08-04T20:35:06.670,30,31,IWM260904C00344000,IWM,2026-09-04,call,344.0,0.09,18.0,0.11,10.0,0.1,,,0.201,0.0161,0.0023,-0.012,0.0354,0.004,2026-08-04,297.58,302.38,297.22,301.71,714740.0,300.744723
2026-08-04T20:35:06.670,30,31,IWM260904C00345000,IWM,2026-09-04,call,345.0,0.04,112.0,0.1,7.0,0.07,,,0.1953,0.012,0.0018,-0.009,0.0275,0.003,2026-08-04,297.58,302.38,297.22,301.71,714740.0,300.744723
2026-08-04T20:35:06.670,30,31,IWM260904C00346000,IWM,2026-09-04,call,346.0,0.03,61.0,0.06,36.0,0.045,,,0.1884,0.0083,0.0014,-0.0063,0.0199,0.0021,2026-08-04,297.58,302.38,297.22,301.71,714740.0,300.744723
2026-08-04T20:35:06.670,30,31,IWM260904C00347000,IWM,2026-09-04,call,347.0,0.07,112.0,0.09,7.0,0.08,,,0.2063,0.0129,0.0018,-0.0101,0.0292,0.0032,2026-08-04,297.58,302.38,297.22,301.71,714740.0,300.744723
2026-08-04T20:35:06.670,30,31,IWM260904C00348000,IWM,2026-09-04,call,348.0,0.06,28.0,0.09,13.0,0.075,,,0.2083,0.0121,0.0017,-0.0096,0.0276,0.003,2026-08-04,297.58,302.38,297.22,301.71,714740.0,300.744723
2026-08-04T20:35:06.670,30,31,IWM260904C00349000,IWM,2026-09-04,call,349.0,0.06,114.0,0.08,8.0,0.07,,,0.2101,0.0112,0.0016,-0.0091,0.026,0.0028,2026-08-04,297.58,302.38,297.22,301.71,714740.0,300.744723
2026-08-04T20:35:06.670,30,31,IWM260904C00350000,IWM,2026-09-04,call,350.0,0.02,25.0,0.04,23.0,0.03,,,0.1933,0.0056,0.0009,-0.0046,0.0141,0.0014,2026-08-04,297.58,302.38,297.22,301.71,714740.0,300.744723
2026-08-04T20:35:06.670,30,31,IWM260904C00351000,IWM,2026-09-04,call,351.0,0.05,26.0,0.07,6.0,0.060000000000000005,0.05,1.0,0.2133,0.0097,0.0014,-0.0081,0.0227,0.0024,2026-08-04,297.58,302.38,297.22,301.71,714740.0,300.744723
2026-08-04T20:35:06.670,30,31,IWM260904C00352000,IWM,2026-09-04,call,352.0,0.05,112.0,0.07,29.0,0.060000000000000005,,,0.2168,0.0095,0.0013,-0.0081,0.0225,0.0024,2026-08-04,297.58,302.38,297.22,301.71,714740.0,300.744723
2026-08-04T20:35:06.670,30,31,IWM260904C00353000,IWM,2026-09-04,call,353.0,0.05,112.0,0.07,11.0,0.060000000000000005,,,0.2204,0.0094,0.0013,-0.0082,0.0222,0.0024,2026-08-04,297.58,302.38,297.22,301.71,714740.0,300.744723
2026-08-04T20:35:06.670,30,31,IWM260904C00354000,IWM,2026-09-04,call,354.0,0.01,128.0,0.03,118.0,0.02,,,0.1981,0.0038,0.0006,-0.0033,0.0099,0.001,2026-08-04,297.58,302.38,297.22,301.71,714740.0,300.744723
2026-08-04T20:35:06.670,30,31,IWM260904C00355000,IWM,2026-09-04,call,355.0,0.01,103.0,0.06,6.0,0.034999999999999996,,,0.2136,0.0059,0.0009,-0.0053,0.0148,0.0015,2026-08-04,297.58,302.38,297.22,301.71,714740.0,300.744723
2026-08-04T20:35:06.670,30,31,IWM260904C00356000,IWM,2026-09-04,call,356.0,0.01,116.0,0.02,30.0,0.015,,,0.1987,0.0029,0.0005,-0.0026,0.0078,0.0007,2026-08-04,297.58,302.38,297.22,301.71,714740.0,300.744723
2026-08-04T20:35:06.670,30,31,IWM260904C00357000,IWM,2026-09-04,call,357.0,0.04,114.0,0.06,12.0,0.05,,,0.2294,0.0077,0.001,-0.0071,0.0186,0.0019,2026-08-04,297.58,302.38,297.22,301.71,714740.0,300.744723
2026-08-04T20:35:06.670,30,31,IWM260904C00358000,IWM,2026-09-04,call,358.0,0.04,104.0,0.06,14.0,0.05,,,0.2328,0.0076,0.001,-0.0071,0.0184,0.0019,2026-08-04,297.58,302.38,297.22,301.71,714740.0,300.744723
2026-08-04T20:35:06.670,30,31,IWM260904C00359000,IWM,2026-09-04,call,359.0,0.01,104.0,0.06,20.0,0.034999999999999996,,,0.2268,0.0056,0.0008,-0.0053,0.0141,0.0014,2026-08-04,297.58,302.38,297.22,301.71,714740.0,300.744723
2026-08-04T20:35:06.670,30,31,IWM260904C00360000,IWM,2026-09-04,call,360.0,0.01,53.0,0.02,45.0,0.015,,,0.211,0.0027,0.0005,-0.0026,0.0074,0.0007,2026-08-04,297.58,302.38,297.22,301.71,714740.0,300.744723
2026-08-04T20:35:06.670,30,31,IWM260904C00361000,IWM,2026-09-04,call,361.0,0.03,104.0,0.05,8.0,0.04,,,0.2368,0.0061,0.0008,-0.006,0.0151,0.0015,2026-08-04,297.58,302.38,297.22,301.71,714740.0,300.744723
2026-08-04T20:35:06.670,30,31,IWM260904C00362000,IWM,2026-09-04,call,362.0,0.03,14.0,0.05,5.0,0.04,,,0.2401,0.006,0.0008,-0.006,0.015,0.0015,2026-08-04,297.58,302.38,297.22,301.71,714740.0,300.744723
2026-08-04T20:35:06.670,30,31,IWM260904C00363000,IWM,2026-09-04,call,363.0,0.01,20.0,0.03,11.0,0.02,,,0.2263,0.0034,0.0005,-0.0033,0.0089,0.0008,2026-08-04,297.58,302.38,297.22,301.71,714740.0,300.744723
2026-08-04T20:35:06.670,30,31,IWM260904C00364000,IWM,2026-09-04,call,364.0,0.03,19.0,0.05,12.0,0.04,,,0.2466,0.0059,0.0008,-0.006,0.0147,0.0015,2026-08-04,297.58,302.38,297.22,301.71,714740.0,300.744723
2026-08-04T20:35:06.670,30,31,IWM260904C00365000,IWM,2026-09-04,call,365.0,0.01,104.0,0.05,9.0,0.030000000000000002,,,0.2422,0.0046,0.0006,-0.0047,0.0118,0.0011,2026-08-04,297.58,302.38,297.22,301.71,714740.0,300.744723
2026-08-04T20:35:06.670,30,31,IWM260904C00366000,IWM,2026-09-04,call,366.0,0.01,15.0,0.05,16.0,0.030000000000000002,,,0.2454,0.0045,0.0006,-0.0047,0.0116,0.0011,2026-08-04,297.58,302.38,297.22,301.71,714740.0,300.744723
2026-08-04T20:35:06.670,30,31,IWM260904C00367000,IWM,2026-09-04,call,367.0,0.03,14.0,0.05,17.0,0.04,,,0.2563,0.0057,0.0007,-0.006,0.0142,0.0014,2026-08-04,297.58,302.38,297.22,301.71,714740.0,300.744723
2026-08-04T20:35:06.670,30,31,IWM260904C00368000,IWM,2026-09-04,call,368.0,0.01,104.0,0.03,18.0,0.02,,,0.2415,0.0032,0.0005,-0.0034,0.0084,0.0008,2026-08-04,297.58,302.38,297.22,301.71,714740.0,300.744723
2026-08-04T20:35:06.670,30,31,IWM260904C00369000,IWM,2026-09-04,call,369.0,0.01,104.0,0.03,25.0,0.02,,,0.2445,0.0031,0.0004,-0.0034,0.0084,0.0008,2026-08-04,297.58,302.38,297.22,301.71,714740.0,300.744723
2026-08-04T20:35:06.670,30,31,IWM260904C00370000,IWM,2026-09-04,call,370.0,0.01,10.0,0.05,18.0,0.030000000000000002,,,0.2578,0.0043,0.0006,-0.0048,0.0112,0.0011,2026-08-04,297.58,302.38,297.22,301.71,714740.0,300.744723
2026-08-04T20:35:06.670,30,31,IWM260904C00371000,IWM,2026-09-04,call,371.0,0.03,104.0,0.05,27.0,0.04,,,0.269,0.0054,0.0007,-0.0061,0.0137,0.0014,2026-08-04,297.58,302.38,297.22,301.71,714740.0,300.744723
2026-08-04T20:35:06.670,30,31,IWM260904C00372000,IWM,2026-09-04,call,372.0,0.01,104.0,0.05,117.0,0.030000000000000002,,,0.2639,0.0042,0.0005,-0.0048,0.011,0.0011,2026-08-04,297.58,302.38,297.22,301.71,714740.0,300.744723
2026-08-04T20:35:06.670,30,31,IWM260904C00373000,IWM,2026-09-04,call,373.0,0.01,104.0,0.03,118.0,0.02,,,0.2564,0.003,0.0004,-0.0034,0.008,0.0008,2026-08-04,297.58,302.38,297.22,301.71,714740.0,300.744723
2026-08-04T20:35:06.670,30,31,IWM260904C00374000,IWM,2026-09-04,call,374.0,0.03,104.0,0.05,118.0,0.04,,,0.2784,0.0053,0.0006,-0.0061,0.0133,0.0013,2026-08-04,297.58,302.38,297.22,301.71,714740.0,300.744723
2026-08-04T20:35:06.670,30,31,IWM260904C00375000,IWM,2026-09-04,call,375.0,0.01,104.0,0.02,9.0,0.015,,,0.2552,0.0023,0.0003,-0.0027,0.0064,0.0006,2026-08-04,297.58,302.38,297.22,301.71,714740.0,300.744723
2026-08-04T20:35:06.670,30,31,IWM260904C00376000,IWM,2026-09-04,call,376.0,0.03,104.0,0.04,9.0,0.035,,,0.2805,0.0046,0.0005,-0.0055,0.0119,0.0012,2026-08-04,297.58,302.38,297.22,301.71,714740.0,300.744723
2026-08-04T20:35:06.670,30,31,IWM260904C00377000,IWM,2026-09-04,call,377.0,0.01,104.0,0.04,6.0,0.025,,,0.274,0.0035,0.0004,-0.0042,0.0092,0.0009,2026-08-04,297.58,302.38,297.22,301.71,714740.0,300.744723
2026-08-04T20:35:06.670,30,31,IWM260904C00378000,IWM,2026-09-04,call,378.0,0.03,104.0,0.04,15.0,0.035,,,0.2866,0.0045,0.0005,-0.0055,0.0117,0.0011,2026-08-04,297.58,302.38,297.22,301.71,714740.0,300.744723
2026-08-04T20:35:06.670,30,31,IWM260904C00379000,IWM,2026-09-04,call,379.0,0.0,0.0,0.01,16.0,0.005,,,,,,,,,2026-08-04,297.58,302.38,297.22,301.71,714740.0,300.744723
2026-08-04T20:35:06.670,30,31,IWM260904C00380000,IWM,2026-09-04,call,380.0,0.0,0.0,0.01,16.0,0.005,,,,,,,,,2026-08-04,297.58,302.38,297.22,301.71,714740.0,300.744723
2026-08-04T20:35:06.670,30,31,IWM260904C00381000,IWM,2026-09-04,call,381.0,0.0,0.0,0.01,16.0,0.005,,,,,,,,,2026-08-04,297.58,302.38,297.22,301.71,714740.0,300.744723
2026-08-04T20:35:06.670,30,31,IWM260904C00382000,IWM,2026-09-04,call,382.0,0.0,0.0,0.04,12.0,0.02,,,,,,,,,2026-08-04,297.58,302.38,297.22,301.71,714740.0,300.744723
2026-08-04T20:35:06.670,30,31,IWM260904C00383000,IWM,2026-09-04,call,383.0,0.0,0.0,0.04,13.0,0.02,,,,,,,,,2026-08-04,297.58,302.38,297.22,301.71,714740.0,300.744723
2026-08-04T20:35:06.670,30,31,IWM260904C00384000,IWM,2026-09-04,call,384.0,0.0,0.0,0.01,18.0,0.005,,,,,,,,,2026-08-04,297.58,302.38,297.22,301.71,714740.0,300.744723
2026-08-04T20:35:06.670,30,31,IWM260904C00385000,IWM,2026-09-04,call,385.0,0.0,0.0,0.01,20.0,0.005,,,,,,,,,2026-08-04,297.58,302.38,297.22,301.71,714740.0,300.744723
2026-08-04T20:35:06.670,30,31,IWM260904C00386000,IWM,2026-09-04,call,386.0,0.0,0.0,0.01,20.0,0.005,,,,,,,,,2026-08-04,297.58,302.38,297.22,301.71,714740.0,300.744723
2026-08-04T20:35:06.670,30,31,IWM260904C00387000,IWM,2026-09-04,call,387.0,0.0,0.0,0.04,113.0,0.02,,,,,,,,,2026-08-04,297.58,302.38,297.22,301.71,714740.0,300.744723
2026-08-04T20:35:06.670,30,31,IWM260904C00388000,IWM,2026-09-04,call,388.0,0.0,0.0,0.04,16.0,0.02,,,,,,,,,2026-08-04,297.58,302.38,297.22,301.71,714740.0,300.744723
2026-08-04T20:35:06.670,30,31,IWM260904C00389000,IWM,2026-09-04,call,389.0,0.0,0.0,0.04,10.0,0.02,,,,,,,,,2026-08-04,297.58,302.38,297.22,301.71,714740.0,300.744723
2026-08-04T20:35:06.670,30,31,IWM260904C00390000,IWM,2026-09-04,call,390.0,0.0,0.0,0.01,16.0,0.005,,,,,,,,,2026-08-04,297.58,302.38,297.22,301.71,714740.0,300.744723
2026-08-04T20:35:06.670,30,31,IWM260904C00391000,IWM,2026-09-04,call,391.0,0.0,0.0,0.04,17.0,0.02,,,,,,,,,2026-08-04,297.58,302.38,297.22,301.71,714740.0,300.744723
2026-08-04T20:35:06.670,30,31,IWM260904C00392000,IWM,2026-09-04,call,392.0,0.0,0.0,0.04,17.0,0.02,,,,,,,,,2026-08-04,297.58,302.38,297.22,301.71,714740.0,300.744723
2026-08-04T20:35:06.670,30,31,IWM260904C00393000,IWM,2026-09-04,call,393.0,0.0,0.0,0.01,23.0,0.005,,,,,,,,,2026-08-04,297.58,302.38,297.22,301.71,714740.0,300.744723
2026-08-04T20:35:06.670,30,31,IWM260904C00394000,IWM,2026-09-04,call,394.0,0.0,0.0,0.01,23.0,0.005,,,,,,,,,2026-08-04,297.58,302.38,297.22,301.71,714740.0,300.744723
2026-08-04T20:35:06.670,30,31,IWM260904C00395000,IWM,2026-09-04,call,395.0,0.0,0.0,0.04,23.0,0.02,,,,,,,,,2026-08-04,297.58,302.38,297.22,301.71,714740.0,300.744723
2026-08-04T20:35:06.670,30,31,IWM260904C00396000,IWM,2026-09-04,call,396.0,0.0,0.0,0.01,24.0,0.005,,,,,,,,,2026-08-04,297.58,302.38,297.22,301.71,714740.0,300.744723
2026-08-04T20:35:06.670,30,31,IWM260904C00397000,IWM,2026-09-04,call,397.0,0.0,0.0,0.01,24.0,0.005,,,,,,,,,2026-08-04,297.58,302.38,297.22,301.71,714740.0,300.744723
2026-08-04T20:35:06.670,30,31,IWM260904C00398000,IWM,2026-09-04,call,398.0,0.0,0.0,0.01,104.0,0.005,,,,,,,,,2026-08-04,297.58,302.38,297.22,301.71,714740.0,300.744723
2026-08-04T20:35:06.670,30,31,IWM260904C00399000,IWM,2026-09-04,call,399.0,0.0,0.0,0.04,116.0,0.02,,,,,,,,,2026-08-04,297.58,302.38,297.22,301.71,714740.0,300.744723
2026-08-04T20:35:06.670,30,31,IWM260904C00400000,IWM,2026-09-04,call,400.0,0.0,0.0,0.04,104.0,0.02,,,,,,,,,2026-08-04,297.58,302.38,297.22,301.71,714740.0,300.744723
2026-08-04T20:35:06.670,30,31,IWM260904P00150000,IWM,2026-09-04,put,150.0,0.0,0.0,0.01,17.0,0.005,,,,,,,,,2026-08-04,297.58,302.38,297.22,301.71,714740.0,300.744723
2026-08-04T20:35:06.670,30,31,IWM260904P00155000,IWM,2026-09-04,put,155.0,0.0,0.0,0.01,16.0,0.005,,,,,,,,,2026-08-04,297.58,302.38,297.22,301.71,714740.0,300.744723
2026-08-04T20:35:06.670,30,31,IWM260904P00160000,IWM,2026-09-04,put,160.0,0.0,0.0,0.04,115.0,0.02,,,,,,,,,2026-08-04,297.58,302.38,297.22,301.71,714740.0,300.744723
2026-08-04T20:35:06.670,30,31,IWM260904P00165000,IWM,2026-09-04,put,165.0,0.0,0.0,0.01,125.0,0.005,,,,,,,,,2026-08-04,297.58,302.38,297.22,301.71,714740.0,300.744723
2026-08-04T20:35:06.670,30,31,IWM260904P00170000,IWM,2026-09-04,put,170.0,0.0,0.0,0.01,115.0,0.005,0.04,1.0,,,,,,,2026-08-04,297.58,302.38,297.22,301.71,714740.0,300.744723
2026-08-04T20:35:06.670,30,31,IWM260904P00175000,IWM,2026-09-04,put,175.0,0.0,0.0,0.04,58.0,0.02,0.02,1.0,,,,,,,2026-08-04,297.58,302.38,297.22,301.71,714740.0,300.744723
2026-08-04T20:35:06.670,30,31,IWM260904P00180000,IWM,2026-09-04,put,180.0,0.0,0.0,0.04,25.0,0.02,,,,,,,,,2026-08-04,297.58,302.38,297.22,301.71,714740.0,300.744723
2026-08-04T20:35:06.670,30,31,IWM260904P00185000,IWM,2026-09-04,put,185.0,0.03,104.0,0.05,24.0,0.04,,,0.6185,-0.0024,0.0001,-0.0064,0.0065,-0.0006,2026-08-04,297.58,302.38,297.22,301.71,714740.0,300.744723
2026-08-04T20:35:06.670,30,31,IWM260904P00190000,IWM,2026-09-04,put,190.0,0.03,104.0,0.05,25.0,0.04,,,0.5876,-0.0025,0.0001,-0.0063,0.0068,-0.0007,2026-08-04,297.58,302.38,297.22,301.71,714740.0,300.744723
2026-08-04T20:35:06.670,30,31,IWM260904P00195000,IWM,2026-09-04,put,195.0,0.03,104.0,0.06,16.0,0.045,,,0.564,-0.0029,0.0002,-0.007,0.0077,-0.0008,2026-08-04,297.58,302.38,297.22,301.71,714740.0,300.744723
2026-08-04T20:35:06.670,30,31,IWM260904P00200000,IWM,2026-09-04,put,200.0,0.01,27.0,0.06,113.0,0.034999999999999996,0.05,1.0,0.5207,-0.0025,0.0002,-0.0056,0.0067,-0.0007,2026-08-04,297.58,302.38,297.22,301.71,714740.0,300.744723
2026-08-04T20:35:06.670,30,31,IWM260904P00205000,IWM,2026-09-04,put,205.0,0.01,29.0,0.03,32.0,0.02,0.06,4.0,0.4663,-0.0016,0.0001,-0.0034,0.0046,-0.0004,2026-08-04,297.58,302.38,297.22,301.71,714740.0,300.744723
2026-08-04T20:35:06.670,30,31,IWM260904P00210000,IWM,2026-09-04,put,210.0,0.06,108.0,0.08,124.0,0.07,,,0.4999,-0.0048,0.0003,-0.0098,0.0123,-0.0013,2026-08-04,297.58,302.38,297.22,301.71,714740.0,300.744723
2026-08-04T20:35:06.670,30,31,IWM260904P00215000,IWM,2026-09-04,put,215.0,0.07,11.0,0.09,21.0,0.08,,,0.478,-0.0057,0.0004,-0.0108,0.0143,-0.0015,2026-08-04,297.58,302.38,297.22,301.71,714740.0,300.744723
2026-08-04T20:35:06.670,30,31,IWM260904P00220000,IWM,2026-09-04,put,220.0,0.08,114.0,0.1,194.0,0.09,0.07,2.0,0.4554,-0.0066,0.0005,-0.0118,0.0164,-0.0018,2026-08-04,297.58,302.38,297.22,301.71,714740.0,300.744723
2026-08-04T20:35:06.670,30,31,IWM260904P00225000,IWM,2026-09-04,put,225.0,0.06,11.0,0.08,30.0,0.07,0.13,1.0,0.4139,-0.0058,0.0005,-0.0095,0.0145,-0.0015,2026-08-04,297.58,302.38,297.22,301.71,714740.0,300.744723
2026-08-04T20:35:06.670,30,31,IWM260904P00226000,IWM,2026-09-04,put,226.0,0.1,15.0,0.12,24.0,0.11,0.25,1.0,0.4315,-0.0084,0.0006,-0.0137,0.0201,-0.0022,2026-08-04,297.58,302.38,297.22,301.71,714740.0,300.744723
2026-08-04T20:35:06.670,30,31,IWM260904P00227000,IWM,2026-09-04,put,227.0,0.1,102.0,0.12,16.0,0.11,0.37,5.0,0.4257,-0.0085,0.0006,-0.0137,0.0203,-0.0023,2026-08-04,297.58,302.38,297.22,301.71,714740.0,300.744723
2026-08-04T20:35:06.670,30,31,IWM260904P00228000,IWM,2026-09-04,put,228.0,0.11,10.0,0.13,121.0,0.12,0.35,1.0,0.4246,-0.0092,0.0007,-0.0146,0.0218,-0.0025,2026-08-04,297.58,302.38,297.22,301.71,714740.0,300.744723
2026-08-04T20:35:06.670,30,31,IWM260904P00229000,IWM,2026-09-04,put,229.0,0.07,111.0,0.09,115.0,0.08,0.4,10.0,0.3981,-0.0068,0.0005,-0.0105,0.0167,-0.0018,2026-08-04,297.58,302.38,297.22,301.71,714740.0,300.744723
2026-08-04T20:35:06.670,30,31,IWM260904P00230000,IWM,2026-09-04,put,230.0,0.07,108.0,0.14,111.0,0.10500000000000001,0.11,2.0,0.406,-0.0085,0.0006,-0.0131,0.0203,-0.0023,2026-08-04,297.58,302.38,297.22,301.71,714740.0,300.744723
2026-08-04T20:35:06.670,30,31,IWM260904P00231000,IWM,2026-09-04,put,231.0,0.08,20.0,0.1,36.0,0.09,0.43,5.0,0.3926,-0.0076,0.0006,-0.0115,0.0185,-0.002,2026-08-04,297.58,302.38,297.22,301.71,714740.0,300.744723
2026-08-04T20:35:06.670,30,31,IWM260904P00232000,IWM,2026-09-04,put,232.0,0.08,20.0,0.11,38.0,0.095,0.1,1.0,0.3896,-0.0081,0.0006,-0.012,0.0194,-0.0022,2026-08-04,297.58,302.38,297.22,301.71,714740.0,300.744723
2026-08-04T20:35:06.670,30,31,IWM260904P00233000,IWM,2026-09-04,put,233.0,0.13,22.0,0.15,119.0,0.14,0.42,5.0,0.4039,-0.0111,0.0008,-0.0163,0.0256,-0.003,2026-08-04,297.58,302.38,297.22,301.71,714740.0,300.744723
2026-08-04T20:35:06.670,30,31,IWM260904P00234000,IWM,2026-09-04,put,234.0,0.13,109.0,0.16,109.0,0.14500000000000002,0.18,2.0,0.4,-0.0115,0.0009,-0.0168,0.0265,-0.0031,2026-08-04,297.58,302.38,297.22,301.71,714740.0,300.744723
2026-08-04T20:35:06.670,30,31,IWM260904P00235000,IWM,2026-09-04,put,235.0,0.1,13.0,0.12,123.0,0.11,0.13,1.0,0.3799,-0.0094,0.0008,-0.0134,0.0223,-0.0025,2026-08-04,297.58,302.38,297.22,301.71,714740.0,300.744723
2026-08-04T20:35:06.670,30,31,IWM260904P00236000,IWM,2026-09-04,put,236.0,0.1,98.0,0.17,99.0,0.135,0.15,1.0,0.3846,-0.0112,0.0009,-0.0157,0.0259,-0.003,2026-08-04,297.58,302.38,297.22,301.71,714740.0,300.744723
2026-08-04T20:35:06.670,30,31,IWM260904P00237000,IWM,2026-09-04,put,237.0,0.11,11.0,0.13,115.0,0.12,0.2,5.0,0.3729,-0.0104,0.0008,-0.0143,0.0242,-0.0028,2026-08-04,297.58,302.38,297.22,301.71,714740.0,300.744723
2026-08-04T20:35:06.670,30,31,IWM260904P00238000,IWM,2026-09-04,put,238.0,0.16,5.0,0.18,107.0,0.16999999999999998,0.56,8.0,0.3853,-0.0138,0.001,-0.0188,0.0309,-0.0037,2026-08-04,297.58,302.38,297.22,301.71,714740.0,300.744723
2026-08-04T20:35:06.670,30,31,IWM260904P00239000,IWM,2026-09-04,put,239.0,0.16,24.0,0.18,66.0,0.16999999999999998,0.14,1.0,0.3795,-0.014,0.0011,-0.0187,0.0313,-0.0037,2026-08-04,297.58,302.38,297.22,301.71,714740.0,300.744723
2026-08-04T20:35:06.670,30,31,IWM260904P00240000,IWM,2026-09-04,put,240.0,0.17,101.0,0.19,105.0,0.18,0.16,1.0,0.3767,-0.0148,0.0011,-0.0195,0.0329,-0.0039,2026-08-04,297.58,302.38,297.22,301.71,714740.0,300.744723
2026-08-04T20:35:06.670,30,31,IWM260904P00241000,IWM,2026-09-04,put,241.0,0.17,104.0,0.19,10.0,0.18,0.52,5.0,0.3708,-0.015,0.0012,-0.0195,0.0333,-0.004,2026-08-04,297.58,302.38,297.22,301.71,714740.0,300.744723
2026-08-04T20:35:06.670,30,31,IWM260904P00242000,IWM,2026-09-04,put,242.0,0.14,97.0,0.16,110.0,0.15000000000000002,0.16,1.0,0.3556,-0.0133,0.0011,-0.0168,0.03,-0.0035,2026-08-04,297.58,302.38,297.22,301.71,714740.0,300.744723
2026-08-04T20:35:06.670,30,31,IWM260904P00243000,IWM,2026-09-04,put,243.0,0.19,9.0,0.21,42.0,0.2,0.48,1.0,0.3648,-0.0167,0.0013,-0.021,0.0366,-0.0045,2026-08-04,297.58,302.38,297.22,301.71,714740.0,300.744723
2026-08-04T20:35:06.670,30,31,IWM260904P00244000,IWM,2026-09-04,put,244.0,0.19,93.0,0.22,97.0,0.20500000000000002,,,0.3602,-0.0173,0.0014,-0.0213,0.0377,-0.0046,2026-08-04,297.58,302.38,297.22,301.71,714740.0,300.744723
2026-08-04T20:35:06.670,30,31,IWM260904P00245000,IWM,2026-09-04,put,245.0,0.16,100.0,0.22,103.0,0.19,0.19,1.0,0.3503,-0.0166,0.0013,-0.02,0.0364,-0.0044,2026-08-04,297.58,302.38,297.22,301.71,714740.0,300.744723
2026-08-04T20:35:06.670,30,31,IWM260904P00246000,IWM,2026-09-04,put,246.0,0.21,97.0,0.23,15.0,0.22,,,0.3522,-0.0188,0.0015,-0.0224,0.0405,-0.005,2026-08-04,297.58,302.38,297.22,301.71,714740.0,300.744723
2026-08-04T20:35:06.670,30,31,IWM260904P00247000,IWM,2026-09-04,put,247.0,0.18,6.0,0.24,110.0,0.21,0.5,1.0,0.3438,-0.0185,0.0015,-0.0215,0.0398,-0.0049,2026-08-04,297.58,302.38,297.22,301.71,714740.0,300.744723
2026-08-04T20:35:06.670,30,31,IWM260904P00248000,IWM,2026-09-04,put,248.0,0.23,6.0,0.25,117.0,0.24,,,0.3451,-0.0207,0.0016,-0.0238,0.0439,-0.0055,2026-08-04,297.58,302.38,297.22,301.71,714740.0,300.744723
2026-08-04T20:35:06.670,30,31,IWM260904P00249000,IWM,2026-09-04,put,249.0,0.2,19.0,0.22,49.0,0.21000000000000002,0.24,1.0,0.3321,-0.0191,0.0016,-0.0213,0.0409,-0.0051,2026-08-04,297.58,302.38,297.22,301.71,714740.0,300.744723
2026-08-04T20:35:06.670,30,31,IWM260904P00250000,IWM,2026-09-04,put,250.0,0.25,14.0,0.27,156.0,0.26,0.24,1.0,0.3375,-0.0227,0.0018,-0.0251,0.0474,-0.006,2026-08-04,297.58,302.38,297.22,301.71,714740.0,300.744723
2026-08-04T20:35:06.670,30,31,IWM260904P00251000,IWM,2026-09-04,put,251.0,0.25,108.0,0.28,47.0,0.265,0.24,1.0,0.3325,-0.0234,0.0019,-0.0253,0.0486,-0.0062,2026-08-04,297.58,302.38,297.22,301.71,714740.0,300.744723
2026-08-04T20:35:06.670,30,31,IWM260904P00252000,IWM,2026-09-04,put,252.0,0.27,5.0,0.29,37.0,0.28,0.3,1.0,0.3295,-0.0247,0.002,-0.0263,0.051,-0.0066,2026-08-04,297.58,302.38,297.22,301.71,714740.0,300.744723
2026-08-04T20:35:06.670,30,31,IWM260904P00253000,IWM,2026-09-04,put,253.0,0.24,6.0,0.26,115.0,0.25,0.27,1.0,0.3175,-0.0232,0.002,-0.024,0.0482,-0.0062,2026-08-04,297.58,302.38,297.22,301.71,714740.0,300.744723
2026-08-04T20:35:06.670,30,31,IWM260904P00254000,IWM,2026-09-04,put,254.0,0.25,3.0,0.27,21.0,0.26,0.38,6.0,0.3136,-0.0243,0.0021,-0.0246,0.0501,-0.0064,2026-08-04,297.58,302.38,297.22,301.71,714740.0,300.744723
2026-08-04T20:35:06.670,30,31,IWM260904P00255000,IWM,2026-09-04,put,255.0,0.3,85.0,0.32,2.0,0.31,0.27,2.0,0.3169,-0.028,0.0023,-0.0281,0.0566,-0.0075,2026-08-04,297.58,302.38,297.22,301.71,714740.0,300.744723
2026-08-04T20:35:06.670,30,31,IWM260904P00256000,IWM,2026-09-04,put,256.0,0.27,87.0,0.3,44.0,0.28500000000000003,1.06,1.0,0.3064,-0.0269,0.0023,-0.0261,0.0546,-0.0071,2026-08-04,297.58,302.38,297.22,301.71,714740.0,300.744723
2026-08-04T20:35:06.670,30,31,IWM260904P00257000,IWM,2026-09-04,put,257.0,0.29,84.0,0.35,27.0,0.31999999999999995,0.45,103.0,0.3065,-0.0297,0.0025,-0.0284,0.0594,-0.0079,2026-08-04,297.58,302.38,297.22,301.71,714740.0,300.744723
2026-08-04T20:35:06.670,30,31,IWM260904P00258000,IWM,2026-09-04,put,258.0,0.34,89.0,0.37,103.0,0.355,0.48,1.0,0.306,-0.0326,0.0027,-0.0306,0.0641,-0.0087,2026-08-04,297.58,302.38,297.22,301.71,714740.0,300.744723
2026-08-04T20:35:06.670,30,31,IWM260904P00259000,IWM,2026-09-04,put,259.0,0.32,18.0,0.38,10.0,0.35,0.34,1.0,0.2991,-0.0329,0.0028,-0.0301,0.0646,-0.0087,2026-08-04,297.58,302.38,297.22,301.71,714740.0,300.744723
2026-08-04T20:35:06.670,30,31,IWM260904P00260000,IWM,2026-09-04,put,260.0,0.38,11.0,0.4,17.0,0.39,0.38,6.0,0.2989,-0.0361,0.003,-0.0325,0.0698,-0.0096,2026-08-04,297.58,302.38,297.22,301.71,714740.0,300.744723
2026-08-04T20:35:06.670,30,31,IWM260904P00261000,IWM,2026-09-04,put,261.0,0.4,6.0,0.42,36.0,0.41000000000000003,0.38,1.0,0.2954,-0.0381,0.0032,-0.0336,0.0729,-0.0101,2026-08-04,297.58,302.38,297.22,301.71,714740.0,300.744723
2026-08-04T20:35:06.670,30,31,IWM260904P00262000,IWM,2026-09-04,put,262.0,0.38,11.0,0.4,82.0,0.39,0.43,1.0,0.2864,-0.0375,0.0032,-0.0321,0.072,-0.01,2026-08-04,297.58,302.38,297.22,301.71,714740.0,300.744723
2026-08-04T20:35:06.670,30,31,IWM260904P00263000,IWM,2026-09-04,put,263.0,0.44,6.0,0.46,14.0,0.45,0.42,1.0,0.2881,-0.0423,0.0036,-0.0355,0.0793,-0.0112,2026-08-04,297.58,302.38,297.22,301.71,714740.0,300.744723
2026-08-04T20:35:06.670,30,31,IWM260904P00264000,IWM,2026-09-04,put,264.0,0.46,20.0,0.49,144.0,0.475,0.46,1.0,0.2848,-0.0447,0.0038,-0.0367,0.083,-0.0119,2026-08-04,297.58,302.38,297.22,301.71,714740.0,300.744723
2026-08-04T20:35:06.670,30,31,IWM260904P00265000,IWM,2026-09-04,put,265.0,0.49,26.0,0.51,10.0,0.5,0.48,1.0,0.2814,-0.0473,0.004,-0.0379,0.0868,-0.0125,2026-08-04,297.58,302.38,297.22,301.71,714740.0,300.744723
2026-08-04T20:35:06.670,30,31,IWM260904P00266000,IWM,2026-09-04,put,266.0,0.47,17.0,0.54,40.0,0.505,0.5,1.0,0.2755,-0.0486,0.0042,-0.0379,0.0887,-0.0129,2026-08-04,297.58,302.38,297.22,301.71,714740.0,300.744723
2026-08-04T20:35:06.670,30,31,IWM260904P00267000,IWM,2026-09-04,put,267.0,0.5,19.0,0.53,35.0,0.515,0.53,1.0,0.2702,-0.0503,0.0044,-0.0382,0.0912,-0.0133,2026-08-04,297.58,302.38,297.22,301.71,714740.0,300.744723
2026-08-04T20:35:06.670,30,31,IWM260904P00268000,IWM,2026-09-04,put,268.0,0.57,10.0,0.61,119.0,0.59,0.55,1.0,0.2715,-0.0562,0.0047,-0.0419,0.0996,-0.0149,2026-08-04,297.58,302.38,297.22,301.71,714740.0,300.744723
2026-08-04T20:35:06.670,30,31,IWM260904P00269000,IWM,2026-09-04,put,269.0,0.6,23.0,0.64,10.0,0.62,0.59,1.0,0.2679,-0.0594,0.005,-0.0431,0.104,-0.0158,2026-08-04,297.58,302.38,297.22,301.71,714740.0,300.744723
2026-08-04T20:35:06.670,30,31,IWM260904P00270000,IWM,2026-09-04,put,270.0,0.6,52.0,0.64,59.0,0.62,0.63,1.0,0.2612,-0.0607,0.0052,-0.0427,0.1058,-0.0161,2026-08-04,297.58,302.38,297.22,301.71,714740.0,300.744723
2026-08-04T20:35:06.670,30,31,IWM260904P00271000,IWM,2026-09-04,put,271.0,0.68,35.0,0.72,10.0,0.7,0.67,1.0,0.2618,-0.0671,0.0056,-0.0462,0.1144,-0.0178,2026-08-04,297.58,302.38,297.22,301.71,714740.0,300.744723
2026-08-04T20:35:06.670,30,31,IWM260904P00272000,IWM,2026-09-04,put,272.0,0.68,91.0,0.73,61.0,0.7050000000000001,0.71,5.0,0.2555,-0.069,0.0059,-0.046,0.1169,-0.0183,2026-08-04,297.58,302.38,297.22,301.71,714740.0,300.744723
2026-08-04T20:35:06.670,30,31,IWM260904P00273000,IWM,2026-09-04,put,273.0,0.77,62.0,0.82,69.0,0.7949999999999999,0.76,1.0,0.256,-0.0762,0.0064,-0.0497,0.1261,-0.0202,2026-08-04,297.58,302.38,297.22,301.71,714740.0,300.744723
2026-08-04T20:35:06.670,30,31,IWM260904P00274000,IWM,2026-09-04,put,274.0,0.78,36.0,0.83,5.0,0.8049999999999999,0.8,1.0,0.2499,-0.0787,0.0067,-0.0496,0.1292,-0.0209,2026-08-04,297.58,302.38,297.22,301.71,714740.0,300.744723
2026-08-04T20:35:06.670,30,31,IWM260904P00275000,IWM,2026-09-04,put,275.0,0.84,17.0,0.88,10.0,0.86,0.85,1.0,0.2471,-0.084,0.0071,-0.0515,0.1357,-0.0223,2026-08-04,297.58,302.38,297.22,301.71,714740.0,300.744723
2026-08-04T20:35:06.670,30,31,IWM260904P00276000,IWM,2026-09-04,put,276.0,0.9,34.0,0.94,60.0,0.9199999999999999,0.92,1.0,0.2443,-0.0897,0.0075,-0.0534,0.1426,-0.0238,2026-08-04,297.58,302.38,297.22,301.71,714740.0,300.744723
2026-08-04T20:35:06.670,30,31,IWM260904P00277000,IWM,2026-09-04,put,277.0,0.97,17.0,1.05,10.0,1.01,1.0,2.0,0.2432,-0.0973,0.008,-0.0564,0.1514,-0.0258,2026-08-04,297.58,302.38,297.22,301.71,714740.0,300.744723
2026-08-04T20:35:06.670,30,31,IWM260904P00278000,IWM,2026-09-04,put,278.0,1.04,34.0,1.09,49.0,1.065,1.06,1.0,0.2395,-0.103,0.0085,-0.0577,0.1578,-0.0273,2026-08-04,297.58,302.38,297.22,301.71,714740.0,300.744723
2026-08-04T20:35:06.670,30,31,IWM260904P00279000,IWM,2026-09-04,put,279.0,1.16,5.0,1.22,17.0,1.19,1.13,19.0,0.2398,-0.1128,0.0091,-0.0616,0.1684,-0.0299,2026-08-04,297.58,302.38,297.22,301.71,714740.0,300.744723
2026-08-04T20:35:06.670,30,31,IWM260904P00280000,IWM,2026-09-04,put,280.0,1.21,8.0,1.3,41.0,1.255,1.22,1.0,0.236,-0.1194,0.0096,-0.063,0.1754,-0.0317,2026-08-04,297.58,302.38,297.22,301.71,714740.0,300.744723
2026-08-04T20:35:06.670,30,31,IWM260904P00281000,IWM,2026-09-04,put,281.0,1.3,18.0,1.4,42.0,1.35,1.26,9.0,0.2336,-0.1277,0.0102,-0.0653,0.1839,-0.0339,2026-08-04,297.58,302.38,297.22,301.71,714740.0,300.744723
2026-08-04T20:35:06.670,30,31,IWM260904P00282000,IWM,2026-09-04,put,282.0,1.39,91.0,1.46,82.0,1.4249999999999998,1.4,1.0,0.2298,-0.1353,0.0108,-0.0667,0.1914,-0.0359,2026-08-04,297.58,302.38,297.22,301.71,714740.0,300.744723
2026-08-04T20:35:06.670,30,31,IWM260904P00282500,IWM,2026-09-04,put,282.5,1.5,10.0,1.52,30.0,1.51,1.48,5.0,0.2303,-0.1416,0.0111,-0.0689,0.1974,-0.0376,2026-08-04,297.58,302.38,297.22,301.71,714740.0,300.744723
2026-08-04T20:35:06.670,30,31,IWM260904P00283000,IWM,2026-09-04,put,283.0,1.55,10.0,1.61,14.0,1.58,1.51,2.0,0.2298,-0.1471,0.0114,-0.0705,0.2025,-0.0391,2026-08-04,297.58,302.38,297.22,301.71,714740.0,300.744723
2026-08-04T20:35:06.670,30,31,IWM260904P00284000,IWM,2026-09-04,put,284.0,1.66,59.0,1.73,21.0,1.6949999999999998,1.67,2.0,0.2272,-0.157,0.012,-0.0726,0.2115,-0.0417,2026-08-04,297.58,302.38,297.22,301.71,714740.0,300.744723
2026-08-04T20:35:06.670,30,31,IWM260904P00285000,IWM,2026-09-04,put,285.0,1.75,10.0,1.82,49.0,1.7850000000000001,1.76,100.0,0.2232,-0.166,0.0127,-0.0738,0.2194,-0.0441,2026-08-04,297.58,302.38,297.22,301.71,714740.0,300.744723
2026-08-04T20:35:06.670,30,31,IWM260904P00286000,IWM,2026-09-04,put,286.0,1.87,28.0,1.99,2.0,1.9300000000000002,1.9,1.0,0.2212,-0.1779,0.0134,-0.0762,0.2292,-0.0473,2026-08-04,297.58,302.38,297.22,301.71,714740.0,300.744723
2026-08-04T20:35:06.670,30,31,IWM260904P00287000,IWM,2026-09-04,put,287.0,2.08,20.0,2.11,13.0,2.0949999999999998,2.03,2.0,0.2197,-0.1908,0.0141,-0.0789,0.2394,-0.0507,2026-08-04,297.58,302.38,297.22,301.71,714740.0,300.744723
2026-08-04T20:35:06.670,30,31,IWM260904P00287500,IWM,2026-09-04,put,287.5,2.16,10.0,2.25,10.0,2.205,2.1,1.0,0.2199,-0.1984,0.0144,-0.0807,0.2452,-0.0528,2026-08-04,297.58,302.38,297.22,301.71,714740.0,300.744723
2026-08-04T20:35:06.670,30,31,IWM260904P00288000,IWM,2026-09-04,put,288.0,2.2,31.0,2.34,43.0,2.27,2.18,2.0,0.2181,-0.2043,0.0148,-0.0814,0.2495,-0.0543,2026-08-04,297.58,302.38,297.22,301.71,714740.0,300.744723
2026-08-04T20:35:06.670,30,31,IWM260904P00289000,IWM,2026-09-04,put,289.0,2.43,38.0,2.49,38.0,2.46,2.4,1.0,0.2165,-0.2186,0.0155,-0.0838,0.2596,-0.0582,2026-08-04,297.58,302.38,297.22,301.71,714740.0,300.744723
2026-08-04T20:35:06.670,30,31,IWM260904P00290000,IWM,2026-09-04,put,290.0,2.57,44.0,2.71,30.0,2.6399999999999997,2.56,1.0,0.2141,-0.2328,0.0162,-0.0856,0.269,-0.062,2026-08-04,297.58,302.38,297.22,301.71,714740.0,300.744723
2026-08-04T20:35:06.670,30,31,IWM260904P00291000,IWM,2026-09-04,put,291.0,2.74,13.0,2.83,27.0,2.785,2.73,1.0,0.2099,-0.2462,0.0171,-0.0862,0.2774,-0.0655,2026-08-04,297.58,302.38,297.22,301.71,714740.0,300.744723
2026-08-04T20:35:06.670,30,31,IWM260904P00292000,IWM,2026-09-04,put,292.0,3.04,24.0,3.11,1.0,3.075,2.94,110.0,0.2105,-0.2647,0.0177,-0.0895,0.2881,-0.0705,2026-08-04,297.58,302.38,297.22,301.71,714740.0,300.744723
2026-08-04T20:35:06.670,30,31,IWM260904P00292500,IWM,2026-09-04,put,292.5,3.11,5.0,3.2,33.0,3.1550000000000002,3.07,5.0,0.2083,-0.272,0.0181,-0.0896,0.292,-0.0724,2026-08-04,297.58,302.38,297.22,301.71,714740.0,300.744723
2026-08-04T20:35:06.670,30,31,IWM260904P00293000,IWM,2026-09-04,put,293.0,3.27,27.0,3.37,53.0,3.3200000000000003,3.18,3.0,0.2088,-0.2819,0.0184,-0.0913,0.2972,-0.0751,2026-08-04,297.58,302.38,297.22,301.71,714740.0,300.744723
2026-08-04T20:35:06.670,30,31,IWM260904P00294000,IWM,2026-09-04,put,294.0,3.46,1.0,3.57,2.0,3.5149999999999997,3.45,1.0,0.205,-0.2981,0.0192,-0.0916,0.3051,-0.0794,2026-08-04,297.58,302.38,297.22,301.71,714740.0,300.744723
2026-08-04T20:35:06.670,30,31,IWM260904P00295000,IWM,2026-09-04,put,295.0,3.81,1.0,3.89,29.0,3.85,3.72,1.0,0.2052,-0.3182,0.0198,-0.094,0.314,-0.0849,2026-08-04,297.58,302.38,297.22,301.71,714740.0,300.744723
2026-08-04T20:35:06.670,30,31,IWM260904P00296000,IWM,2026-09-04,put,296.0,4.019,26.0,4.13,21.0,4.0745000000000005,4.04,1.0,0.2014,-0.3362,0.0206,-0.0937,0.3211,-0.0897,2026-08-04,297.58,302.38,297.22,301.71,714740.0,300.744723
2026-08-04T20:35:06.670,30,31,IWM260904P00297000,IWM,2026-09-04,put,297.0,4.33,20.0,4.56,33.0,4.445,4.29,2.0,0.2014,-0.3574,0.0211,-0.0955,0.3284,-0.0954,2026-08-04,297.58,302.38,297.22,301.71,714740.0,300.744723
2026-08-04T20:35:06.670,30,31,IWM260904P00297500,IWM,2026-09-04,put,297.5,4.6,20.0,4.68,7.0,4.64,4.85,1.0,0.2015,-0.3682,0.0213,-0.0963,0.3318,-0.0984,2026-08-04,297.58,302.38,297.22,301.71,714740.0,300.744723
2026-08-04T20:35:06.670,30,31,IWM260904P00298000,IWM,2026-09-04,put,298.0,4.67,10.0,4.91,15.0,4.79,4.66,12.0,0.2001,-0.3784,0.0216,-0.0961,0.3347,-0.1011,2026-08-04,297.58,302.38,297.22,301.71,714740.0,300.744723
2026-08-04T20:35:06.670,30,31,IWM260904P00299000,IWM,2026-09-04,put,299.0,5.02,8.0,5.11,3.0,5.0649999999999995,4.9,6.0,0.1961,-0.3989,0.0224,-0.0949,0.3398,-0.1066,2026-08-04,297.58,302.38,297.22,301.71,714740.0,300.744723
2026-08-04T20:35:06.670,30,31,IWM260904P00300000,IWM,2026-09-04,put,300.0,5.59,10.0,5.62,14.0,5.605,5.38,1.0,0.1993,-0.4225,0.0223,-0.0974,0.3444,-0.1131,2026-08-04,297.58,302.38,297.22,301.71,714740.0,300.744723
2026-08-04T20:35:06.670,30,31,IWM260904P00301000,IWM,2026-09-04,put,301.0,5.96,10.0,6.06,4.0,6.01,5.8,9.0,0.1978,-0.4448,0.0227,-0.0969,0.3477,-0.1192,2026-08-04,297.58,302.38,297.22,301.71,714740.0,300.744723
2026-08-04T20:35:06.670,30,31,IWM260904P00302000,IWM,2026-09-04,put,302.0,6.2,15.0,6.53,1.0,6.365,6.34,1.0,0.1943,-0.4674,0.0232,-0.095,0.3499,-0.1253,2026-08-04,297.58,302.38,297.22,301.71,714740.0,300.744723
2026-08-04T20:35:06.670,30,31,IWM260904P00302500,IWM,2026-09-04,put,302.5,6.65,10.0,6.74,3.0,6.695,6.54,13.0,0.1967,-0.479,0.023,-0.0961,0.3506,-0.1285,2026-08-04,297.58,302.38,297.22,301.71,714740.0,300.744723
2026-08-04T20:35:06.670,30,31,IWM260904P00303000,IWM,2026-09-04,put,303.0,6.71,15.0,6.9,10.0,6.805,6.55,3.0,0.1926,-0.4908,0.0235,-0.0936,0.351,-0.1316,2026-08-04,297.58,302.38,297.22,301.71,714740.0,300.744723
2026-08-04T20:35:06.670,30,31,IWM260904P00304000,IWM,2026-09-04,put,304.0,7.27,6.0,7.31,5.0,7.289999999999999,7.14,4.0,0.1915,-0.5144,0.0237,-0.0922,0.3509,-0.1381,2026-08-04,297.58,302.38,297.22,301.71,714740.0,300.744723
2026-08-04T20:35:06.670,30,31,IWM260904P00305000,IWM,2026-09-04,put,305.0,7.71,5.0,7.9,4.0,7.805,8.75,1.0,0.1906,-0.5381,0.0237,-0.0905,0.3495,-0.1446,2026-08-04,297.58,302.38,297.22,301.71,714740.0,300.744723
2026-08-04T20:35:06.670,30,31,IWM260904P00306000,IWM,2026-09-04,put,306.0,8.15,5.0,8.39,47.0,8.27,8.34,1.0,0.1876,-0.5627,0.0239,-0.0871,0.3467,-0.1514,2026-08-04,297.58,302.38,297.22,301.71,714740.0,300.744723
2026-08-04T20:35:06.670,30,31,IWM260904P00307000,IWM,2026-09-04,put,307.0,8.85,22.0,9.15,15.0,9.0,18.05,6.0,0.1916,-0.5839,0.0231,-0.0876,0.3433,-0.1574,2026-08-04,297.58,302.38,297.22,301.71,714740.0,300.744723
2026-08-04T20:35:06.670,30,31,IWM260904P00307500,IWM,2026-09-04,put,307.5,9.2,20.0,9.28,6.0,9.239999999999998,18.7,2.0,0.1897,-0.5964,0.0232,-0.0854,0.3408,-0.1608,2026-08-04,297.58,302.38,297.22,301.71,714740.0,300.744723
2026-08-04T20:35:06.670,30,31,IWM260904P00308000,IWM,2026-09-04,put,308.0,9.34,9.0,9.83,10.0,9.585,18.38,1.0,0.1907,-0.6071,0.0229,-0.0848,0.3384,-0.1638,2026-08-04,297.58,302.38,297.22,301.71,714740.0,300.744723
2026-08-04T20:35:06.670,30,31,IWM260904P00309000,IWM,2026-09-04,put,309.0,10.12,12.0,10.48,6.0,10.3,19.59,2.0,0.193,-0.6275,0.0223,-0.0837,0.333,-0.1697,2026-08-04,297.58,302.38,297.22,301.71,714740.0,300.744723
2026-08-04T20:35:06.670,30,31,IWM260904P00310000,IWM,2026-09-04,put,310.0,10.89,58.0,11.12,8.0,11.004999999999999,20.5,1.0,0.1945,-0.6478,0.0217,-0.0819,0.3267,-0.1755,2026-08-04,297.58,302.38,297.22,301.71,714740.0,300.744723
2026-08-04T20:35:06.670,30,31,IWM260904P00311000,IWM,2026-09-04,put,311.0,11.47,1.0,11.88,11.0,11.675,18.8,1.0,0.1943,-0.6689,0.0212,-0.0787,0.3191,-0.1815,2026-08-04,297.58,302.38,297.22,301.71,714740.0,300.744723
2026-08-04T20:35:06.670,30,31,IWM260904P00312000,IWM,2026-09-04,put,312.0,11.95,11.0,12.35,1.0,12.149999999999999,19.7,1.0,0.1871,-0.6966,0.0212,-0.0706,0.3076,-0.189,2026-08-04,297.58,302.38,297.22,301.71,714740.0,300.744723
2026-08-04T20:35:06.670,30,31,IWM260904P00313000,IWM,2026-09-04,put,313.0,12.85,4.0,13.05,2.0,12.95,21.02,1.0,0.1897,-0.7139,0.0204,-0.0688,0.2993,-0.1941,2026-08-04,297.58,302.38,297.22,301.71,714740.0,300.744723
2026-08-04T20:35:06.670,30,31,IWM260904P00314000,IWM,2026-09-04,put,314.0,13.53,10.0,14.07,15.0,13.8,21.42,1.0,0.1935,-0.7288,0.0195,-0.0677,0.2917,-0.1986,2026-08-04,297.58,302.38,297.22,301.71,714740.0,300.744723
2026-08-04T20:35:06.670,30,31,IWM260904P00315000,IWM,2026-09-04,put,315.0,14.46,15.0,14.68,15.0,14.57,22.74,1.0,0.1941,-0.7464,0.0187,-0.0642,0.2818,-0.2038,2026-08-04,297.58,302.38,297.22,301.71,714740.0,300.744723
2026-08-04T20:35:06.670,30,31,IWM260904P00316000,IWM,2026-09-04,put,316.0,15.44,14.0,15.58,3.0,15.51,23.36,1.0,0.2003,-0.7566,0.0178,-0.0647,0.2757,-0.2072,2026-08-04,297.58,302.38,297.22,301.71,714740.0,300.744723
2026-08-04T20:35:06.670,30,31,IWM260904P00317000,IWM,2026-09-04,put,317.0,16.09,15.0,16.46,3.0,16.275,24.31,1.0,0.1997,-0.7739,0.0171,-0.0603,0.2647,-0.2123,2026-08-04,297.58,302.38,297.22,301.71,714740.0,300.744723
2026-08-04T20:35:06.670,30,31,IWM260904P00318000,IWM,2026-09-04,put,318.0,16.85,9.0,17.54,5.0,17.195,24.74,1.0,0.2046,-0.7839,0.0163,-0.0597,0.2579,-0.2157,2026-08-04,297.58,302.38,297.22,301.71,714740.0,300.744723
2026-08-04T20:35:06.670,30,31,IWM260904P00319000,IWM,2026-09-04,put,319.0,18.02,10.0,18.32,2.0,18.17,,,0.2113,-0.7908,0.0155,-0.0606,0.2531,-0.2183,2026-08-04,297.58,302.38,297.22,301.71,714740.0,300.744723
2026-08-04T20:35:06.670,30,31,IWM260904P00320000,IWM,2026-09-04,put,320.0,18.44,2.0,18.82,2.0,18.630000000000003,,,0.1963,-0.8239,0.015,-0.0454,0.2278,-0.2271,2026-08-04,297.58,302.38,297.22,301.71,714740.0,300.744723
2026-08-04T20:35:06.670,30,31,IWM260904P00321000,IWM,2026-09-04,put,321.0,19.44,8.0,20.0,2.0,19.72,,,0.2075,-0.8235,0.0142,-0.0495,0.2281,-0.2279,2026-08-04,297.58,302.38,297.22,301.71,714740.0,300.744723
2026-08-04T20:35:06.670,30,31,IWM260904P00322000,IWM,2026-09-04,put,322.0,20.67,8.0,21.09,2.0,20.880000000000003,,,0.2217,-0.8195,0.0135,-0.0559,0.2313,-0.2279,2026-08-04,297.58,302.38,297.22,301.71,714740.0,300.744723
2026-08-04T20:35:06.670,30,31,IWM260904P00323000,IWM,2026-09-04,put,323.0,21.04,8.0,21.87,2.0,21.455,30.97,1.0,0.2094,-0.8465,0.0128,-0.0427,0.2083,-0.2353,2026-08-04,297.58,302.38,297.22,301.71,714740.0,300.744723
2026-08-04T20:35:06.670,30,31,IWM260904P00324000,IWM,2026-09-04,put,324.0,22.39,2.0,22.75,2.0,22.57,,,0.2217,-0.8436,0.0123,-0.0477,0.211,-0.2355,2026-08-04,297.58,302.38,297.22,301.71,714740.0,300.744723
2026-08-04T20:35:06.670,30,31,IWM260904P00325000,IWM,2026-09-04,put,325.0,21.61,1.0,24.88,1.0,23.244999999999997,,,0.2122,-0.8659,0.0116,-0.0366,0.1902,-0.2418,2026-08-04,297.58,302.38,297.22,301.71,714740.0,300.744723
2026-08-04T20:35:06.670,30,31,IWM260904P00326000,IWM,2026-09-04,put,326.0,23.82,2.0,24.45,2.0,24.134999999999998,,,0.2127,-0.8758,0.011,-0.0331,0.1804,-0.2451,2026-08-04,297.58,302.38,297.22,301.71,714740.0,300.744723
2026-08-04T20:35:06.670,30,31,IWM260904P00327000,IWM,2026-09-04,put,327.0,24.88,2.0,25.77,2.0,25.325,,,0.2293,-0.8668,0.0107,-0.0414,0.1893,-0.2438,2026-08-04,297.58,302.38,297.22,301.71,714740.0,300.744723
2026-08-04T20:35:06.670,30,31,IWM260904P00328000,IWM,2026-09-04,put,328.0,26.62,2.0,27.17,2.0,26.895000000000003,,,0.2641,-0.8401,0.0105,-0.0631,0.214,-0.2383,2026-08-04,297.58,302.38,297.22,301.71,714740.0,300.744723
2026-08-04T20:35:06.670,30,31,IWM260904P00329000,IWM,2026-09-04,put,329.0,26.68,2.0,27.38,2.0,27.03,,,0.2253,-0.8898,0.0095,-0.0307,0.1657,-0.2512,2026-08-04,297.58,302.38,297.22,301.71,714740.0,300.744723
2026-08-04T20:35:06.670,30,31,IWM260904P00330000,IWM,2026-09-04,put,330.0,27.89,2.0,28.45,2.0,28.17,,,0.2397,-0.8832,0.0093,-0.0373,0.1727,-0.2504,2026-08-04,297.58,302.38,297.22,301.71,714740.0,300.744723
2026-08-04T20:35:06.670,30,31,IWM260904P00331000,IWM,2026-09-04,put,331.0,29.33,2.0,29.52,2.0,29.424999999999997,,,0.2601,-0.8711,0.0092,-0.0484,0.1851,-0.2484,2026-08-04,297.58,302.38,297.22,301.71,714740.0,300.744723
2026-08-04T20:35:06.670,30,31,IWM260904P00332000,IWM,2026-09-04,put,332.0,30.43,2.0,30.97,2.0,30.7,,,0.2809,-0.8597,0.009,-0.0599,0.1962,-0.2466,2026-08-04,297.58,302.38,297.22,301.71,714740.0,300.744723
2026-08-04T20:35:06.670,30,31,IWM260904P00333000,IWM,2026-09-04,put,333.0,31.71,2.0,32.25,2.0,31.98,,,0.3013,-0.8495,0.0088,-0.0711,0.2056,-0.245,2026-08-04,297.58,302.38,297.22,301.71,714740.0,300.744723
2026-08-04T20:35:06.670,30,31,IWM260904P00334000,IWM,2026-09-04,put,334.0,32.64,2.0,32.89,2.0,32.765,,,0.297,-0.8611,0.0085,-0.0641,0.1948,-0.2487,2026-08-04,297.58,302.38,297.22,301.71,714740.0,300.744723
2026-08-04T20:35:06.670,30,31,IWM260904P00335000,IWM,2026-09-04,put,335.0,32.91,2.0,33.58,2.0,33.245,,,0.2744,-0.8886,0.0079,-0.0438,0.167,-0.2561,2026-08-04,297.58,302.38,297.22,301.71,714740.0,300.744723
2026-08-04T20:35:06.670,30,31,IWM260904P00336000,IWM,2026-09-04,put,336.0,33.99,2.0,34.35,2.0,34.17,,,0.2758,-0.8943,0.0075,-0.0412,0.1608,-0.2584,2026-08-04,297.58,302.38,297.22,301.71,714740.0,300.744723
2026-08-04T20:35:06.670,30,31,IWM260904P00337000,IWM,2026-09-04,put,337.0,35.51,2.0,36.02,2.0,35.765,,,0.3157,-0.8671,0.0077,-0.0665,0.189,-0.2528,2026-08-04,297.58,302.38,297.22,301.71,714740.0,300.744723
2026-08-04T20:35:06.670,30,31,IWM260904P00338000,IWM,2026-09-04,put,338.0,35.85,6.0,36.99,2.0,36.42,,,0.3026,-0.8846,0.0073,-0.0533,0.1712,-0.2578,2026-08-04,297.58,302.38,297.22,301.71,714740.0,300.744723
2026-08-04T20:35:06.670,30,31,IWM260904P00339000,IWM,2026-09-04,put,339.0,37.2,2.0,37.29,2.0,37.245000000000005,,,0.298,-0.8948,0.0069,-0.0463,0.1602,-0.2611,2026-08-04,297.58,302.38,297.22,301.71,714740.0,300.744723
2026-08-04T20:35:06.670,30,31,IWM260904P00340000,IWM,2026-09-04,put,340.0,37.91,2.0,38.89,2.0,38.4,,,0.3133,-0.8886,0.0069,-0.0537,0.1669,-0.2605,2026-08-04,297.58,302.38,297.22,301.71,714740.0,300.744723
2026-08-04T20:35:06.670,30,31,IWM260904P00341000,IWM,2026-09-04,put,341.0,39.33,6.0,40.22,2.0,39.775,,,0.3406,-0.8735,0.0069,-0.07,0.1826,-0.2578,2026-08-04,297.58,302.38,297.22,301.71,714740.0,300.744723
2026-08-04T20:35:06.670,30,31,IWM260904P00342000,IWM,2026-09-04,put,342.0,39.66,2.0,40.88,2.0,40.269999999999996,,,0.3168,-0.8976,0.0064,-0.0492,0.1571,-0.2644,2026-08-04,297.58,302.38,297.22,301.71,714740.0,300.744723
2026-08-04T20:35:06.670,30,31,IWM260904P00343000,IWM,2026-09-04,put,343.0,40.64,4.0,41.42,2.0,41.03,,,0.3064,-0.911,0.006,-0.0384,0.1417,-0.2685,2026-08-04,297.58,302.38,297.22,301.71,714740.0,300.744723
2026-08-04T20:35:06.670,30,31,IWM260904P00344000,IWM,2026-09-04,put,344.0,42.23,6.0,43.0,2.0,42.614999999999995,,,0.3493,-0.8846,0.0063,-0.0655,0.1712,-0.2631,2026-08-04,297.58,302.38,297.22,301.71,714740.0,300.744723
2026-08-04T20:35:06.670,30,31,IWM260904P00345000,IWM,2026-09-04,put,345.0,42.89,2.0,44.38,2.0,43.635000000000005,,,0.3563,-0.8851,0.0062,-0.0671,0.1707,-0.2641,2026-08-04,297.58,302.38,297.22,301.71,714740.0,300.744723
2026-08-04T20:35:06.670,30,31,IWM260904P00346000,IWM,2026-09-04,put,346.0,44.95,2.0,45.47,2.0,45.21,,,0.3939,-0.8646,0.0063,-0.0911,0.1915,-0.2601,2026-08-04,297.58,302.38,297.22,301.71,714740.0,300.744723
2026-08-04T20:35:06.670,30,31,IWM260904P00347000,IWM,2026-09-04,put,347.0,45.87,2.0,46.39,6.0,46.129999999999995,,,0.3956,-0.8688,0.0061,-0.0887,0.1874,-0.262,2026-08-04,297.58,302.38,297.22,301.71,714740.0,300.744723
2026-08-04T20:35:06.670,30,31,IWM260904P00348000,IWM,2026-09-04,put,348.0,45.64,2.0,45.79,2.0,45.715,,,0.3084,-0.933,0.0048,-0.0241,0.1142,-0.2781,2026-08-04,297.58,302.38,297.22,301.71,714740.0,300.744723
2026-08-04T20:35:06.670,30,31,IWM260904P00349000,IWM,2026-09-04,put,349.0,47.66,2.0,48.19,2.0,47.925,,,0.3961,-0.8788,0.0058,-0.0819,0.1773,-0.2661,2026-08-04,297.58,302.38,297.22,301.71,714740.0,300.744723
2026-08-04T20:35:06.670,30,31,IWM260904P00350000,IWM,2026-09-04,put,350.0,48.0,2.0,48.52,2.0,48.260000000000005,,,0.3607,-0.9069,0.0052,-0.0531,0.1465,-0.2736,2026-08-04,297.58,302.38,297.22,301.71,714740.0,300.744723
2026-08-04T20:35:06.670,30,31,IWM260904P00351000,IWM,2026-09-04,put,351.0,49.2,2.0,49.68,2.0,49.44,,,0.3781,-0.9001,0.0053,-0.0621,0.1544,-0.2728,2026-08-04,297.58,302.38,297.22,301.71,714740.0,300.744723
2026-08-04T20:35:06.670,30,31,IWM260904P00352000,IWM,2026-09-04,put,352.0,49.21,2.0,51.34,2.0,50.275000000000006,,,0.3725,-0.9081,0.005,-0.0548,0.1452,-0.2756,2026-08-04,297.58,302.38,297.22,301.71,714740.0,300.744723
2026-08-04T20:35:06.670,30,31,IWM260904P00353000,IWM,2026-09-04,put,353.0,50.28,2.0,52.6,6.0,51.44,59.75,1.0,0.389,-0.902,0.0051,-0.0632,0.1522,-0.275,2026-08-04,297.58,302.38,297.22,301.71,714740.0,300.744723
2026-08-04T20:35:06.670,30,31,IWM260904P00354000,IWM,2026-09-04,put,354.0,52.04,2.0,52.64,2.0,52.34,,,0.3877,-0.907,0.0049,-0.059,0.1464,-0.2771,2026-08-04,297.58,302.38,297.22,301.71,714740.0,300.744723
2026-08-04T20:35:06.670,30,31,IWM260904P00355000,IWM,2026-09-04,put,355.0,53.21,2.0,53.74,2.0,53.475,,,0.4022,-0.9024,0.0049,-0.0659,0.1518,-0.2769,2026-08-04,297.58,302.38,297.22,301.71,714740.0,300.744723
2026-08-04T20:35:06.670,30,31,IWM260904P00356000,IWM,2026-09-04,put,356.0,54.62,2.0,54.7,6.0,54.66,,,0.4195,-0.8961,0.0049,-0.0749,0.1588,-0.2763,2026-08-04,297.58,302.38,297.22,301.71,714740.0,300.744723
2026-08-04T20:35:06.670,30,31,IWM260904P00357000,IWM,2026-09-04,put,357.0,55.84,2.0,56.32,2.0,56.08,,,0.4502,-0.8823,0.005,-0.0939,0.1737,-0.2739,2026-08-04,297.58,302.38,297.22,301.71,714740.0,300.744723
2026-08-04T20:35:06.670,30,31,IWM260904P00358000,IWM,2026-09-04,put,358.0,55.33,2.0,56.97,2.0,56.15,64.209,1.0,0.3951,-0.9182,0.0043,-0.0515,0.133,-0.2832,2026-08-04,297.58,302.38,297.22,301.71,714740.0,300.744723
2026-08-04T20:35:06.670,30,31,IWM260904P00359000,IWM,2026-09-04,put,359.0,57.96,2.0,58.24,2.0,58.1,,,0.4624,-0.8836,0.0048,-0.0961,0.1723,-0.276,2026-08-04,297.58,302.38,297.22,301.71,714740.0,300.744723
2026-08-04T20:35:06.670,30,31,IWM260904P00360000,IWM,2026-09-04,put,360.0,57.45,2.0,59.67,2.0,58.56,,,0.4344,-0.9033,0.0045,-0.0726,0.1508,-0.2814,2026-08-04,297.58,302.38,297.22,301.71,714740.0,300.744723
2026-08-04T20:35:06.670,30,31,IWM260904P00361000,IWM,2026-09-04,put,361.0,59.67,2.0,60.73,2.0,60.2,,,0.4792,-0.8822,0.0047,-0.1017,0.1737,-0.2774,2026-08-04,297.58,302.38,297.22,301.71,714740.0,300.744723
2026-08-04T20:35:06.670,30,31,IWM260904P00362000,IWM,2026-09-04,put,362.0,59.84,2.0,61.71,2.0,60.775000000000006,,,0.459,-0.8971,0.0044,-0.0836,0.1577,-0.2817,2026-08-04,297.58,302.38,297.22,301.71,714740.0,300.744723
2026-08-04T20:35:06.670,30,31,IWM260904P00363000,IWM,2026-09-04,put,363.0,59.95,2.0,62.08,2.0,61.015,,,0.4099,-0.9272,0.0038,-0.0465,0.1218,-0.2896,2026-08-04,297.58,302.38,297.22,301.71,714740.0,300.744723
2026-08-04T20:35:06.670,30,31,IWM260904P00364000,IWM,2026-09-04,put,364.0,61.52,2.0,62.19,2.0,61.855000000000004,,,0.4011,-0.9349,0.0036,-0.0379,0.1117,-0.2923,2026-08-04,297.58,302.38,297.22,301.71,714740.0,300.744723
2026-08-04T20:35:06.670,30,31,IWM260904P00365000,IWM,2026-09-04,put,365.0,62.44,2.0,64.18,6.0,63.31,,,0.4428,-0.9162,0.0039,-0.0628,0.1354,-0.2888,2026-08-04,297.58,302.38,297.22,301.71,714740.0,300.744723
2026-08-04T20:35:06.670,30,31,IWM260904P00366000,IWM,2026-09-04,put,366.0,63.62,2.0,63.67,2.0,63.644999999999996,,,0.3905,-0.9458,0.0032,-0.0261,0.0968,-0.2966,2026-08-04,297.58,302.38,297.22,301.71,714740.0,300.744723
2026-08-04T20:35:06.670,30,31,IWM260904P00367000,IWM,2026-09-04,put,367.0,64.65,2.0,66.11,2.0,65.38,,,0.458,-0.9148,0.0039,-0.0672,0.1372,-0.2902,2026-08-04,297.58,302.38,297.22,301.71,714740.0,300.744723
2026-08-04T20:35:06.670,30,31,IWM260904P00368000,IWM,2026-09-04,put,368.0,64.8,2.0,67.58,2.0,66.19,,,0.4487,-0.9226,0.0037,-0.0579,0.1275,-0.2929,2026-08-04,297.58,302.38,297.22,301.71,714740.0,300.744723
2026-08-04T20:35:06.670,30,31,IWM260904P00369000,IWM,2026-09-04,put,369.0,66.9,2.0,67.25,2.0,67.075,,,0.4443,-0.9277,0.0035,-0.0521,0.1211,-0.2949,2026-08-04,297.58,302.38,297.22,301.71,714740.0,300.744723
2026-08-04T20:35:06.670,30,31,IWM260904P00370000,IWM,2026-09-04,put,370.0,66.99,2.0,68.96,2.0,67.975,,,0.4407,-0.9323,0.0034,-0.0469,0.1151,-0.2969,2026-08-04,297.58,302.38,297.22,301.71,714740.0,300.744723
2026-08-04T20:35:06.670,30,31,IWM260904P00371000,IWM,2026-09-04,put,371.0,69.89,2.0,70.89,2.0,70.39,,,0.544,-0.8849,0.0041,-0.1163,0.171,-0.2867,2026-08-04,297.58,302.38,297.22,301.71,714740.0,300.744723
2026-08-04T20:35:06.670,30,31,IWM260904P00372000,IWM,2026-09-04,put,372.0,69.25,2.0,71.47,2.0,70.36,,,0.4815,-0.9183,0.0036,-0.0685,0.1329,-0.2953,2026-08-04,297.58,302.38,297.22,301.71,714740.0,300.744723
2026-08-04T20:35:06.670,30,31,IWM260904P00373000,IWM,2026-09-04,put,373.0,70.88,2.0,72.96,2.0,71.91999999999999,,,0.5254,-0.9002,0.0038,-0.0964,0.1542,-0.292,2026-08-04,297.58,302.38,297.22,301.71,714740.0,300.744723
2026-08-04T20:35:06.670,30,31,IWM260904P00374000,IWM,2026-09-04,put,374.0,71.03,2.0,73.58,2.0,72.305,,,0.487,-0.9213,0.0034,-0.0665,0.1292,-0.2977,2026-08-04,297.58,302.38,297.22,301.71,714740.0,300.744723
2026-08-04T20:35:06.670,30,31,IWM260904P00375000,IWM,2026-09-04,put,375.0,73.7,2.0,74.06,2.0,73.88,,,0.5329,-0.9027,0.0037,-0.0956,0.1514,-0.2943,2026-08-04,297.58,302.38,297.22,301.71,714740.0,300.744723
2026-08-04T20:35:06.670,30,31,IWM260904P00376000,IWM,2026-09-04,put,376.0,75.29,2.0,75.71,2.0,75.5,,,0.5765,-0.8854,0.0038,-0.1242,0.1704,-0.2912,2026-08-04,297.58,302.38,297.22,301.71,714740.0,300.744723
2026-08-04T20:35:06.670,30,31,IWM260904P00377000,IWM,2026-09-04,put,377.0,76.33,2.0,76.81,2.0,76.57,,,0.5858,-0.8842,0.0038,-0.1279,0.1717,-0.2918,2026-08-04,297.58,302.38,297.22,301.71,714740.0,300.744723
2026-08-04T20:35:06.670,30,31,IWM260904P00378000,IWM,2026-09-04,put,378.0,76.86,2.0,77.39,2.0,77.125,,,0.5638,-0.8971,0.0036,-0.1086,0.1576,-0.2956,2026-08-04,297.58,302.38,297.22,301.71,714740.0,300.744723
2026-08-04T20:35:06.670,30,31,IWM260904P00379000,IWM,2026-09-04,put,379.0,77.2,2.0,77.74,2.0,77.47,,,0.5238,-0.918,0.0033,-0.0772,0.1333,-0.3012,2026-08-04,297.58,302.38,297.22,301.71,714740.0,300.744723
2026-08-04T20:35:06.670,30,31,IWM260904P00380000,IWM,2026-09-04,put,380.0,77.96,2.0,78.48,2.0,78.22,,,0.509,-0.9271,0.0031,-0.0643,0.1219,-0.3042,2026-08-04,297.58,302.38,297.22,301.71,714740.0,300.744723
2026-08-04T20:35:06.670,30,31,IWM260904P00381000,IWM,2026-09-04,put,381.0,79.78,2.0,80.69,2.0,80.235,,,0.5858,-0.8958,0.0035,-0.1153,0.1591,-0.2979,2026-08-04,297.58,302.38,297.22,301.71,714740.0,300.744723
2026-08-04T20:35:06.670,30,31,IWM260904P00382000,IWM,2026-09-04,put,382.0,81.31,2.0,81.82,2.0,81.565,,,0.611,-0.8876,0.0036,-0.1307,0.1681,-0.2969,2026-08-04,297.58,302.38,297.22,301.71,714740.0,300.744723
2026-08-04T20:35:06.670,30,31,IWM260904P00383000,IWM,2026-09-04,put,383.0,80.47,2.0,82.05,2.0,81.25999999999999,,,0.5263,-0.9268,0.003,-0.0677,0.1222,-0.3067,2026-08-04,297.58,302.38,297.22,301.71,714740.0,300.744723
2026-08-04T20:35:06.670,30,31,IWM260904P00384000,IWM,2026-09-04,put,384.0,83.55,2.0,84.08,2.0,83.815,,,0.6357,-0.8825,0.0035,-0.1429,0.1734,-0.2975,2026-08-04,297.58,302.38,297.22,301.71,714740.0,300.744723
2026-08-04T20:35:06.670,30,31,IWM260904P00385000,IWM,2026-09-04,put,385.0,83.26,2.0,83.31,2.0,83.285,,,0.5376,-0.9268,0.0029,-0.0698,0.1223,-0.3084,2026-08-04,297.58,302.38,297.22,301.71,714740.0,300.744723
2026-08-04T20:35:06.670,30,31,IWM260904P00386000,IWM,2026-09-04,put,386.0,84.55,2.0,85.08,2.0,84.815,,,0.5824,-0.9104,0.0032,-0.0979,0.1424,-0.3055,2026-08-04,297.58,302.38,297.22,301.71,714740.0,300.744723
2026-08-04T20:35:06.670,30,31,IWM260904P00387000,IWM,2026-09-04,put,387.0,84.81,2.0,85.03,2.0,84.92,,,0.5145,-0.9405,0.0026,-0.0496,0.1042,-0.3133,2026-08-04,297.58,302.38,297.22,301.71,714740.0,300.744723
2026-08-04T20:35:06.670,30,31,IWM260904P00388000,IWM,2026-09-04,put,388.0,86.25,2.0,87.11,2.0,86.68,,,0.5822,-0.9153,0.003,-0.092,0.1366,-0.3084,2026-08-04,297.58,302.38,297.22,301.71,714740.0,300.744723
2026-08-04T20:35:06.670,30,31,IWM260904P00389000,IWM,2026-09-04,put,389.0,87.2,2.0,88.59,6.0,87.89500000000001,,,0.6022,-0.9095,0.0031,-0.1032,0.1436,-0.3079,2026-08-04,297.58,302.38,297.22,301.71,714740.0,300.744723
2026-08-04T20:35:06.670,30,31,IWM260904P00390000,IWM,2026-09-04,put,390.0,88.23,2.0,88.75,2.0,88.49000000000001,,,0.5771,-0.9219,0.0029,-0.0829,0.1284,-0.3116,2026-08-04,297.58,302.38,297.22,301.71,714740.0,300.744723
2026-08-04T20:35:06.670,30,31,IWM260904P00391000,IWM,2026-09-04,put,391.0,88.96,2.0,90.68,2.0,89.82,,,0.6064,-0.9125,0.003,-0.1004,0.14,-0.3103,2026-08-04,297.58,302.38,297.22,301.71,714740.0,300.744723
2026-08-04T20:35:06.670,30,31,IWM260904P00392000,IWM,2026-09-04,put,392.0,90.55,2.0,91.07,2.0,90.81,,,0.6103,-0.9132,0.0029,-0.1004,0.1391,-0.3113,2026-08-04,297.58,302.38,297.22,301.71,714740.0,300.744723
2026-08-04T20:35:06.670,30,31,IWM260904P00393000,IWM,2026-09-04,put,393.0,89.41,2.0,91.03,2.0,90.22,,,0.453,-0.9717,0.0016,-0.0034,0.0571,-0.3258,2026-08-04,297.58,302.38,297.22,301.71,714740.0,300.744723
2026-08-04T20:35:06.670,30,31,IWM260904P00394000,IWM,2026-09-04,put,394.0,90.87,2.0,93.68,2.0,92.275,,,0.5779,-0.9301,0.0026,-0.0727,0.118,-0.3169,2026-08-04,297.58,302.38,297.22,301.71,714740.0,300.744723
2026-08-04T20:35:06.670,30,31,IWM260904P00395000,IWM,2026-09-04,put,395.0,94.4,2.0,94.93,6.0,94.665,,,0.681,-0.8922,0.0031,-0.1428,0.1631,-0.3092,2026-08-04,297.58,302.38,297.22,301.71,714740.0,300.744723
2026-08-04T20:35:06.670,30,31,IWM260904P00396000,IWM,2026-09-04,put,396.0,94.94,2.0,95.46,2.0,95.19999999999999,,,0.656,-0.9042,0.0029,-0.1215,0.1496,-0.3128,2026-08-04,297.58,302.38,297.22,301.71,714740.0,300.744723
2026-08-04T20:35:06.670,30,31,IWM260904P00397000,IWM,2026-09-04,put,397.0,96.34,2.0,96.88,2.0,96.61,,,0.6871,-0.8945,0.003,-0.1414,0.1606,-0.3115,2026-08-04,297.58,302.38,297.22,301.71,714740.0,300.744723
2026-08-04T20:35:06.670,30,31,IWM260904P00398000,IWM,2026-09-04,put,398.0,97.46,2.0,98.44,2.0,97.94999999999999,,,0.7126,-0.887,0.0031,-0.1573,0.1687,-0.3107,2026-08-04,297.58,302.38,297.22,301.71,714740.0,300.744723
2026-08-04T20:35:06.670,30,31,IWM260904P00399000,IWM,2026-09-04,put,399.0,95.26,2.0,95.78,2.0,95.52000000000001,,,,,,,,,2026-08-04,297.58,302.38,297.22,301.71,714740.0,300.744723
2026-08-04T20:35:06.670,30,31,IWM260904P00400000,IWM,2026-09-04,put,400.0,98.0,2.0,98.04,2.0,98.02000000000001,,,0.5813,-0.9402,0.0023,-0.0599,0.1046,-0.3244,2026-08-04,297.58,302.38,297.22,301.71,714740.0,300.744723
2026-08-04T20:35:06.670,45,45,IWM260918C00090000,IWM,2026-09-18,call,90.0,210.7,10.0,213.71,2.0,212.20499999999998,208.17,1.0,,,,,,,2026-08-04,297.58,302.38,297.22,301.71,714740.0,300.744723
2026-08-04T20:35:06.670,45,45,IWM260918C00095000,IWM,2026-09-18,call,95.0,203.05,2.0,210.12,2.0,206.585,203.22,1.0,,,,,,,2026-08-04,297.58,302.38,297.22,301.71,714740.0,300.744723
2026-08-04T20:35:06.670,45,45,IWM260918C00100000,IWM,2026-09-18,call,100.0,201.71,10.0,208.23,1.0,204.97,196.93,1.0,,,,,,,2026-08-04,297.58,302.38,297.22,301.71,714740.0,300.744723
2026-08-04T20:35:06.670,45,45,IWM260918C00105000,IWM,2026-09-18,call,105.0,196.09,1.0,196.42,1.0,196.255,193.32,1.0,,,,,,,2026-08-04,297.58,302.38,297.22,301.71,714740.0,300.744723
2026-08-04T20:35:06.670,45,45,IWM260918C00110000,IWM,2026-09-18,call,110.0,192.95,1.0,196.86,1.0,194.905,190.29,1.0,,,,,,,2026-08-04,297.58,302.38,297.22,301.71,714740.0,300.744723
2026-08-04T20:35:06.670,45,45,IWM260918C00115000,IWM,2026-09-18,call,115.0,182.96,1.0,189.93,1.0,186.445,176.2,1.0,,,,,,,2026-08-04,297.58,302.38,297.22,301.71,714740.0,300.744723
2026-08-04T20:35:06.670,45,45,IWM260918C00120000,IWM,2026-09-18,call,120.0,178.52,1.0,182.42,1.0,180.47,176.09,1.0,,,,,,,2026-08-04,297.58,302.38,297.22,301.71,714740.0,300.744723
2026-08-04T20:35:06.670,45,45,IWM260918C00125000,IWM,2026-09-18,call,125.0,178.31,1.0,179.96,1.0,179.135,173.39,1.0,,,,,,,2026-08-04,297.58,302.38,297.22,301.71,714740.0,300.744723
2026-08-04T20:35:06.670,45,45,IWM260918C00130000,IWM,2026-09-18,call,130.0,173.15,1.0,174.72,1.0,173.935,162.9,1.0,,,,,,,2026-08-04,297.58,302.38,297.22,301.71,714740.0,300.744723
2026-08-04T20:35:06.670,45,45,IWM260918C00135000,IWM,2026-09-18,call,135.0,165.13,1.0,170.0,2.0,167.565,134.51,1.0,,,,,,,2026-08-04,297.58,302.38,297.22,301.71,714740.0,300.744723
2026-08-04T20:35:06.670,45,45,IWM260918C00140000,IWM,2026-09-18,call,140.0,158.4,10.0,161.73,1.0,160.065,123.89,1.0,,,,,,,2026-08-04,297.58,302.38,297.22,301.71,714740.0,300.744723
2026-08-04T20:35:06.670,45,45,IWM260918C00145000,IWM,2026-09-18,call,145.0,158.07,1.0,162.5,20.0,160.285,106.33,1.0,,,,,,,2026-08-04,297.58,302.38,297.22,301.71,714740.0,300.744723
2026-08-04T20:35:06.670,45,45,IWM260918C00150000,IWM,2026-09-18,call,150.0,147.45,1.0,151.91,20.0,149.68,145.5,1.0,,,,,,,2026-08-04,297.58,302.38,297.22,301.71,714740.0,300.744723
2026-08-04T20:35:06.670,45,45,IWM260918C00155000,IWM,2026-09-18,call,155.0,147.14,1.0,151.61,20.0,149.375,76.85,1.0,,,,,,,2026-08-04,297.58,302.38,297.22,301.71,714740.0,300.744723
2026-08-04T20:35:06.670,45,45,IWM260918C00160000,IWM,2026-09-18,call,160.0,138.06,10.0,142.56,30.0,140.31,137.24,1.0,,,,,,,2026-08-04,297.58,302.38,297.22,301.71,714740.0,300.744723
2026-08-04T20:35:06.670,45,45,IWM260918C00165000,IWM,2026-09-18,call,165.0,134.78,10.0,139.05,10.0,136.91500000000002,127.5,1.0,,,,,,,2026-08-04,297.58,302.38,297.22,301.71,714740.0,300.744723
2026-08-04T20:35:06.670,45,45,IWM260918C00170000,IWM,2026-09-18,call,170.0,129.65,10.0,134.48,1.0,132.065,77.84,1.0,,,,,,,2026-08-04,297.58,302.38,297.22,301.71,714740.0,300.744723
2026-08-04T20:35:06.670,45,45,IWM260918C00175000,IWM,2026-09-18,call,175.0,123.99,10.0,129.57,1.0,126.78,122.38,2.0,,,,,,,2026-08-04,297.58,302.38,297.22,301.71,714740.0,300.744723
2026-08-04T20:35:06.670,45,45,IWM260918C00180000,IWM,2026-09-18,call,180.0,122.42,1.0,125.65,2.0,124.035,110.22,15.0,0.8682,0.9689,0.0008,-0.0886,0.0744,0.2078,2026-08-04,297.58,302.38,297.22,301.71,714740.0,300.744723
2026-08-04T20:35:06.670,45,45,IWM260918C00185000,IWM,2026-09-18,call,185.0,115.88,1.0,120.57,1.0,118.225,112.9,1.0,0.6861,0.9851,0.0005,-0.0483,0.0399,0.221,2026-08-04,297.58,302.38,297.22,301.71,714740.0,300.744723
2026-08-04T20:35:06.670,45,45,IWM260918C00190000,IWM,2026-09-18,call,190.0,109.54,10.0,115.4,1.0,112.47,111.31,8.0,,,,,,,2026-08-04,297.58,302.38,297.22,301.71,714740.0,300.744723
2026-08-04T20:35:06.670,45,45,IWM260918C00195000,IWM,2026-09-18,call,195.0,105.64,10.0,109.42,2.0,107.53,106.66,2.0,,,,,,,2026-08-04,297.58,302.38,297.22,301.71,714740.0,300.744723
2026-08-04T20:35:06.670,45,45,IWM260918C00199000,IWM,2026-09-18,call,199.0,102.89,2.0,105.4,2.0,104.14500000000001,,,0.5597,0.9876,0.0005,-0.0406,0.0342,0.2393,2026-08-04,297.58,302.38,297.22,301.71,714740.0,300.744723
2026-08-04T20:35:06.670,45,45,IWM260918C00200000,IWM,2026-09-18,call,200.0,100.04,2.0,104.87,2.0,102.45500000000001,97.42,1.0,,,,,,,2026-08-04,297.58,302.38,297.22,301.71,714740.0,300.744723
2026-08-04T20:35:06.670,45,45,IWM260918C00205000,IWM,2026-09-18,call,205.0,94.1,3.0,100.05,2.0,97.07499999999999,90.86,5.0,,,,,,,2026-08-04,297.58,302.38,297.22,301.71,714740.0,300.744723
2026-08-04T20:35:06.670,45,45,IWM260918C00210000,IWM,2026-09-18,call,210.0,89.37,5.0,95.59,10.0,92.48,81.09,8.0,,,,,,,2026-08-04,297.58,302.38,297.22,301.71,714740.0,300.744723
2026-08-04T20:35:06.670,45,45,IWM260918C00215000,IWM,2026-09-18,call,215.0,85.0,1.0,90.9,2.0,87.95,89.26,1.0,0.3128,0.9993,0.0001,-0.0222,0.0026,0.2636,2026-08-04,297.58,302.38,297.22,301.71,714740.0,300.744723
2026-08-04T20:35:06.670,45,45,IWM260918C00220000,IWM,2026-09-18,call,220.0,81.44,2.0,83.35,2.0,82.395,76.8,1.0,,,,,,,2026-08-04,297.58,302.38,297.22,301.71,714740.0,300.744723
2026-08-04T20:35:06.670,45,45,IWM260918C00225000,IWM,2026-09-18,call,225.0,74.9,11.0,80.21,20.0,77.555,72.25,1.0,,,,,,,2026-08-04,297.58,302.38,297.22,301.71,714740.0,300.744723
2026-08-04T20:35:06.670,45,45,IWM260918C00230000,IWM,2026-09-18,call,230.0,70.0,1.0,74.28,2.0,72.14,72.73,4.0,,,,,,,2026-08-04,297.58,302.38,297.22,301.71,714740.0,300.744723
2026-08-04T20:35:06.670,45,45,IWM260918C00235000,IWM,2026-09-18,call,235.0,66.61,10.0,70.91,1.0,68.75999999999999,63.85,1.0,0.4275,0.9621,0.0018,-0.0637,0.0874,0.2734,2026-08-04,297.58,302.38,297.22,301.71,714740.0,300.744723
2026-08-04T20:35:06.670,45,45,IWM260918C00240000,IWM,2026-09-18,call,240.0,59.94,10.0,63.93,10.0,61.935,53.76,3.0,,,,,,,2026-08-04,297.58,302.38,297.22,301.71,714740.0,300.744723
2026-08-04T20:35:06.670,45,45,IWM260918C00245000,IWM,2026-09-18,call,245.0,56.91,10.0,59.58,10.0,58.245,57.29,2.0,0.2869,0.985,0.0012,-0.0367,0.0401,0.2949,2026-08-04,297.58,302.38,297.22,301.71,714740.0,300.744723
2026-08-04T20:35:06.670,45,45,IWM260918C00250000,IWM,2026-09-18,call,250.0,50.35,2.0,54.3,2.0,52.325,50.0,1.0,,,,,,,2026-08-04,297.58,302.38,297.22,301.71,714740.0,300.744723
2026-08-04T20:35:06.670,45,45,IWM260918C00255000,IWM,2026-09-18,call,255.0,45.96,10.0,49.77,2.0,47.865,42.35,1.0,,,,,,,2026-08-04,297.58,302.38,297.22,301.71,714740.0,300.744723
2026-08-04T20:35:06.670,45,45,IWM260918C00260000,IWM,2026-09-18,call,260.0,40.97,10.0,46.39,2.0,43.68,41.85,3.0,0.2657,0.9553,0.0033,-0.0539,0.0999,0.3018,2026-08-04,297.58,302.38,297.22,301.71,714740.0,300.744723
2026-08-04T20:35:06.670,45,45,IWM260918C00261000,IWM,2026-09-18,call,261.0,40.31,10.0,44.82,2.0,42.565,32.6,1.0,0.2477,0.9618,0.0032,-0.049,0.088,0.3056,2026-08-04,297.58,302.38,297.22,301.71,714740.0,300.744723
2026-08-04T20:35:06.670,45,45,IWM260918C00262000,IWM,2026-09-18,call,262.0,39.53,10.0,44.08,2.0,41.805,29.71,2.0,0.2656,0.9471,0.0038,-0.0581,0.1144,0.3011,2026-08-04,297.58,302.38,297.22,301.71,714740.0,300.744723
2026-08-04T20:35:06.670,45,45,IWM260918C00263000,IWM,2026-09-18,call,263.0,38.2,1.0,42.38,1.0,40.290000000000006,30.83,1.0,0.1953,0.9828,0.0021,-0.0354,0.0452,0.3162,2026-08-04,297.58,302.38,297.22,301.71,714740.0,300.744723
2026-08-04T20:35:06.670,45,45,IWM260918C00264000,IWM,2026-09-18,call,264.0,36.99,1.0,41.2,1.0,39.095,29.13,1.0,,,,,,,2026-08-04,297.58,302.38,297.22,301.71,714740.0,300.744723
2026-08-04T20:35:06.670,45,45,IWM260918C00265000,IWM,2026-09-18,call,265.0,35.92,2.0,38.95,2.0,37.435,30.02,1.0,,,,,,,2026-08-04,297.58,302.38,297.22,301.71,714740.0,300.744723
2026-08-04T20:35:06.670,45,45,IWM260918C00266000,IWM,2026-09-18,call,266.0,35.63,1.0,39.48,1.0,37.555,27.63,4.0,0.2183,0.9601,0.0037,-0.0473,0.0911,0.3112,2026-08-04,297.58,302.38,297.22,301.71,714740.0,300.744723
2026-08-04T20:35:06.670,45,45,IWM260918C00267000,IWM,2026-09-18,call,267.0,34.42,1.0,39.56,1.0,36.99,26.59,4.0,0.2503,0.9326,0.0049,-0.0629,0.1382,0.3016,2026-08-04,297.58,302.38,297.22,301.71,714740.0,300.744723
2026-08-04T20:35:06.670,45,45,IWM260918C00268000,IWM,2026-09-18,call,268.0,33.84,1.0,37.93,10.0,35.885000000000005,33.76,1.0,0.2365,0.9374,0.0049,-0.059,0.1306,0.3047,2026-08-04,297.58,302.38,297.22,301.71,714740.0,300.744723
2026-08-04T20:35:06.670,45,45,IWM260918C00269000,IWM,2026-09-18,call,269.0,34.1,12.0,36.85,30.0,35.475,32.409,1.0,0.2686,0.9067,0.0059,-0.0765,0.1768,0.2938,2026-08-04,297.58,302.38,297.22,301.71,714740.0,300.744723
2026-08-04T20:35:06.670,45,45,IWM260918C00270000,IWM,2026-09-18,call,270.0,31.61,1.0,36.55,20.0,34.08,31.81,1.0,0.2383,0.9241,0.0057,-0.0645,0.1514,0.302,2026-08-04,297.58,302.38,297.22,301.71,714740.0,300.744723
2026-08-04T20:35:06.670,45,45,IWM260918C00271000,IWM,2026-09-18,call,271.0,31.73,12.0,34.42,20.0,33.075,30.82,1.0,0.2319,0.923,0.0059,-0.064,0.1532,0.3029,2026-08-04,297.58,302.38,297.22,301.71,714740.0,300.744723
2026-08-04T20:35:06.670,45,45,IWM260918C00272000,IWM,2026-09-18,call,272.0,30.42,12.0,32.049,2.0,31.2345,30.58,1.0,0.1296,0.9922,0.0016,-0.03,0.0226,0.3309,2026-08-04,297.58,302.38,297.22,301.71,714740.0,300.744723
2026-08-04T20:35:06.670,45,45,IWM260918C00273000,IWM,2026-09-18,call,273.0,30.09,2.0,33.98,5.0,32.035,20.41,1.0,0.2705,0.8763,0.0071,-0.0883,0.2166,0.2868,2026-08-04,297.58,302.38,297.22,301.71,714740.0,300.744723
2026-08-04T20:35:06.670,45,45,IWM260918C00274000,IWM,2026-09-18,call,274.0,28.98,2.0,32.8,5.0,30.89,27.42,1.0,0.257,0.8795,0.0074,-0.0842,0.2128,0.2894,2026-08-04,297.58,302.38,297.22,301.71,714740.0,300.744723
2026-08-04T20:35:06.670,45,45,IWM260918C00275000,IWM,2026-09-18,call,275.0,28.43,2.0,29.13,5.0,28.78,29.23,1.0,0.1875,0.9361,0.0063,-0.053,0.1327,0.313,2026-08-04,297.58,302.38,297.22,301.71,714740.0,300.744723
2026-08-04T20:35:06.670,45,45,IWM260918C00276000,IWM,2026-09-18,call,276.0,27.98,2.0,28.64,1.0,28.310000000000002,28.28,1.0,0.2148,0.9015,0.0076,-0.0683,0.1841,0.3007,2026-08-04,297.58,302.38,297.22,301.71,714740.0,300.744723
2026-08-04T20:35:06.670,45,45,IWM260918C00277000,IWM,2026-09-18,call,277.0,27.08,3.0,27.74,3.0,27.409999999999997,22.47,1.0,0.2137,0.894,0.0081,-0.0703,0.1942,0.299,2026-08-04,297.58,302.38,297.22,301.71,714740.0,300.744723
2026-08-04T20:35:06.670,45,45,IWM260918C00278000,IWM,2026-09-18,call,278.0,25.9,4.0,26.64,1.0,26.27,21.69,1.0,0.2,0.8992,0.0083,-0.0661,0.1872,0.3024,2026-08-04,297.58,302.38,297.22,301.71,714740.0,300.744723
2026-08-04T20:35:06.670,45,45,IWM260918C00279000,IWM,2026-09-18,call,279.0,25.0,4.0,25.26,13.0,25.130000000000003,20.2,2.0,0.1862,0.9053,0.0085,-0.0618,0.1788,0.3061,2026-08-04,297.58,302.38,297.22,301.71,714740.0,300.744723
2026-08-04T20:35:06.670,45,45,IWM260918C00280000,IWM,2026-09-18,call,280.0,23.92,2.0,24.9,1.0,24.41,24.63,1.0,0.1945,0.8862,0.0093,-0.0684,0.2043,0.2998,2026-08-04,297.58,302.38,297.22,301.71,714740.0,300.744723
2026-08-04T20:35:06.670,45,45,IWM260918C00281000,IWM,2026-09-18,call,281.0,23.09,1.0,24.08,2.0,23.585,18.68,6.0,0.1962,0.8738,0.01,-0.0719,0.2197,0.2963,2026-08-04,297.58,302.38,297.22,301.71,714740.0,300.744723
2026-08-04T20:35:06.670,45,45,IWM260918C00282000,IWM,2026-09-18,call,282.0,22.43,9.0,23.22,2.0,22.825,18.37,1.0,0.2,0.8585,0.0106,-0.0764,0.2377,0.2915,2026-08-04,297.58,302.38,297.22,301.71,714740.0,300.744723
2026-08-04T20:35:06.670,45,45,IWM260918C00283000,IWM,2026-09-18,call,283.0,21.69,4.0,22.18,9.0,21.935000000000002,17.55,1.0,0.1977,0.8496,0.0111,-0.0778,0.2477,0.2892,2026-08-04,297.58,302.38,297.22,301.71,714740.0,300.744723
2026-08-04T20:35:06.670,45,45,IWM260918C00284000,IWM,2026-09-18,call,284.0,21.04,1.0,21.52,1.0,21.28,21.17,1.0,0.204,0.8303,0.0117,-0.0837,0.268,0.2829,2026-08-04,297.58,302.38,297.22,301.71,714740.0,300.744723
2026-08-04T20:35:06.670,45,45,IWM260918C00285000,IWM,2026-09-18,call,285.0,20.37,2.0,20.78,2.0,20.575000000000003,20.33,1.0,0.2074,0.814,0.0122,-0.0879,0.284,0.2777,2026-08-04,297.58,302.38,297.22,301.71,714740.0,300.744723
2026-08-04T20:35:06.670,45,45,IWM260918C00286000,IWM,2026-09-18,call,286.0,18.91,14.0,19.94,4.0,19.425,19.64,6.0,0.1948,0.8145,0.0129,-0.084,0.2835,0.2793,2026-08-04,297.58,302.38,297.22,301.71,714740.0,300.744723
2026-08-04T20:35:06.670,45,45,IWM260918C00287000,IWM,2026-09-18,call,287.0,18.17,4.0,18.91,4.0,18.54,18.44,1.0,0.1914,0.8044,0.0136,-0.0847,0.2929,0.2766,2026-08-04,297.58,302.38,297.22,301.71,714740.0,300.744723
2026-08-04T20:35:06.670,45,45,IWM260918C00288000,IWM,2026-09-18,call,288.0,17.64,3.0,17.99,1.0,17.814999999999998,18.0,1.0,0.193,0.788,0.0142,-0.0879,0.3073,0.2714,2026-08-04,297.58,302.38,297.22,301.71,714740.0,300.744723
2026-08-04T20:35:06.670,45,45,IWM260918C00289000,IWM,2026-09-18,call,289.0,16.97,3.0,17.54,3.0,17.255,16.69,1.0,0.1991,0.7666,0.0145,-0.0932,0.3246,0.2641,2026-08-04,297.58,302.38,297.22,301.71,714740.0,300.744723
2026-08-04T20:35:06.670,45,45,IWM260918C00290000,IWM,2026-09-18,call,290.0,15.51,1.0,16.5,1.0,16.005,16.36,1.0,0.1835,0.7674,0.0157,-0.0876,0.324,0.266,2026-08-04,297.58,302.38,297.22,301.71,714740.0,300.744723
2026-08-04T20:35:06.670,45,45,IWM260918C00291000,IWM,2026-09-18,call,291.0,15.17,15.0,15.91,2.0,15.54,15.79,1.0,0.1914,0.7426,0.0159,-0.0936,0.3421,0.2573,2026-08-04,297.58,302.38,297.22,301.71,714740.0,300.744723
2026-08-04T20:35:06.670,45,45,IWM260918C00292000,IWM,2026-09-18,call,292.0,14.69,1.0,15.16,1.0,14.925,12.44,5.0,0.1941,0.7235,0.0163,-0.0968,0.3548,0.2509,2026-08-04,297.58,302.38,297.22,301.71,714740.0,300.744723
2026-08-04T20:35:06.670,45,45,IWM260918C00293000,IWM,2026-09-18,call,293.0,13.81,2.0,14.45,2.0,14.129999999999999,14.21,14.0,0.1911,0.7089,0.0169,-0.0972,0.3636,0.2465,2026-08-04,297.58,302.38,297.22,301.71,714740.0,300.744723
2026-08-04T20:35:06.670,45,45,IWM260918C00294000,IWM,2026-09-18,call,294.0,12.93,16.0,13.48,11.0,13.205,13.53,1.0,0.1844,0.6969,0.0179,-0.0956,0.3704,0.2432,2026-08-04,297.58,302.38,297.22,301.71,714740.0,300.744723
2026-08-04T20:35:06.670,45,45,IWM260918C00295000,IWM,2026-09-18,call,295.0,12.36,2.0,12.9,5.0,12.629999999999999,13.04,1.0,0.1866,0.6766,0.0181,-0.0981,0.3809,0.2363,2026-08-04,297.58,302.38,297.22,301.71,714740.0,300.744723
2026-08-04T20:35:06.670,45,45,IWM260918C00296000,IWM,2026-09-18,call,296.0,11.66,6.0,12.11,7.0,11.885,12.21,1.0,0.184,0.6596,0.0188,-0.0981,0.3887,0.2309,2026-08-04,297.58,302.38,297.22,301.71,714740.0,300.744723
2026-08-04T20:35:06.670,45,45,IWM260918C00297000,IWM,2026-09-18,call,297.0,10.99,18.0,11.65,21.0,11.32,11.66,1.0,0.1854,0.6394,0.019,-0.0999,0.3969,0.2241,2026-08-04,297.58,302.38,297.22,301.71,714740.0,300.744723
2026-08-04T20:35:06.670,45,45,IWM260918C00298000,IWM,2026-09-18,call,298.0,10.42,20.0,10.7,20.0,10.559999999999999,10.7,17.0,0.1815,0.6219,0.0198,-0.099,0.4031,0.2185,2026-08-04,297.58,302.38,297.22,301.71,714740.0,300.744723
2026-08-04T20:35:06.670,45,45,IWM260918C00299000,IWM,2026-09-18,call,299.0,9.77,38.0,10.15,13.0,9.96,10.45,3.0,0.1811,0.6019,0.0201,-0.0995,0.4091,0.2118,2026-08-04,297.58,302.38,297.22,301.71,714740.0,300.744723
2026-08-04T20:35:06.670,45,45,IWM260918C00300000,IWM,2026-09-18,call,300.0,9.22,13.0,9.41,8.0,9.315000000000001,9.6,1.0,0.1792,0.5822,0.0206,-0.099,0.414,0.2053,2026-08-04,297.58,302.38,297.22,301.71,714740.0,300.744723
2026-08-04T20:35:06.670,45,45,IWM260918C00301000,IWM,2026-09-18,call,301.0,8.82,10.0,8.92,10.0,8.870000000000001,9.26,6.0,0.1816,0.5609,0.0205,-0.1004,0.4181,0.1979,2026-08-04,297.58,302.38,297.22,301.71,714740.0,300.744723
2026-08-04T20:35:06.670,45,45,IWM260918C00302000,IWM,2026-09-18,call,302.0,8.06,122.0,8.44,12.0,8.25,8.65,1.0,0.1793,0.5405,0.0209,-0.0993,0.4208,0.1911,2026-08-04,297.58,302.38,297.22,301.71,714740.0,300.744723
2026-08-04T20:35:06.670,45,45,IWM260918C00303000,IWM,2026-09-18,call,303.0,7.56,5.0,7.75,3.0,7.654999999999999,8.09,173.0,0.1771,0.5196,0.0212,-0.098,0.4225,0.184,2026-08-04,297.58,302.38,297.22,301.71,714740.0,300.744723
2026-08-04T20:35:06.670,45,45,IWM260918C00304000,IWM,2026-09-18,call,304.0,7.31,5.0,7.4,3.0,7.355,7.65,1.0,0.1814,0.4991,0.0207,-0.0996,0.423,0.1767,2026-08-04,297.58,302.38,297.22,301.71,714740.0,300.744723
2026-08-04T20:35:06.670,45,45,IWM260918C00305000,IWM,2026-09-18,call,305.0,6.69,25.0,6.83,23.0,6.76,6.98,1.0,0.1782,0.4777,0.0211,-0.0974,0.4223,0.1695,2026-08-04,297.58,302.38,297.22,301.71,714740.0,300.744723
2026-08-04T20:35:06.670,45,45,IWM260918C00306000,IWM,2026-09-18,call,306.0,6.15,15.0,6.25,10.0,6.2,6.55,6.0,0.1754,0.4558,0.0213,-0.095,0.4204,0.162,2026-08-04,297.58,302.38,297.22,301.71,714740.0,300.744723
2026-08-04T20:35:06.670,45,45,IWM260918C00307000,IWM,2026-09-18,call,307.0,5.82,19.0,5.99,16.0,5.905,6.09,2.0,0.1783,0.4363,0.0208,-0.0953,0.4176,0.1552,2026-08-04,297.58,302.38,297.22,301.71,714740.0,300.744723
2026-08-04T20:35:06.670,45,45,IWM260918C00308000,IWM,2026-09-18,call,308.0,5.31,14.0,5.55,5.0,5.43,5.52,1.0,0.1765,0.4149,0.0208,-0.093,0.4133,0.1478,2026-08-04,297.58,302.38,297.22,301.71,714740.0,300.744723
2026-08-04T20:35:06.670,45,45,IWM260918C00309000,IWM,2026-09-18,call,309.0,5.02,7.0,5.03,6.0,5.025,5.31,7.0,0.1759,0.3942,0.0206,-0.0911,0.408,0.1406,2026-08-04,297.58,302.38,297.22,301.71,714740.0,300.744723
2026-08-04T20:35:06.670,45,45,IWM260918C00310000,IWM,2026-09-18,call,310.0,4.66,1.0,4.76,25.0,4.71,4.74,1.0,0.177,0.3751,0.0202,-0.0899,0.4021,0.1338,2026-08-04,297.58,302.38,297.22,301.71,714740.0,300.744723
2026-08-04T20:35:06.670,45,45,IWM260918C00311000,IWM,2026-09-18,call,311.0,4.2,32.0,4.25,24.0,4.225,4.45,1.0,0.1733,0.3522,0.0202,-0.086,0.3936,0.1259,2026-08-04,297.58,302.38,297.22,301.71,714740.0,300.744723
2026-08-04T20:35:06.670,45,45,IWM260918C00312000,IWM,2026-09-18,call,312.0,3.93,26.0,4.04,26.0,3.9850000000000003,4.18,1.0,0.1754,0.3349,0.0196,-0.085,0.3863,0.1198,2026-08-04,297.58,302.38,297.22,301.71,714740.0,300.744723
2026-08-04T20:35:06.670,45,45,IWM260918C00313000,IWM,2026-09-18,call,313.0,3.66,1.0,3.69,25.0,3.675,3.86,1.0,0.1752,0.316,0.0192,-0.0826,0.3772,0.1131,2026-08-04,297.58,302.38,297.22,301.71,714740.0,300.744723
2026-08-04T20:35:06.670,45,45,IWM260918C00314000,IWM,2026-09-18,call,314.0,3.35,4.0,3.43,38.0,3.39,3.54,1.0,0.1752,0.2978,0.0187,-0.0801,0.3674,0.1067,2026-08-04,297.58,302.38,297.22,301.71,714740.0,300.744723
2026-08-04T20:35:06.670,45,45,IWM260918C00315000,IWM,2026-09-18,call,315.0,3.07,12.0,3.15,7.0,3.11,3.24,4.0,0.1748,0.2796,0.0182,-0.0774,0.3567,0.1003,2026-08-04,297.58,302.38,297.22,301.71,714740.0,300.744723
2026-08-04T20:35:06.670,45,45,IWM260918C00316000,IWM,2026-09-18,call,316.0,2.79,30.0,2.88,77.0,2.835,2.89,1.0,0.1741,0.2616,0.0176,-0.0743,0.345,0.0939,2026-08-04,297.58,302.38,297.22,301.71,714740.0,300.744723
2026-08-04T20:35:06.670,45,45,IWM260918C00317000,IWM,2026-09-18,call,317.0,2.5,45.0,2.56,36.0,2.5300000000000002,2.77,3.0,0.1719,0.2421,0.0171,-0.0703,0.3312,0.087,2026-08-04,297.58,302.38,297.22,301.71,714740.0,300.744723
2026-08-04T20:35:06.670,45,45,IWM260918C00318000,IWM,2026-09-18,call,318.0,2.33,14.0,2.4,31.0,2.365,2.54,1.0,0.1735,0.2283,0.0164,-0.0684,0.3206,0.0821,2026-08-04,297.58,302.38,297.22,301.71,714740.0,300.744723
2026-08-04T20:35:06.670,45,45,IWM260918C00319000,IWM,2026-09-18,call,319.0,2.09,5.0,2.2,34.0,2.145,2.27,1.0,0.1729,0.2122,0.0158,-0.0652,0.3074,0.0763,2026-08-04,297.58,302.38,297.22,301.71,714740.0,300.744723
2026-08-04T20:35:06.670,45,45,IWM260918C00320000,IWM,2026-09-18,call,320.0,1.94,20.0,1.96,44.0,1.95,2.0,1.0,0.1726,0.1971,0.0152,-0.0622,0.2943,0.071,2026-08-04,297.58,302.38,297.22,301.71,714740.0,300.744723
2026-08-04T20:35:06.670,45,45,IWM260918C00321000,IWM,2026-09-18,call,321.0,1.78,13.0,1.8,5.0,1.79,1.89,1.0,0.1731,0.1839,0.0145,-0.0596,0.282,0.0662,2026-08-04,297.58,302.38,297.22,301.71,714740.0,300.744723
2026-08-04T20:35:06.670,45,45,IWM260918C00322000,IWM,2026-09-18,call,322.0,1.56,35.0,1.67,30.0,1.615,1.65,1.0,0.1726,0.1698,0.0138,-0.0564,0.2681,0.0612,2026-08-04,297.58,302.38,297.22,301.71,714740.0,300.744723
2026-08-04T20:35:06.670,45,45,IWM260918C00323000,IWM,2026-09-18,call,323.0,1.46,26.0,1.52,5.0,1.49,1.49,5.0,0.1735,0.1585,0.0131,-0.0541,0.2564,0.0572,2026-08-04,297.58,302.38,297.22,301.71,714740.0,300.744723
2026-08-04T20:35:06.670,45,45,IWM260918C00324000,IWM,2026-09-18,call,324.0,1.29,38.0,1.35,41.0,1.32,1.33,6.0,0.1722,0.1446,0.0125,-0.0504,0.2412,0.0522,2026-08-04,297.58,302.38,297.22,301.71,714740.0,300.744723
2026-08-04T20:35:06.670,45,45,IWM260918C00325000,IWM,2026-09-18,call,325.0,1.21,12.0,1.23,3.0,1.22,1.29,1.0,0.1733,0.135,0.0118,-0.0483,0.2302,0.0487,2026-08-04,297.58,302.38,297.22,301.71,714740.0,300.744723
2026-08-04T20:35:06.670,45,45,IWM260918C00330000,IWM,2026-09-18,call,330.0,0.75,61.0,0.79,12.0,0.77,0.79,2.0,0.1758,0.0911,0.0088,-0.0366,0.1738,0.033,2026-08-04,297.58,302.38,297.22,301.71,714740.0,300.744723
2026-08-04T20:35:06.670,45,45,IWM260918C00335000,IWM,2026-09-18,call,335.0,0.46,74.0,0.5,18.0,0.48,0.49,7.0,0.1785,0.0603,0.0063,-0.0269,0.1267,0.0218,2026-08-04,297.58,302.38,297.22,301.71,714740.0,300.744723
2026-08-04T20:35:06.670,45,45,IWM260918C00340000,IWM,2026-09-18,call,340.0,0.25,96.0,0.32,83.0,0.28500000000000003,0.32,1.0,0.18,0.0381,0.0043,-0.0187,0.0878,0.0138,2026-08-04,297.58,302.38,297.22,301.71,714740.0,300.744723
2026-08-04T20:35:06.670,45,45,IWM260918C00345000,IWM,2026-09-18,call,345.0,0.15,41.0,0.17,97.0,0.16,0.18,1.0,0.1806,0.0229,0.0028,-0.0122,0.0575,0.0083,2026-08-04,297.58,302.38,297.22,301.71,714740.0,300.744723
2026-08-04T20:35:06.670,45,45,IWM260918C00350000,IWM,2026-09-18,call,350.0,0.13,20.0,0.15,54.0,0.14,0.13,1.0,0.1935,0.0191,0.0023,-0.0112,0.0494,0.0069,2026-08-04,297.58,302.38,297.22,301.71,714740.0,300.744723
2026-08-04T20:35:06.670,45,45,IWM260918C00355000,IWM,2026-09-18,call,355.0,0.05,114.0,0.11,108.0,0.08,0.03,1.0,0.1942,0.0115,0.0015,-0.0072,0.032,0.0042,2026-08-04,297.58,302.38,297.22,301.71,714740.0,300.744723
2026-08-04T20:35:06.670,45,45,IWM260918C00360000,IWM,2026-09-18,call,360.0,0.03,13.0,0.09,15.0,0.06,0.01,1.0,0.2017,0.0086,0.0011,-0.0058,0.0248,0.0031,2026-08-04,297.58,302.38,297.22,301.71,714740.0,300.744723
2026-08-04T20:35:06.670,45,45,IWM260918C00365000,IWM,2026-09-18,call,365.0,0.05,28.0,0.07,28.0,0.060000000000000005,0.06,3.0,0.2158,0.0081,0.001,-0.0059,0.0235,0.0029,2026-08-04,297.58,302.38,297.22,301.71,714740.0,300.744723
2026-08-04T20:35:06.670,45,45,IWM260918C00370000,IWM,2026-09-18,call,370.0,0.01,78.0,0.02,20.0,0.015,0.01,35.0,0.1986,0.0024,0.0004,-0.0019,0.0081,0.0009,2026-08-04,297.58,302.38,297.22,301.71,714740.0,300.744723
2026-08-04T20:35:06.670,45,45,IWM260918C00375000,IWM,2026-09-18,call,375.0,0.04,111.0,0.06,116.0,0.05,0.01,1.0,0.238,0.0063,0.0007,-0.0052,0.0188,0.0023,2026-08-04,297.58,302.38,297.22,301.71,714740.0,300.744723
2026-08-04T20:35:06.670,45,45,IWM260918C00380000,IWM,2026-09-18,call,380.0,0.03,104.0,0.05,8.0,0.04,,,0.245,0.005,0.0006,-0.0043,0.0153,0.0018,2026-08-04,297.58,302.38,297.22,301.71,714740.0,300.744723
2026-08-04T20:35:06.670,45,45,IWM260918C00385000,IWM,2026-09-18,call,385.0,0.03,104.0,0.05,19.0,0.04,,,0.2575,0.0048,0.0005,-0.0044,0.0147,0.0017,2026-08-04,297.58,302.38,297.22,301.71,714740.0,300.744723
2026-08-04T20:35:06.670,45,45,IWM260918C00390000,IWM,2026-09-18,call,390.0,0.03,104.0,0.05,119.0,0.04,,,0.2698,0.0046,0.0005,-0.0044,0.0142,0.0017,2026-08-04,297.58,302.38,297.22,301.71,714740.0,300.744723
2026-08-04T20:35:06.670,45,45,IWM260918C00395000,IWM,2026-09-18,call,395.0,0.03,104.0,0.04,10.0,0.035,,,0.278,0.0039,0.0004,-0.0039,0.0124,0.0014,2026-08-04,297.58,302.38,297.22,301.71,714740.0,300.744723
2026-08-04T20:35:06.670,45,45,IWM260918P00090000,IWM,2026-09-18,put,90.0,0.0,0.0,0.01,115.0,0.005,0.01,1.0,,,,,,,2026-08-04,297.58,302.38,297.22,301.71,714740.0,300.744723
2026-08-04T20:35:06.670,45,45,IWM260918P00095000,IWM,2026-09-18,put,95.0,0.0,0.0,0.03,111.0,0.015,0.01,1.0,,,,,,,2026-08-04,297.58,302.38,297.22,301.71,714740.0,300.744723
2026-08-04T20:35:06.670,45,45,IWM260918P00100000,IWM,2026-09-18,put,100.0,0.0,0.0,0.01,115.0,0.005,0.02,1.0,,,,,,,2026-08-04,297.58,302.38,297.22,301.71,714740.0,300.744723
2026-08-04T20:35:06.670,45,45,IWM260918P00105000,IWM,2026-09-18,put,105.0,0.0,0.0,0.03,115.0,0.015,0.05,6.0,,,,,,,2026-08-04,297.58,302.38,297.22,301.71,714740.0,300.744723
2026-08-04T20:35:06.670,45,45,IWM260918P00110000,IWM,2026-09-18,put,110.0,0.0,0.0,0.03,13.0,0.015,0.01,50.0,,,,,,,2026-08-04,297.58,302.38,297.22,301.71,714740.0,300.744723
2026-08-04T20:35:06.670,45,45,IWM260918P00115000,IWM,2026-09-18,put,115.0,0.0,0.0,0.03,115.0,0.015,0.01,2.0,,,,,,,2026-08-04,297.58,302.38,297.22,301.71,714740.0,300.744723
2026-08-04T20:35:06.670,45,45,IWM260918P00120000,IWM,2026-09-18,put,120.0,0.0,0.0,0.03,16.0,0.015,0.02,31.0,,,,,,,2026-08-04,297.58,302.38,297.22,301.71,714740.0,300.744723
2026-08-04T20:35:06.670,45,45,IWM260918P00125000,IWM,2026-09-18,put,125.0,0.0,0.0,0.03,17.0,0.015,0.03,1.0,,,,,,,2026-08-04,297.58,302.38,297.22,301.71,714740.0,300.744723
2026-08-04T20:35:06.670,45,45,IWM260918P00130000,IWM,2026-09-18,put,130.0,0.0,0.0,0.03,15.0,0.015,0.03,1.0,,,,,,,2026-08-04,297.58,302.38,297.22,301.71,714740.0,300.744723
2026-08-04T20:35:06.670,45,45,IWM260918P00135000,IWM,2026-09-18,put,135.0,0.0,0.0,0.04,120.0,0.02,0.02,20.0,,,,,,,2026-08-04,297.58,302.38,297.22,301.71,714740.0,300.744723
2026-08-04T20:35:06.670,45,45,IWM260918P00140000,IWM,2026-09-18,put,140.0,0.0,0.0,0.01,126.0,0.005,0.03,10.0,,,,,,,2026-08-04,297.58,302.38,297.22,301.71,714740.0,300.744723
2026-08-04T20:35:06.670,45,45,IWM260918P00145000,IWM,2026-09-18,put,145.0,0.0,0.0,0.01,119.0,0.005,0.02,1.0,,,,,,,2026-08-04,297.58,302.38,297.22,301.71,714740.0,300.744723
2026-08-04T20:35:06.670,45,45,IWM260918P00150000,IWM,2026-09-18,put,150.0,0.0,0.0,0.01,24.0,0.005,0.03,1.0,,,,,,,2026-08-04,297.58,302.38,297.22,301.71,714740.0,300.744723
2026-08-04T20:35:06.670,45,45,IWM260918P00155000,IWM,2026-09-18,put,155.0,0.03,104.0,0.04,18.0,0.035,0.04,1.0,0.6757,-0.0016,0.0001,-0.0041,0.0055,-0.0006,2026-08-04,297.58,302.38,297.22,301.71,714740.0,300.744723
2026-08-04T20:35:06.670,45,45,IWM260918P00160000,IWM,2026-09-18,put,160.0,0.03,105.0,0.05,143.0,0.04,0.03,1.0,0.654,-0.0019,0.0001,-0.0045,0.0063,-0.0007,2026-08-04,297.58,302.38,297.22,301.71,714740.0,300.744723
2026-08-04T20:35:06.670,45,45,IWM260918P00165000,IWM,2026-09-18,put,165.0,0.01,169.0,0.05,29.0,0.030000000000000002,0.03,2.0,0.6077,-0.0015,0.0001,-0.0035,0.0053,-0.0006,2026-08-04,297.58,302.38,297.22,301.71,714740.0,300.744723
2026-08-04T20:35:06.670,45,45,IWM260918P00170000,IWM,2026-09-18,put,170.0,0.01,2.0,0.02,126.0,0.015,0.07,2.0,0.5449,-0.0009,0.0001,-0.0019,0.0032,-0.0004,2026-08-04,297.58,302.38,297.22,301.71,714740.0,300.744723
2026-08-04T20:35:06.670,45,45,IWM260918P00175000,IWM,2026-09-18,put,175.0,0.04,79.0,0.06,26.0,0.05,0.04,1.0,0.581,-0.0026,0.0001,-0.0054,0.0084,-0.001,2026-08-04,297.58,302.38,297.22,301.71,714740.0,300.744723
2026-08-04T20:35:06.670,45,45,IWM260918P00180000,IWM,2026-09-18,put,180.0,0.05,114.0,0.07,124.0,0.060000000000000005,0.05,2.0,0.564,-0.0031,0.0002,-0.0062,0.0101,-0.0012,2026-08-04,297.58,302.38,297.22,301.71,714740.0,300.744723
2026-08-04T20:35:06.670,45,45,IWM260918P00185000,IWM,2026-09-18,put,185.0,0.02,10.0,0.08,128.0,0.05,0.15,20.0,0.5265,-0.0028,0.0002,-0.0053,0.0092,-0.0011,2026-08-04,297.58,302.38,297.22,301.71,714740.0,300.744723
2026-08-04T20:35:06.670,45,45,IWM260918P00190000,IWM,2026-09-18,put,190.0,0.07,16.0,0.09,44.0,0.08,0.09,1.0,0.5263,-0.0043,0.0002,-0.0078,0.0135,-0.0017,2026-08-04,297.58,302.38,297.22,301.71,714740.0,300.744723
2026-08-04T20:35:06.670,45,45,IWM260918P00195000,IWM,2026-09-18,put,195.0,0.04,9.0,0.1,129.0,0.07,0.18,2.0,0.4922,-0.0041,0.0002,-0.0069,0.0129,-0.0016,2026-08-04,297.58,302.38,297.22,301.71,714740.0,300.744723
2026-08-04T20:35:06.670,45,45,IWM260918P00199000,IWM,2026-09-18,put,199.0,0.09,7.0,0.11,105.0,0.1,0.16,2.0,0.4912,-0.0057,0.0003,-0.0092,0.0172,-0.0022,2026-08-04,297.58,302.38,297.22,301.71,714740.0,300.744723
2026-08-04T20:35:06.670,45,45,IWM260918P00200000,IWM,2026-09-18,put,200.0,0.05,15.0,0.11,51.0,0.08,0.07,3.0,0.4734,-0.0048,0.0003,-0.0076,0.0148,-0.0019,2026-08-04,297.58,302.38,297.22,301.71,714740.0,300.744723
2026-08-04T20:35:06.670,45,45,IWM260918P00205000,IWM,2026-09-18,put,205.0,0.1,62.0,0.13,198.0,0.115,0.14,3.0,0.4675,-0.0068,0.0004,-0.0102,0.0201,-0.0027,2026-08-04,297.58,302.38,297.22,301.71,714740.0,300.744723
2026-08-04T20:35:06.670,45,45,IWM260918P00210000,IWM,2026-09-18,put,210.0,0.08,17.0,0.1,116.0,0.09,0.11,1.0,0.4286,-0.0059,0.0004,-0.0083,0.0177,-0.0023,2026-08-04,297.58,302.38,297.22,301.71,714740.0,300.744723
2026-08-04T20:35:06.670,45,45,IWM260918P00215000,IWM,2026-09-18,put,215.0,0.14,15.0,0.16,114.0,0.15000000000000002,0.12,1.0,0.4305,-0.0093,0.0005,-0.0124,0.0266,-0.0037,2026-08-04,297.58,302.38,297.22,301.71,714740.0,300.744723
2026-08-04T20:35:06.670,45,45,IWM260918P00220000,IWM,2026-09-18,put,220.0,0.17,5.0,0.19,51.0,0.18,0.14,3.0,0.4149,-0.0114,0.0007,-0.0142,0.0316,-0.0045,2026-08-04,297.58,302.38,297.22,301.71,714740.0,300.744723
2026-08-04T20:35:06.670,45,45,IWM260918P00225000,IWM,2026-09-18,put,225.0,0.16,10.0,0.18,126.0,0.16999999999999998,0.19,1.0,0.386,-0.0115,0.0007,-0.0134,0.032,-0.0045,2026-08-04,297.58,302.38,297.22,301.71,714740.0,300.744723
2026-08-04T20:35:06.670,45,45,IWM260918P00230000,IWM,2026-09-18,put,230.0,0.23,41.0,0.25,53.0,0.24,0.23,1.0,0.3793,-0.016,0.001,-0.0174,0.0424,-0.0062,2026-08-04,297.58,302.38,297.22,301.71,714740.0,300.744723
2026-08-04T20:35:06.670,45,45,IWM260918P00235000,IWM,2026-09-18,put,235.0,0.24,36.0,0.3,126.0,0.27,0.27,1.0,0.3599,-0.0186,0.0012,-0.0187,0.0483,-0.0073,2026-08-04,297.58,302.38,297.22,301.71,714740.0,300.744723
2026-08-04T20:35:06.670,45,45,IWM260918P00240000,IWM,2026-09-18,put,240.0,0.29,7.0,0.35,155.0,0.31999999999999995,0.31,1.0,0.3434,-0.0226,0.0015,-0.021,0.0569,-0.0088,2026-08-04,297.58,302.38,297.22,301.71,714740.0,300.744723
2026-08-04T20:35:06.670,45,45,IWM260918P00245000,IWM,2026-09-18,put,245.0,0.35,31.0,0.41,101.0,0.38,0.41,1.0,0.3268,-0.0275,0.0018,-0.0235,0.0671,-0.0107,2026-08-04,297.58,302.38,297.22,301.71,714740.0,300.744723
2026-08-04T20:35:06.670,45,45,IWM260918P00250000,IWM,2026-09-18,put,250.0,0.43,52.0,0.5,94.0,0.46499999999999997,0.46,1.0,0.3117,-0.0343,0.0023,-0.0268,0.0805,-0.0133,2026-08-04,297.58,302.38,297.22,301.71,714740.0,300.744723
2026-08-04T20:35:06.670,45,45,IWM260918P00255000,IWM,2026-09-18,put,255.0,0.54,25.0,0.6,25.0,0.5700000000000001,0.57,1.0,0.2965,-0.0428,0.0029,-0.0304,0.0965,-0.0166,2026-08-04,297.58,302.38,297.22,301.71,714740.0,300.744723
2026-08-04T20:35:06.670,45,45,IWM260918P00260000,IWM,2026-09-18,put,260.0,0.68,125.0,0.74,5.0,0.71,0.72,4.0,0.2819,-0.054,0.0037,-0.0347,0.1163,-0.021,2026-08-04,297.58,302.38,297.22,301.71,714740.0,300.744723
2026-08-04T20:35:06.670,45,45,IWM260918P00261000,IWM,2026-09-18,put,261.0,0.75,109.0,0.79,73.0,0.77,0.74,1.0,0.2813,-0.058,0.0039,-0.0366,0.123,-0.0226,2026-08-04,297.58,302.38,297.22,301.71,714740.0,300.744723
2026-08-04T20:35:06.670,45,45,IWM260918P00262000,IWM,2026-09-18,put,262.0,0.75,29.0,0.83,117.0,0.79,0.8,10.0,0.2772,-0.0601,0.0041,-0.0371,0.1265,-0.0233,2026-08-04,297.58,302.38,297.22,301.71,714740.0,300.744723
2026-08-04T20:35:06.670,45,45,IWM260918P00263000,IWM,2026-09-18,put,263.0,0.83,31.0,0.87,87.0,0.85,0.84,1.0,0.276,-0.0642,0.0043,-0.0388,0.1331,-0.0249,2026-08-04,297.58,302.38,297.22,301.71,714740.0,300.744723
2026-08-04T20:35:06.670,45,45,IWM260918P00264000,IWM,2026-09-18,put,264.0,0.87,89.0,0.91,28.0,0.89,0.84,1.0,0.2732,-0.0673,0.0045,-0.0398,0.1382,-0.0262,2026-08-04,297.58,302.38,297.22,301.71,714740.0,300.744723
2026-08-04T20:35:06.670,45,45,IWM260918P00265000,IWM,2026-09-18,put,265.0,0.88,60.0,0.96,61.0,0.9199999999999999,0.88,1.0,0.2695,-0.0701,0.0047,-0.0405,0.1425,-0.0272,2026-08-04,297.58,302.38,297.22,301.71,714740.0,300.744723
2026-08-04T20:35:06.670,45,45,IWM260918P00266000,IWM,2026-09-18,put,266.0,0.93,10.0,1.01,66.0,0.97,0.96,2.0,0.2671,-0.0739,0.0049,-0.0417,0.1483,-0.0287,2026-08-04,297.58,302.38,297.22,301.71,714740.0,300.744723
2026-08-04T20:35:06.670,45,45,IWM260918P00267000,IWM,2026-09-18,put,267.0,0.98,10.0,1.06,71.0,1.02,1.02,2.0,0.2645,-0.0777,0.0052,-0.0429,0.1542,-0.0302,2026-08-04,297.58,302.38,297.22,301.71,714740.0,300.744723
2026-08-04T20:35:06.670,45,45,IWM260918P00268000,IWM,2026-09-18,put,268.0,1.07,108.0,1.12,57.0,1.0950000000000002,1.04,1.0,0.2632,-0.0828,0.0055,-0.0447,0.1618,-0.0322,2026-08-04,297.58,302.38,297.22,301.71,714740.0,300.744723
2026-08-04T20:35:06.670,45,45,IWM260918P00269000,IWM,2026-09-18,put,269.0,1.09,79.0,1.18,35.0,1.135,1.11,1.0,0.2596,-0.0864,0.0057,-0.0454,0.167,-0.0335,2026-08-04,297.58,302.38,297.22,301.71,714740.0,300.744723
2026-08-04T20:35:06.670,45,45,IWM260918P00270000,IWM,2026-09-18,put,270.0,1.16,29.0,1.2,65.0,1.18,1.17,1.0,0.2562,-0.0902,0.006,-0.0463,0.1725,-0.035,2026-08-04,297.58,302.38,297.22,301.71,714740.0,300.744723
2026-08-04T20:35:06.670,45,45,IWM260918P00271000,IWM,2026-09-18,put,271.0,1.22,36.0,1.31,65.0,1.2650000000000001,1.24,6.0,0.2549,-0.096,0.0063,-0.0481,0.1806,-0.0373,2026-08-04,297.58,302.38,297.22,301.71,714740.0,300.744723
2026-08-04T20:35:06.670,45,45,IWM260918P00272000,IWM,2026-09-18,put,272.0,1.34,10.0,1.38,12.0,1.3599999999999999,1.29,1.0,0.2538,-0.1023,0.0066,-0.0501,0.1892,-0.0398,2026-08-04,297.58,302.38,297.22,301.71,714740.0,300.744723
2026-08-04T20:35:06.670,45,45,IWM260918P00273000,IWM,2026-09-18,put,273.0,1.41,169.0,1.46,48.0,1.435,1.39,2.0,0.2514,-0.1078,0.007,-0.0515,0.1965,-0.0419,2026-08-04,297.58,302.38,297.22,301.71,714740.0,300.744723
2026-08-04T20:35:06.670,45,45,IWM260918P00274000,IWM,2026-09-18,put,274.0,1.46,10.0,1.51,33.0,1.4849999999999999,1.47,1.0,0.2475,-0.1124,0.0073,-0.0521,0.2025,-0.0437,2026-08-04,297.58,302.38,297.22,301.71,714740.0,300.744723
2026-08-04T20:35:06.670,45,45,IWM260918P00275000,IWM,2026-09-18,put,275.0,1.54,117.0,1.65,62.0,1.595,1.53,1467.0,0.2464,-0.1196,0.0076,-0.0542,0.2116,-0.0465,2026-08-04,297.58,302.38,297.22,301.71,714740.0,300.744723
2026-08-04T20:35:06.670,45,45,IWM260918P00276000,IWM,2026-09-18,put,276.0,1.64,29.0,1.69,34.0,1.665,1.63,1.0,0.2431,-0.1253,0.008,-0.0551,0.2186,-0.0487,2026-08-04,297.58,302.38,297.22,301.71,714740.0,300.744723
2026-08-04T20:35:06.670,45,45,IWM260918P00277000,IWM,2026-09-18,put,277.0,1.73,10.0,1.83,13.0,1.78,1.75,1.0,0.2417,-0.1329,0.0084,-0.057,0.2277,-0.0517,2026-08-04,297.58,302.38,297.22,301.71,714740.0,300.744723
2026-08-04T20:35:06.670,45,45,IWM260918P00278000,IWM,2026-09-18,put,278.0,1.89,54.0,1.94,1.0,1.915,1.84,1.0,0.2408,-0.1414,0.0088,-0.0591,0.2376,-0.055,2026-08-04,297.58,302.38,297.22,301.71,714740.0,300.744723
2026-08-04T20:35:06.670,45,45,IWM260918P00279000,IWM,2026-09-18,put,279.0,2.0,54.0,2.07,48.0,2.035,1.97,1.0,0.2389,-0.1494,0.0092,-0.0608,0.2466,-0.0581,2026-08-04,297.58,302.38,297.22,301.71,714740.0,300.744723
2026-08-04T20:35:06.670,45,45,IWM260918P00280000,IWM,2026-09-18,put,280.0,2.08,203.0,2.18,11.0,2.13,2.07,1.0,0.2358,-0.1567,0.0096,-0.0617,0.2544,-0.061,2026-08-04,297.58,302.38,297.22,301.71,714740.0,300.744723
2026-08-04T20:35:06.670,45,45,IWM260918P00281000,IWM,2026-09-18,put,281.0,2.19,102.0,2.32,52.0,2.255,2.19,3.0,0.2337,-0.1652,0.01,-0.0632,0.2634,-0.0643,2026-08-04,297.58,302.38,297.22,301.71,714740.0,300.744723
2026-08-04T20:35:06.670,45,45,IWM260918P00282000,IWM,2026-09-18,put,282.0,2.35,45.0,2.43,36.0,2.39,2.34,1.0,0.2316,-0.1742,0.0105,-0.0646,0.2725,-0.0678,2026-08-04,297.58,302.38,297.22,301.71,714740.0,300.744723
2026-08-04T20:35:06.670,45,45,IWM260918P00283000,IWM,2026-09-18,put,283.0,2.5,44.0,2.64,34.0,2.5700000000000003,2.49,1.0,0.2309,-0.1849,0.0109,-0.0668,0.283,-0.072,2026-08-04,297.58,302.38,297.22,301.71,714740.0,300.744723
2026-08-04T20:35:06.670,45,45,IWM260918P00284000,IWM,2026-09-18,put,284.0,2.72,1.0,2.78,25.0,2.75,2.64,5.0,0.2297,-0.1957,0.0113,-0.0686,0.293,-0.0763,2026-08-04,297.58,302.38,297.22,301.71,714740.0,300.744723
2026-08-04T20:35:06.670,45,45,IWM260918P00285000,IWM,2026-09-18,put,285.0,2.83,35.0,2.91,33.0,2.87,2.82,10.0,0.2263,-0.2048,0.0118,-0.0693,0.3011,-0.0798,2026-08-04,297.58,302.38,297.22,301.71,714740.0,300.744723
2026-08-04T20:35:06.670,45,45,IWM260918P00286000,IWM,2026-09-18,put,286.0,2.97,68.0,3.15,1.0,3.06,2.92,1.0,0.2249,-0.2163,0.0123,-0.0709,0.3109,-0.0843,2026-08-04,297.58,302.38,297.22,301.71,714740.0,300.744723
2026-08-04T20:35:06.670,45,45,IWM260918P00287000,IWM,2026-09-18,put,287.0,3.16,1.0,3.35,26.0,3.255,3.17,2.0,0.2233,-0.228,0.0128,-0.0723,0.3204,-0.0889,2026-08-04,297.58,302.38,297.22,301.71,714740.0,300.744723
2026-08-04T20:35:06.670,45,45,IWM260918P00288000,IWM,2026-09-18,put,288.0,3.45,76.0,3.54,65.0,3.495,3.38,2.0,0.2228,-0.2412,0.0132,-0.0742,0.3305,-0.0941,2026-08-04,297.58,302.38,297.22,301.71,714740.0,300.744723
2026-08-04T20:35:06.670,45,45,IWM260918P00289000,IWM,2026-09-18,put,289.0,3.59,57.0,3.67,32.0,3.63,3.64,1.0,0.2187,-0.2517,0.0138,-0.0742,0.3382,-0.0982,2026-08-04,297.58,302.38,297.22,301.71,714740.0,300.744723
2026-08-04T20:35:06.670,45,45,IWM260918P00290000,IWM,2026-09-18,put,290.0,3.87,16.0,4.019,49.0,3.9445,3.81,1.0,0.2196,-0.267,0.0141,-0.0766,0.3487,-0.1043,2026-08-04,297.58,302.38,297.22,301.71,714740.0,300.744723
2026-08-04T20:35:06.670,45,45,IWM260918P00291000,IWM,2026-09-18,put,291.0,4.04,125.0,4.15,38.0,4.095000000000001,4.05,1.0,0.2154,-0.2787,0.0147,-0.0764,0.3561,-0.1088,2026-08-04,297.58,302.38,297.22,301.71,714740.0,300.744723
2026-08-04T20:35:06.670,45,45,IWM260918P00292000,IWM,2026-09-18,put,292.0,4.43,76.0,4.52,5.0,4.475,4.31,1.0,0.2173,-0.2955,0.015,-0.0791,0.3661,-0.1155,2026-08-04,297.58,302.38,297.22,301.71,714740.0,300.744723
2026-08-04T20:35:06.670,45,45,IWM260918P00293000,IWM,2026-09-18,put,293.0,4.61,10.0,4.67,10.0,4.640000000000001,4.57,4.0,0.2129,-0.3081,0.0156,-0.0785,0.3731,-0.1204,2026-08-04,297.58,302.38,297.22,301.71,714740.0,300.744723
2026-08-04T20:35:06.670,45,45,IWM260918P00294000,IWM,2026-09-18,put,294.0,4.91,18.0,4.96,25.0,4.9350000000000005,4.86,1.0,0.2117,-0.3235,0.016,-0.0794,0.3809,-0.1265,2026-08-04,297.58,302.38,297.22,301.71,714740.0,300.744723
2026-08-04T20:35:06.670,45,45,IWM260918P00295000,IWM,2026-09-18,put,295.0,5.29,10.0,5.34,21.0,5.3149999999999995,5.27,3.0,0.2123,-0.3404,0.0163,-0.0809,0.3887,-0.1333,2026-08-04,297.58,302.38,297.22,301.71,714740.0,300.744723
2026-08-04T20:35:06.670,45,45,IWM260918P00296000,IWM,2026-09-18,put,296.0,5.5,14.0,5.59,21.0,5.545,5.47,14.0,0.2086,-0.3553,0.0168,-0.0803,0.3949,-0.1391,2026-08-04,297.58,302.38,297.22,301.71,714740.0,300.744723
2026-08-04T20:35:06.670,45,45,IWM260918P00297000,IWM,2026-09-18,put,297.0,5.91,5.0,6.01,10.0,5.96,5.89,2.0,0.2092,-0.3729,0.0171,-0.0815,0.4014,-0.1462,2026-08-04,297.58,302.38,297.22,301.71,714740.0,300.744723
2026-08-04T20:35:06.670,45,45,IWM260918P00298000,IWM,2026-09-18,put,298.0,6.27,20.0,6.29,16.0,6.279999999999999,6.15,2.0,0.2071,-0.3895,0.0175,-0.0812,0.4067,-0.1528,2026-08-04,297.58,302.38,297.22,301.71,714740.0,300.744723
2026-08-04T20:35:06.670,45,45,IWM260918P00299000,IWM,2026-09-18,put,299.0,6.53,3.0,6.87,15.0,6.7,6.57,3.0,0.207,-0.4073,0.0177,-0.0817,0.4115,-0.1599,2026-08-04,297.58,302.38,297.22,301.71,714740.0,300.744723
2026-08-04T20:35:06.670,45,45,IWM260918P00300000,IWM,2026-09-18,put,300.0,7.2,14.0,7.29,45.0,7.245,6.91,3.0,0.2094,-0.4257,0.0177,-0.0832,0.4157,-0.1674,2026-08-04,297.58,302.38,297.22,301.71,714740.0,300.744723
2026-08-04T20:35:06.670,45,45,IWM260918P00301000,IWM,2026-09-18,put,301.0,7.38,50.0,7.52,5.0,7.449999999999999,7.43,3.0,0.2033,-0.4427,0.0183,-0.0805,0.4186,-0.174,2026-08-04,297.58,302.38,297.22,301.71,714740.0,300.744723
2026-08-04T20:35:06.670,45,45,IWM260918P00302000,IWM,2026-09-18,put,302.0,8.1,3.0,8.22,29.0,8.16,7.81,1.0,0.2088,-0.4614,0.0179,-0.083,0.421,-0.1818,2026-08-04,297.58,302.38,297.22,301.71,714740.0,300.744723
2026-08-04T20:35:06.670,45,45,IWM260918P00303000,IWM,2026-09-18,put,303.0,8.28,6.0,8.45,1.0,8.364999999999998,8.36,6.0,0.2019,-0.4796,0.0186,-0.0795,0.4225,-0.1889,2026-08-04,297.58,302.38,297.22,301.71,714740.0,300.744723
2026-08-04T20:35:06.670,45,45,IWM260918P00304000,IWM,2026-09-18,put,304.0,8.94,8.0,9.04,4.0,8.989999999999998,8.72,1.0,0.2045,-0.4978,0.0184,-0.0802,0.423,-0.1964,2026-08-04,297.58,302.38,297.22,301.71,714740.0,300.744723
2026-08-04T20:35:06.670,45,45,IWM260918P00305000,IWM,2026-09-18,put,305.0,9.19,25.0,9.61,23.0,9.399999999999999,9.25,1.0,0.2016,-0.5167,0.0186,-0.0781,0.4226,-0.2039,2026-08-04,297.58,302.38,297.22,301.71,714740.0,300.744723
2026-08-04T20:35:06.670,45,45,IWM260918P00306000,IWM,2026-09-18,put,306.0,10.11,8.0,10.23,3.0,10.17,9.76,1.0,0.2068,-0.5335,0.0181,-0.0797,0.4215,-0.2112,2026-08-04,297.58,302.38,297.22,301.71,714740.0,300.744723
2026-08-04T20:35:06.670,45,45,IWM260918P00307000,IWM,2026-09-18,put,307.0,10.33,2.0,10.78,8.0,10.555,10.43,1.0,0.2024,-0.553,0.0184,-0.0766,0.4193,-0.2189,2026-08-04,297.58,302.38,297.22,301.71,714740.0,300.744723
2026-08-04T20:35:06.670,45,45,IWM260918P00308000,IWM,2026-09-18,put,308.0,10.88,8.0,11.45,21.0,11.165,10.97,2.0,0.2029,-0.5708,0.0182,-0.0756,0.4163,-0.2263,2026-08-04,297.58,302.38,297.22,301.71,714740.0,300.744723
2026-08-04T20:35:06.670,45,45,IWM260918P00309000,IWM,2026-09-18,put,309.0,11.53,2.0,11.83,14.0,11.68,11.57,5.0,0.2007,-0.5898,0.0183,-0.073,0.4122,-0.234,2026-08-04,297.58,302.38,297.22,301.71,714740.0,300.744723
2026-08-04T20:35:06.670,45,45,IWM260918P00310000,IWM,2026-09-18,put,310.0,12.29,31.0,12.54,11.0,12.415,12.4,1.0,0.2035,-0.6057,0.0178,-0.0728,0.4081,-0.2408,2026-08-04,297.58,302.38,297.22,301.71,714740.0,300.744723
2026-08-04T20:35:06.670,45,45,IWM260918P00311000,IWM,2026-09-18,put,311.0,12.66,2.0,12.96,2.0,12.81,19.53,1.0,0.1974,-0.6274,0.0181,-0.0678,0.4012,-0.2494,2026-08-04,297.58,302.38,297.22,301.71,714740.0,300.744723
2026-08-04T20:35:06.670,45,45,IWM260918P00312000,IWM,2026-09-18,put,312.0,13.62,2.0,14.08,2.0,13.85,13.88,1.0,0.2071,-0.6372,0.0171,-0.0709,0.3978,-0.2543,2026-08-04,297.58,302.38,297.22,301.71,714740.0,300.744723
2026-08-04T20:35:06.670,45,45,IWM260918P00313000,IWM,2026-09-18,put,313.0,14.2,3.0,14.41,3.0,14.305,,,0.2016,-0.6582,0.0172,-0.0659,0.3893,-0.2627,2026-08-04,297.58,302.38,297.22,301.71,714740.0,300.744723
2026-08-04T20:35:06.670,45,45,IWM260918P00314000,IWM,2026-09-18,put,314.0,15.13,1.0,15.5,2.0,15.315000000000001,,,0.2099,-0.667,0.0163,-0.0683,0.3854,-0.2672,2026-08-04,297.58,302.38,297.22,301.71,714740.0,300.744723
2026-08-04T20:35:06.670,45,45,IWM260918P00315000,IWM,2026-09-18,put,315.0,14.52,1.0,15.84,10.0,15.18,15.62,1.0,0.1876,-0.7053,0.0173,-0.0534,0.3657,-0.2813,2026-08-04,297.58,302.38,297.22,301.71,714740.0,300.744723
2026-08-04T20:35:06.670,45,45,IWM260918P00316000,IWM,2026-09-18,put,316.0,16.34,1.0,17.03,2.0,16.685000000000002,,,0.2089,-0.6988,0.0157,-0.063,0.3693,-0.2807,2026-08-04,297.58,302.38,297.22,301.71,714740.0,300.744723
2026-08-04T20:35:06.670,45,45,IWM260918P00317000,IWM,2026-09-18,put,317.0,16.99,3.0,17.33,3.0,17.159999999999997,,,0.2018,-0.7211,0.0157,-0.0564,0.3562,-0.2896,2026-08-04,297.58,302.38,297.22,301.71,714740.0,300.744723
2026-08-04T20:35:06.670,45,45,IWM260918P00318000,IWM,2026-09-18,put,318.0,18.03,2.0,18.53,15.0,18.28,25.28,3.0,0.2124,-0.7243,0.0148,-0.06,0.3543,-0.2922,2026-08-04,297.58,302.38,297.22,301.71,714740.0,300.744723
2026-08-04T20:35:06.670,45,45,IWM260918P00319000,IWM,2026-09-18,put,319.0,18.49,3.0,19.27,15.0,18.88,,,0.208,-0.743,0.0146,-0.0547,0.3418,-0.2999,2026-08-04,297.58,302.38,297.22,301.71,714740.0,300.744723
2026-08-04T20:35:06.670,45,45,IWM260918P00320000,IWM,2026-09-18,put,320.0,19.13,10.0,19.95,2.0,19.54,19.61,5.0,0.2047,-0.7605,0.0143,-0.05,0.3292,-0.3072,2026-08-04,297.58,302.38,297.22,301.71,714740.0,300.744723
2026-08-04T20:35:06.670,45,45,IWM260918P00321000,IWM,2026-09-18,put,321.0,20.21,2.0,20.65,14.0,20.43,,,0.208,-0.7699,0.0138,-0.0492,0.3221,-0.3118,2026-08-04,297.58,302.38,297.22,301.71,714740.0,300.744723
2026-08-04T20:35:06.670,45,45,IWM260918P00322000,IWM,2026-09-18,put,322.0,21.41,9.0,21.93,2.0,21.67,,,0.222,-0.7664,0.013,-0.0548,0.3248,-0.312,2026-08-04,297.58,302.38,297.22,301.71,714740.0,300.744723
2026-08-04T20:35:06.670,45,45,IWM260918P00323000,IWM,2026-09-18,put,323.0,22.24,2.0,22.49,2.0,22.365,,,0.2189,-0.7819,0.0127,-0.0502,0.3124,-0.3187,2026-08-04,297.58,302.38,297.22,301.71,714740.0,300.744723
2026-08-04T20:35:06.670,45,45,IWM260918P00324000,IWM,2026-09-18,put,324.0,21.45,2.0,24.69,2.0,23.07,,,0.2156,-0.7975,0.0123,-0.0453,0.2991,-0.3254,2026-08-04,297.58,302.38,297.22,301.71,714740.0,300.744723
2026-08-04T20:35:06.670,45,45,IWM260918P00325000,IWM,2026-09-18,put,325.0,22.34,10.0,26.15,10.0,24.244999999999997,34.83,6.0,0.2276,-0.7948,0.0118,-0.0499,0.3014,-0.3258,2026-08-04,297.58,302.38,297.22,301.71,714740.0,300.744723
2026-08-04T20:35:06.670,45,45,IWM260918P00330000,IWM,2026-09-18,put,330.0,27.47,1.0,30.87,10.0,29.17,39.03,82.0,0.2551,-0.8148,0.0099,-0.0528,0.2833,-0.3393,2026-08-04,297.58,302.38,297.22,301.71,714740.0,300.744723
2026-08-04T20:35:06.670,45,45,IWM260918P00335000,IWM,2026-09-18,put,335.0,31.51,20.0,35.27,1.0,33.39,46.32,5.0,0.2532,-0.8582,0.0084,-0.0378,0.238,-0.3607,2026-08-04,297.58,302.38,297.22,301.71,714740.0,300.744723
2026-08-04T20:35:06.670,45,45,IWM260918P00340000,IWM,2026-09-18,put,340.0,36.52,2.0,40.08,2.0,38.3,39.39,1.0,0.2753,-0.8712,0.0072,-0.0381,0.2229,-0.3716,2026-08-04,297.58,302.38,297.22,301.71,714740.0,300.744723
2026-08-04T20:35:06.670,45,45,IWM260918P00345000,IWM,2026-09-18,put,345.0,40.24,30.0,44.63,10.0,42.435,,,0.2543,-0.9188,0.0056,-0.0131,0.1595,-0.3944,2026-08-04,297.58,302.38,297.22,301.71,714740.0,300.744723
2026-08-04T20:35:06.670,45,45,IWM260918P00350000,IWM,2026-09-18,put,350.0,46.69,2.0,50.92,2.0,48.805,67.22,1.0,0.3479,-0.8666,0.0058,-0.0573,0.2284,-0.3828,2026-08-04,297.58,302.38,297.22,301.71,714740.0,300.744723
2026-08-04T20:35:06.670,45,45,IWM260918P00355000,IWM,2026-09-18,put,355.0,51.77,20.0,54.79,10.0,53.28,,,0.3473,-0.8904,0.0051,-0.0446,0.1988,-0.3972,2026-08-04,297.58,302.38,297.22,301.71,714740.0,300.744723
2026-08-04T20:35:06.670,45,45,IWM260918P00360000,IWM,2026-09-18,put,360.0,57.1,2.0,59.48,2.0,58.29,,,0.3707,-0.8944,0.0046,-0.047,0.1935,-0.4049,2026-08-04,297.58,302.38,297.22,301.71,714740.0,300.744723
2026-08-04T20:35:06.670,45,45,IWM260918P00365000,IWM,2026-09-18,put,365.0,60.02,2.0,66.26,10.0,63.14,114.88,1.0,0.385,-0.9034,0.0042,-0.0441,0.1814,-0.4142,2026-08-04,297.58,302.38,297.22,301.71,714740.0,300.744723
2026-08-04T20:35:06.670,45,45,IWM260918P00370000,IWM,2026-09-18,put,370.0,64.86,2.0,71.13,2.0,67.995,,,0.3984,-0.9115,0.0038,-0.041,0.17,-0.4232,2026-08-04,297.58,302.38,297.22,301.71,714740.0,300.744723
2026-08-04T20:35:06.670,45,45,IWM260918P00375000,IWM,2026-09-18,put,375.0,71.89,2.0,75.35,2.0,73.62,,,0.4541,-0.8944,0.0038,-0.0634,0.1936,-0.4238,2026-08-04,297.58,302.38,297.22,301.71,714740.0,300.744723
2026-08-04T20:35:06.670,45,45,IWM260918P00380000,IWM,2026-09-18,put,380.0,76.97,10.0,81.9,1.0,79.435,,,0.5154,-0.8759,0.0037,-0.0901,0.2172,-0.424,2026-08-04,297.58,302.38,297.22,301.71,714740.0,300.744723
2026-08-04T20:35:06.670,45,45,IWM260918P00385000,IWM,2026-09-18,put,385.0,81.46,10.0,85.38,1.0,83.41999999999999,,,0.4853,-0.9055,0.0033,-0.0606,0.1785,-0.44,2026-08-04,297.58,302.38,297.22,301.71,714740.0,300.744723
2026-08-04T20:35:06.670,45,45,IWM260918P00390000,IWM,2026-09-18,put,390.0,87.35,2.0,91.91,10.0,89.63,,,0.5674,-0.8773,0.0034,-0.1004,0.2154,-0.4371,2026-08-04,297.58,302.38,297.22,301.71,714740.0,300.744723
2026-08-04T20:35:06.670,45,45,IWM260918P00395000,IWM,2026-09-18,put,395.0,89.48,30.0,96.83,1.0,93.155,,,0.5096,-0.9171,0.0028,-0.0547,0.1619,-0.4563,2026-08-04,297.58,302.38,297.22,301.71,714740.0,300.744723
2026-08-04T20:35:06.670,60,57,IWM260930C00165000,IWM,2026-09-30,call,165.0,136.38,10.0,139.14,20.0,137.76,129.32,1.0,,,,,,,2026-08-04,297.58,302.38,297.22,301.71,714740.0,300.744723
2026-08-04T20:35:06.670,60,57,IWM260930C00170000,IWM,2026-09-30,call,170.0,129.68,10.0,132.71,1.0,131.195,123.58,1.0,,,,,,,2026-08-04,297.58,302.38,297.22,301.71,714740.0,300.744723
2026-08-04T20:35:06.670,60,57,IWM260930C00175000,IWM,2026-09-30,call,175.0,125.77,10.0,130.389,1.0,128.0795,118.59,1.0,0.5596,0.9954,0.0002,-0.0252,0.0161,0.2694,2026-08-04,297.58,302.38,297.22,301.71,714740.0,300.744723
2026-08-04T20:35:06.670,60,57,IWM260930C00180000,IWM,2026-09-30,call,180.0,122.01,2.0,126.25,1.0,124.13,113.68,1.0,0.7578,0.9711,0.0007,-0.0693,0.0788,0.2641,2026-08-04,297.58,302.38,297.22,301.71,714740.0,300.744723
2026-08-04T20:35:06.670,60,57,IWM260930C00185000,IWM,2026-09-30,call,185.0,114.92,10.0,121.89,1.0,118.405,108.75,1.0,0.6007,0.9863,0.0005,-0.0399,0.0417,0.2802,2026-08-04,297.58,302.38,297.22,301.71,714740.0,300.744723
2026-08-04T20:35:06.670,60,57,IWM260930C00190000,IWM,2026-09-30,call,190.0,112.1,10.0,113.02,1.0,112.56,103.8,1.0,,,,,,,2026-08-04,297.58,302.38,297.22,301.71,714740.0,300.744723
2026-08-04T20:35:06.670,60,57,IWM260930C00195000,IWM,2026-09-30,call,195.0,104.89,10.0,107.92,1.0,106.405,98.89,1.0,,,,,,,2026-08-04,297.58,302.38,297.22,301.71,714740.0,300.744723
2026-08-04T20:35:06.670,60,57,IWM260930C00200000,IWM,2026-09-30,call,200.0,100.2,5.0,104.98,5.0,102.59,93.97,1.0,,,,,,,2026-08-04,297.58,302.38,297.22,301.71,714740.0,300.744723
2026-08-04T20:35:06.670,60,57,IWM260930C00205000,IWM,2026-09-30,call,205.0,95.13,10.0,99.27,1.0,97.19999999999999,89.07,1.0,,,,,,,2026-08-04,297.58,302.38,297.22,301.71,714740.0,300.744723
2026-08-04T20:35:06.670,60,57,IWM260930C00210000,IWM,2026-09-30,call,210.0,90.08,10.0,94.35,1.0,92.215,84.16,1.0,,,,,,,2026-08-04,297.58,302.38,297.22,301.71,714740.0,300.744723
2026-08-04T20:35:06.670,60,57,IWM260930C00211000,IWM,2026-09-30,call,211.0,89.02,10.0,93.58,1.0,91.3,85.94,2.0,,,,,,,2026-08-04,297.58,302.38,297.22,301.71,714740.0,300.744723
2026-08-04T20:35:06.670,60,57,IWM260930C00212000,IWM,2026-09-30,call,212.0,89.17,5.0,92.73,5.0,90.95,82.71,1.0,,,,,,,2026-08-04,297.58,302.38,297.22,301.71,714740.0,300.744723
2026-08-04T20:35:06.670,60,57,IWM260930C00213000,IWM,2026-09-30,call,213.0,88.45,10.0,90.83,5.0,89.64,81.56,1.0,,,,,,,2026-08-04,297.58,302.38,297.22,301.71,714740.0,300.744723
2026-08-04T20:35:06.670,60,57,IWM260930C00214000,IWM,2026-09-30,call,214.0,85.48,10.0,90.52,5.0,88.0,80.27,1.0,,,,,,,2026-08-04,297.58,302.38,297.22,301.71,714740.0,300.744723
2026-08-04T20:35:06.670,60,57,IWM260930C00215000,IWM,2026-09-30,call,215.0,85.89,1.0,90.36,5.0,88.125,79.29,1.0,,,,,,,2026-08-04,297.58,302.38,297.22,301.71,714740.0,300.744723
2026-08-04T20:35:06.670,60,57,IWM260930C00216000,IWM,2026-09-30,call,216.0,85.0,5.0,89.98,5.0,87.49000000000001,78.33,1.0,0.4137,0.9848,0.0008,-0.0376,0.0456,0.3278,2026-08-04,297.58,302.38,297.22,301.71,714740.0,300.744723
2026-08-04T20:35:06.670,60,57,IWM260930C00217000,IWM,2026-09-30,call,217.0,84.86,5.0,88.51,5.0,86.685,77.35,1.0,0.4434,0.9776,0.001,-0.0456,0.0636,0.3256,2026-08-04,297.58,302.38,297.22,301.71,714740.0,300.744723
2026-08-04T20:35:06.670,60,57,IWM260930C00218000,IWM,2026-09-30,call,218.0,83.09,5.0,87.96,5.0,85.525,76.39,1.0,0.4089,0.9835,0.0008,-0.0387,0.049,0.3303,2026-08-04,297.58,302.38,297.22,301.71,714740.0,300.744723
2026-08-04T20:35:06.670,60,57,IWM260930C00219000,IWM,2026-09-30,call,219.0,80.18,5.0,86.74,5.0,83.46000000000001,75.41,1.0,,,,,,,2026-08-04,297.58,302.38,297.22,301.71,714740.0,300.744723
2026-08-04T20:35:06.670,60,57,IWM260930C00220000,IWM,2026-09-30,call,220.0,81.24,1.0,85.82,20.0,83.53,76.22,1.0,0.3977,0.9834,0.0009,-0.0386,0.0492,0.3333,2026-08-04,297.58,302.38,297.22,301.71,714740.0,300.744723
2026-08-04T20:35:06.670,60,57,IWM260930C00221000,IWM,2026-09-30,call,221.0,79.5,1.0,85.3,20.0,82.4,78.01,10.0,0.36,0.9894,0.0007,-0.0322,0.0334,0.3379,2026-08-04,297.58,302.38,297.22,301.71,714740.0,300.744723
2026-08-04T20:35:06.670,60,57,IWM260930C00222000,IWM,2026-09-30,call,222.0,77.81,1.0,81.95,20.0,79.88,78.38,1.0,,,,,,,2026-08-04,297.58,302.38,297.22,301.71,714740.0,300.744723
2026-08-04T20:35:06.670,60,57,IWM260930C00223000,IWM,2026-09-30,call,223.0,77.42,1.0,81.65,10.0,79.535,77.45,2.0,,,,,,,2026-08-04,297.58,302.38,297.22,301.71,714740.0,300.744723
2026-08-04T20:35:06.670,60,57,IWM260930C00224000,IWM,2026-09-30,call,224.0,76.97,1.0,79.49,20.0,78.22999999999999,76.45,2.0,,,,,,,2026-08-04,297.58,302.38,297.22,301.71,714740.0,300.744723
2026-08-04T20:35:06.670,60,57,IWM260930C00225000,IWM,2026-09-30,call,225.0,76.43,1.0,79.35,10.0,77.89,75.17,2.0,,,,,,,2026-08-04,297.58,302.38,297.22,301.71,714740.0,300.744723
2026-08-04T20:35:06.670,60,57,IWM260930C00226000,IWM,2026-09-30,call,226.0,74.0,1.0,78.55,30.0,76.275,74.56,1.0,,,,,,,2026-08-04,297.58,302.38,297.22,301.71,714740.0,300.744723
2026-08-04T20:35:06.670,60,57,IWM260930C00227000,IWM,2026-09-30,call,227.0,74.61,1.0,79.29,1.0,76.95,73.58,1.0,0.4184,0.9674,0.0015,-0.0535,0.087,0.336,2026-08-04,297.58,302.38,297.22,301.71,714740.0,300.744723
2026-08-04T20:35:06.670,60,57,IWM260930C00228000,IWM,2026-09-30,call,228.0,71.23,1.0,78.53,1.0,74.88,72.64,1.0,,,,,,,2026-08-04,297.58,302.38,297.22,301.71,714740.0,300.744723
2026-08-04T20:35:06.670,60,57,IWM260930C00229000,IWM,2026-09-30,call,229.0,71.86,10.0,75.62,1.0,73.74000000000001,71.7,1.0,,,,,,,2026-08-04,297.58,302.38,297.22,301.71,714740.0,300.744723
2026-08-04T20:35:06.670,60,57,IWM260930C00230000,IWM,2026-09-30,call,230.0,70.22,10.0,74.0,1.0,72.11,62.12,1.0,,,,,,,2026-08-04,297.58,302.38,297.22,301.71,714740.0,300.744723
2026-08-04T20:35:06.670,60,57,IWM260930C00231000,IWM,2026-09-30,call,231.0,69.19,10.0,74.64,1.0,71.91499999999999,66.92,1.0,,,,,,,2026-08-04,297.58,302.38,297.22,301.71,714740.0,300.744723
2026-08-04T20:35:06.670,60,57,IWM260930C00232000,IWM,2026-09-30,call,232.0,67.63,10.0,73.28,5.0,70.455,67.36,1.0,,,,,,,2026-08-04,297.58,302.38,297.22,301.71,714740.0,300.744723
2026-08-04T20:35:06.670,60,57,IWM260930C00233000,IWM,2026-09-30,call,233.0,68.44,10.0,72.11,10.0,70.275,67.13,1.0,,,,,,,2026-08-04,297.58,302.38,297.22,301.71,714740.0,300.744723
2026-08-04T20:35:06.670,60,57,IWM260930C00234000,IWM,2026-09-30,call,234.0,67.72,2.0,69.97,1.0,68.845,67.35,20.0,,,,,,,2026-08-04,297.58,302.38,297.22,301.71,714740.0,300.744723
2026-08-04T20:35:06.670,60,57,IWM260930C00235000,IWM,2026-09-30,call,235.0,65.58,10.0,70.3,5.0,67.94,65.45,1.0,,,,,,,2026-08-04,297.58,302.38,297.22,301.71,714740.0,300.744723
2026-08-04T20:35:06.670,60,57,IWM260930C00236000,IWM,2026-09-30,call,236.0,65.37,10.0,68.51,1.0,66.94,57.0,1.0,,,,,,,2026-08-04,297.58,302.38,297.22,301.71,714740.0,300.744723
2026-08-04T20:35:06.670,60,57,IWM260930C00237000,IWM,2026-09-30,call,237.0,64.15,3.0,68.91,1.0,66.53,56.05,1.0,0.2983,0.9847,0.0011,-0.0351,0.0459,0.3605,2026-08-04,297.58,302.38,297.22,301.71,714740.0,300.744723
2026-08-04T20:35:06.670,60,57,IWM260930C00238000,IWM,2026-09-30,call,238.0,62.91,1.0,66.19,1.0,64.55,55.08,1.0,,,,,,,2026-08-04,297.58,302.38,297.22,301.71,714740.0,300.744723
2026-08-04T20:35:06.670,60,57,IWM260930C00239000,IWM,2026-09-30,call,239.0,61.78,10.0,65.209,5.0,63.4945,56.71,4.0,,,,,,,2026-08-04,297.58,302.38,297.22,301.71,714740.0,300.744723
2026-08-04T20:35:06.670,60,57,IWM260930C00240000,IWM,2026-09-30,call,240.0,60.77,2.0,63.95,5.0,62.36,53.17,1.0,,,,,,,2026-08-04,297.58,302.38,297.22,301.71,714740.0,300.744723
2026-08-04T20:35:06.670,60,57,IWM260930C00241000,IWM,2026-09-30,call,241.0,60.91,10.0,63.51,10.0,62.209999999999994,60.37,1.0,,,,,,,2026-08-04,297.58,302.38,297.22,301.71,714740.0,300.744723
2026-08-04T20:35:06.670,60,57,IWM260930C00242000,IWM,2026-09-30,call,242.0,58.2,1.0,63.49,1.0,60.845,59.42,1.0,,,,,,,2026-08-04,297.58,302.38,297.22,301.71,714740.0,300.744723
2026-08-04T20:35:06.670,60,57,IWM260930C00243000,IWM,2026-09-30,call,243.0,58.16,1.0,61.55,5.0,59.855,58.11,1.0,,,,,,,2026-08-04,297.58,302.38,297.22,301.71,714740.0,300.744723
2026-08-04T20:35:06.670,60,57,IWM260930C00244000,IWM,2026-09-30,call,244.0,56.5,10.0,60.98,5.0,58.739999999999995,53.59,2.0,,,,,,,2026-08-04,297.58,302.38,297.22,301.71,714740.0,300.744723
2026-08-04T20:35:06.670,60,57,IWM260930C00245000,IWM,2026-09-30,call,245.0,56.93,10.0,60.74,1.0,58.835,56.11,1.0,0.3019,0.9686,0.002,-0.0457,0.0844,0.3649,2026-08-04,297.58,302.38,297.22,301.71,714740.0,300.744723
2026-08-04T20:35:06.670,60,57,IWM260930C00246000,IWM,2026-09-30,call,246.0,55.56,10.0,59.89,5.0,57.725,50.6,2.0,0.2823,0.9741,0.0018,-0.0415,0.0719,0.3692,2026-08-04,297.58,302.38,297.22,301.71,714740.0,300.744723
2026-08-04T20:35:06.670,60,57,IWM260930C00247000,IWM,2026-09-30,call,247.0,54.6,10.0,59.06,5.0,56.83,49.66,2.0,0.2903,0.9685,0.002,-0.0452,0.0846,0.368,2026-08-04,297.58,302.38,297.22,301.71,714740.0,300.744723
2026-08-04T20:35:06.670,60,57,IWM260930C00248000,IWM,2026-09-30,call,248.0,52.59,1.0,56.98,10.0,54.785,53.91,2.0,,,,,,,2026-08-04,297.58,302.38,297.22,301.71,714740.0,300.744723
2026-08-04T20:35:06.670,60,57,IWM260930C00249000,IWM,2026-09-30,call,249.0,51.8,1.0,56.32,10.0,54.06,47.38,1.0,,,,,,,2026-08-04,297.58,302.38,297.22,301.71,714740.0,300.744723
2026-08-04T20:35:06.670,60,57,IWM260930C00250000,IWM,2026-09-30,call,250.0,51.99,10.0,55.05,30.0,53.519999999999996,45.78,1.0,0.2235,0.9877,0.0012,-0.032,0.0381,0.3822,2026-08-04,297.58,302.38,297.22,301.71,714740.0,300.744723
2026-08-04T20:35:06.670,60,57,IWM260930C00251000,IWM,2026-09-30,call,251.0,50.15,10.0,54.28,30.0,52.215,46.16,1.0,,,,,,,2026-08-04,297.58,302.38,297.22,301.71,714740.0,300.744723
2026-08-04T20:35:06.670,60,57,IWM260930C00252000,IWM,2026-09-30,call,252.0,48.53,10.0,52.67,30.0,50.6,42.67,1.0,,,,,,,2026-08-04,297.58,302.38,297.22,301.71,714740.0,300.744723
2026-08-04T20:35:06.670,60,57,IWM260930C00253000,IWM,2026-09-30,call,253.0,47.86,10.0,53.47,1.0,50.665,39.61,2.0,0.2362,0.9774,0.0019,-0.0377,0.064,0.3818,2026-08-04,297.58,302.38,297.22,301.71,714740.0,300.744723
2026-08-04T20:35:06.670,60,57,IWM260930C00254000,IWM,2026-09-30,call,254.0,48.15,10.0,51.31,1.0,49.730000000000004,50.96,9.0,0.2404,0.9731,0.0022,-0.0401,0.0741,0.3812,2026-08-04,297.58,302.38,297.22,301.71,714740.0,300.744723
2026-08-04T20:35:06.670,60,57,IWM260930C00255000,IWM,2026-09-30,call,255.0,46.9,10.0,50.68,20.0,48.79,37.73,1.0,0.2428,0.9692,0.0024,-0.0421,0.0829,0.3809,2026-08-04,297.58,302.38,297.22,301.71,714740.0,300.744723
2026-08-04T20:35:06.670,60,57,IWM260930C00256000,IWM,2026-09-30,call,256.0,45.62,10.0,50.57,1.0,48.095,41.25,2.0,0.2678,0.9523,0.0031,-0.0518,0.1185,0.374,2026-08-04,297.58,302.38,297.22,301.71,714740.0,300.744723
2026-08-04T20:35:06.670,60,57,IWM260930C00257000,IWM,2026-09-30,call,257.0,44.33,1.0,47.91,5.0,46.12,39.48,1.0,,,,,,,2026-08-04,297.58,302.38,297.22,301.71,714740.0,300.744723
2026-08-04T20:35:06.670,60,57,IWM260930C00258000,IWM,2026-09-30,call,258.0,43.14,10.0,48.68,10.0,45.91,47.17,1.0,0.2402,0.9613,0.0029,-0.0456,0.1001,0.3816,2026-08-04,297.58,302.38,297.22,301.71,714740.0,300.744723
2026-08-04T20:35:06.670,60,57,IWM260930C00259000,IWM,2026-09-30,call,259.0,41.84,10.0,46.44,1.0,44.14,42.14,1.0,,,,,,,2026-08-04,297.58,302.38,297.22,301.71,714740.0,300.744723
2026-08-04T20:35:06.670,60,57,IWM260930C00260000,IWM,2026-09-30,call,260.0,40.88,2.0,45.26,1.0,43.07,32.96,1.0,,,,,,,2026-08-04,297.58,302.38,297.22,301.71,714740.0,300.744723
2026-08-04T20:35:06.670,60,57,IWM260930C00261000,IWM,2026-09-30,call,261.0,40.9,5.0,45.57,5.0,43.235,40.22,3.0,0.2515,0.9423,0.0038,-0.0546,0.1378,0.3769,2026-08-04,297.58,302.38,297.22,301.71,714740.0,300.744723
2026-08-04T20:35:06.670,60,57,IWM260930C00262000,IWM,2026-09-30,call,262.0,39.16,4.0,44.49,30.0,41.825,35.86,2.0,0.2105,0.9654,0.003,-0.0419,0.0913,0.39,2026-08-04,297.58,302.38,297.22,301.71,714740.0,300.744723
2026-08-04T20:35:06.670,60,57,IWM260930C00263000,IWM,2026-09-30,call,263.0,38.84,1.0,43.63,10.0,41.235,32.51,1.0,0.2406,0.9408,0.0041,-0.054,0.1407,0.3793,2026-08-04,297.58,302.38,297.22,301.71,714740.0,300.744723
2026-08-04T20:35:06.670,60,57,IWM260930C00264000,IWM,2026-09-30,call,264.0,37.59,10.0,42.48,20.0,40.035,30.11,1.0,0.2199,0.9511,0.0039,-0.0481,0.1209,0.386,2026-08-04,297.58,302.38,297.22,301.71,714740.0,300.744723
2026-08-04T20:35:06.670,60,57,IWM260930C00265000,IWM,2026-09-30,call,265.0,37.17,10.0,40.3,1.0,38.735,31.1,5.0,0.1846,0.9716,0.0029,-0.0381,0.0775,0.3977,2026-08-04,297.58,302.38,297.22,301.71,714740.0,300.744723
2026-08-04T20:35:06.670,60,57,IWM260930C00270000,IWM,2026-09-30,call,270.0,33.09,11.0,35.39,5.0,34.24,31.04,2.0,0.2031,0.934,0.0053,-0.0521,0.1532,0.387,2026-08-04,297.58,302.38,297.22,301.71,714740.0,300.744723
2026-08-04T20:35:06.670,60,57,IWM260930C00275000,IWM,2026-09-30,call,275.0,27.63,5.0,30.76,3.0,29.195,19.4,1.0,0.1736,0.9308,0.0064,-0.0494,0.1587,0.3934,2026-08-04,297.58,302.38,297.22,301.71,714740.0,300.744723
2026-08-04T20:35:06.670,60,57,IWM260930C00280000,IWM,2026-09-30,call,280.0,23.21,12.0,26.24,6.0,24.725,25.27,1.0,0.1736,0.8886,0.0092,-0.0589,0.2265,0.3804,2026-08-04,297.58,302.38,297.22,301.71,714740.0,300.744723
2026-08-04T20:35:06.670,60,57,IWM260930C00285000,IWM,2026-09-30,call,285.0,21.32,9.0,21.67,1.0,21.495,21.01,1.0,0.2041,0.7964,0.0116,-0.0824,0.3377,0.342,2026-08-04,297.58,302.38,297.22,301.71,714740.0,300.744723
2026-08-04T20:35:06.670,60,57,IWM260930C00290000,IWM,2026-09-30,call,290.0,16.88,15.0,17.19,3.0,17.035,17.61,2.0,0.1837,0.7494,0.0145,-0.0822,0.3797,0.3268,2026-08-04,297.58,302.38,297.22,301.71,714740.0,300.744723
2026-08-04T20:35:06.670,60,57,IWM260930C00295000,IWM,2026-09-30,call,295.0,13.45,4.0,14.01,12.0,13.73,13.05,1.0,0.186,0.6673,0.0164,-0.0895,0.4336,0.2933,2026-08-04,297.58,302.38,297.22,301.71,714740.0,300.744723
2026-08-04T20:35:06.670,60,57,IWM260930C00300000,IWM,2026-09-30,call,300.0,10.49,50.0,10.72,4.0,10.605,10.57,1.0,0.1826,0.5818,0.0179,-0.0912,0.466,0.2578,2026-08-04,297.58,302.38,297.22,301.71,714740.0,300.744723
2026-08-04T20:35:06.670,60,57,IWM260930C00305000,IWM,2026-09-30,call,305.0,7.58,5.0,7.75,3.0,7.665,8.04,3.0,0.1738,0.4891,0.0192,-0.0866,0.4759,0.2187,2026-08-04,297.58,302.38,297.22,301.71,714740.0,300.744723
2026-08-04T20:35:06.670,60,57,IWM260930C00310000,IWM,2026-09-30,call,310.0,5.44,5.0,5.79,4.0,5.615,5.88,2.0,0.1741,0.3961,0.0185,-0.0816,0.4598,0.178,2026-08-04,297.58,302.38,297.22,301.71,714740.0,300.744723
2026-08-04T20:35:06.670,60,57,IWM260930C00315000,IWM,2026-09-30,call,315.0,3.83,9.0,3.88,3.0,3.855,4.12,6.0,0.1709,0.3062,0.0172,-0.0717,0.4187,0.1384,2026-08-04,297.58,302.38,297.22,301.71,714740.0,300.744723
2026-08-04T20:35:06.670,60,57,IWM260930C00320000,IWM,2026-09-30,call,320.0,2.56,8.0,2.71,1.0,2.635,2.72,2.0,0.1709,0.2297,0.0149,-0.061,0.3621,0.1042,2026-08-04,297.58,302.38,297.22,301.71,714740.0,300.744723
2026-08-04T20:35:06.670,60,57,IWM260930C00325000,IWM,2026-09-30,call,325.0,1.72,44.0,1.76,55.0,1.74,1.74,1.0,0.1707,0.1658,0.0122,-0.0493,0.2972,0.0755,2026-08-04,297.58,302.38,297.22,301.71,714740.0,300.744723
2026-08-04T20:35:06.670,60,57,IWM260930C00330000,IWM,2026-09-30,call,330.0,1.11,44.0,1.19,16.0,1.15,1.2,4.0,0.1721,0.1176,0.0096,-0.039,0.2354,0.0537,2026-08-04,297.58,302.38,297.22,301.71,714740.0,300.744723
2026-08-04T20:35:06.670,60,57,IWM260930C00335000,IWM,2026-09-30,call,335.0,0.68,49.0,0.73,7.0,0.7050000000000001,0.75,2.0,0.1712,0.0785,0.0072,-0.0286,0.1748,0.0359,2026-08-04,297.58,302.38,297.22,301.71,714740.0,300.744723
2026-08-04T20:35:06.670,60,57,IWM260930C00340000,IWM,2026-09-30,call,340.0,0.42,51.0,0.47,47.0,0.44499999999999995,0.51,1.0,0.1727,0.0526,0.0052,-0.0209,0.1281,0.0241,2026-08-04,297.58,302.38,297.22,301.71,714740.0,300.744723
2026-08-04T20:35:06.670,60,57,IWM260930C00345000,IWM,2026-09-30,call,345.0,0.28,2.0,0.34,41.0,0.31000000000000005,0.32,2.0,0.1777,0.0375,0.0039,-0.0163,0.0976,0.0172,2026-08-04,297.58,302.38,297.22,301.71,714740.0,300.744723
2026-08-04T20:35:06.670,60,57,IWM260930C00350000,IWM,2026-09-30,call,350.0,0.16,29.0,0.23,91.0,0.195,0.07,35.0,0.1795,0.0247,0.0027,-0.0116,0.0691,0.0114,2026-08-04,297.58,302.38,297.22,301.71,714740.0,300.744723
2026-08-04T20:35:06.670,60,57,IWM260930C00355000,IWM,2026-09-30,call,355.0,0.14,37.0,0.16,4.0,0.15000000000000002,0.15,2.0,0.1868,0.0189,0.0021,-0.0096,0.0551,0.0087,2026-08-04,297.58,302.38,297.22,301.71,714740.0,300.744723
2026-08-04T20:35:06.670,60,57,IWM260930C00360000,IWM,2026-09-30,call,360.0,0.1,27.0,0.12,105.0,0.11,0.01,1.0,0.1924,0.014,0.0016,-0.0076,0.0425,0.0064,2026-08-04,297.58,302.38,297.22,301.71,714740.0,300.744723
2026-08-04T20:35:06.670,60,57,IWM260930C00365000,IWM,2026-09-30,call,365.0,0.03,131.0,0.1,112.0,0.065,0.01,1.0,0.1925,0.0087,0.001,-0.005,0.0281,0.004,2026-08-04,297.58,302.38,297.22,301.71,714740.0,300.744723
2026-08-04T20:35:06.670,60,57,IWM260930C00370000,IWM,2026-09-30,call,370.0,0.05,120.0,0.08,111.0,0.065,0.02,1.0,0.2048,0.0082,0.0009,-0.0051,0.0268,0.0038,2026-08-04,297.58,302.38,297.22,301.71,714740.0,300.744723
2026-08-04T20:35:06.670,60,57,IWM260930P00165000,IWM,2026-09-30,put,165.0,0.04,116.0,0.07,107.0,0.05500000000000001,0.06,1.0,0.574,-0.0025,0.0001,-0.0046,0.0094,-0.0013,2026-08-04,297.58,302.38,297.22,301.71,714740.0,300.744723
2026-08-04T20:35:06.670,60,57,IWM260930P00170000,IWM,2026-09-30,put,170.0,0.05,113.0,0.07,17.0,0.060000000000000005,0.14,1.0,0.5528,-0.0028,0.0001,-0.0049,0.0104,-0.0014,2026-08-04,297.58,302.38,297.22,301.71,714740.0,300.744723
2026-08-04T20:35:06.670,60,57,IWM260930P00175000,IWM,2026-09-30,put,175.0,0.02,110.0,0.04,15.0,0.03,0.15,1.0,0.492,-0.0017,0.0001,-0.0027,0.0065,-0.0008,2026-08-04,297.58,302.38,297.22,301.71,714740.0,300.744723
2026-08-04T20:35:06.670,60,57,IWM260930P00180000,IWM,2026-09-30,put,180.0,0.07,31.0,0.09,19.0,0.08,0.07,3.0,0.5181,-0.0039,0.0002,-0.0062,0.0139,-0.002,2026-08-04,297.58,302.38,297.22,301.71,714740.0,300.744723
2026-08-04T20:35:06.670,60,57,IWM260930P00185000,IWM,2026-09-30,put,185.0,0.08,10.0,0.11,25.0,0.095,0.1,2.0,0.5028,-0.0047,0.0002,-0.0071,0.0165,-0.0024,2026-08-04,297.58,302.38,297.22,301.71,714740.0,300.744723
2026-08-04T20:35:06.670,60,57,IWM260930P00190000,IWM,2026-09-30,put,190.0,0.06,8.0,0.08,114.0,0.07,0.13,2.0,0.4619,-0.0039,0.0002,-0.0055,0.0138,-0.0019,2026-08-04,297.58,302.38,297.22,301.71,714740.0,300.744723
2026-08-04T20:35:06.670,60,57,IWM260930P00195000,IWM,2026-09-30,put,195.0,0.11,113.0,0.14,125.0,0.125,0.14,1.0,0.469,-0.0065,0.0003,-0.0088,0.0218,-0.0033,2026-08-04,297.58,302.38,297.22,301.71,714740.0,300.744723
2026-08-04T20:35:06.670,60,57,IWM260930P00200000,IWM,2026-09-30,put,200.0,0.13,12.0,0.16,159.0,0.14500000000000002,0.18,1.0,0.453,-0.0077,0.0004,-0.0098,0.0253,-0.0039,2026-08-04,297.58,302.38,297.22,301.71,714740.0,300.744723
2026-08-04T20:35:06.670,60,57,IWM260930P00205000,IWM,2026-09-30,put,205.0,0.11,29.0,0.18,51.0,0.145,0.17,3.0,0.4288,-0.0081,0.0004,-0.0097,0.0265,-0.004,2026-08-04,297.58,302.38,297.22,301.71,714740.0,300.744723
2026-08-04T20:35:06.670,60,57,IWM260930P00210000,IWM,2026-09-30,put,210.0,0.18,10.0,0.2,109.0,0.19,0.46,3.0,0.4199,-0.0105,0.0006,-0.0119,0.0333,-0.0053,2026-08-04,297.58,302.38,297.22,301.71,714740.0,300.744723
2026-08-04T20:35:06.670,60,57,IWM260930P00211000,IWM,2026-09-30,put,211.0,0.14,15.0,0.17,30.0,0.15500000000000003,0.43,1.0,0.404,-0.0091,0.0005,-0.0101,0.0293,-0.0045,2026-08-04,297.58,302.38,297.22,301.71,714740.0,300.744723
2026-08-04T20:35:06.670,60,57,IWM260930P00212000,IWM,2026-09-30,put,212.0,0.19,11.0,0.21,102.0,0.2,0.22,1.0,0.4132,-0.0112,0.0006,-0.0124,0.0351,-0.0056,2026-08-04,297.58,302.38,297.22,301.71,714740.0,300.744723
2026-08-04T20:35:06.670,60,57,IWM260930P00213000,IWM,2026-09-30,put,213.0,0.15,107.0,0.18,115.0,0.16499999999999998,0.5,3.0,0.3979,-0.0098,0.0006,-0.0106,0.0312,-0.0049,2026-08-04,297.58,302.38,297.22,301.71,714740.0,300.744723
2026-08-04T20:35:06.670,60,57,IWM260930P00214000,IWM,2026-09-30,put,214.0,0.16,28.0,0.23,48.0,0.195,0.48,1.0,0.4022,-0.0112,0.0006,-0.0121,0.0352,-0.0056,2026-08-04,297.58,302.38,297.22,301.71,714740.0,300.744723
2026-08-04T20:35:06.670,60,57,IWM260930P00215000,IWM,2026-09-30,put,215.0,0.17,8.0,0.23,101.0,0.2,0.19,1.0,0.3989,-0.0116,0.0006,-0.0123,0.0362,-0.0058,2026-08-04,297.58,302.38,297.22,301.71,714740.0,300.744723
2026-08-04T20:35:06.670,60,57,IWM260930P00216000,IWM,2026-09-30,put,216.0,0.21,16.0,0.24,36.0,0.22499999999999998,0.55,13.0,0.4007,-0.0128,0.0007,-0.0135,0.0395,-0.0064,2026-08-04,297.58,302.38,297.22,301.71,714740.0,300.744723
2026-08-04T20:35:06.670,60,57,IWM260930P00217000,IWM,2026-09-30,put,217.0,0.22,10.0,0.25,121.0,0.235,0.57,1.0,0.3984,-0.0134,0.0007,-0.0139,0.041,-0.0067,2026-08-04,297.58,302.38,297.22,301.71,714740.0,300.744723
2026-08-04T20:35:06.670,60,57,IWM260930P00218000,IWM,2026-09-30,put,218.0,0.19,8.0,0.25,106.0,0.22,0.51,1.0,0.3899,-0.0129,0.0007,-0.0132,0.0397,-0.0064,2026-08-04,297.58,302.38,297.22,301.71,714740.0,300.744723
2026-08-04T20:35:06.670,60,57,IWM260930P00219000,IWM,2026-09-30,put,219.0,0.19,10.0,0.26,43.0,0.225,0.54,1.0,0.3864,-0.0133,0.0007,-0.0134,0.0407,-0.0066,2026-08-04,297.58,302.38,297.22,301.71,714740.0,300.744723
2026-08-04T20:35:06.670,60,57,IWM260930P00220000,IWM,2026-09-30,put,220.0,0.2,32.0,0.27,71.0,0.23500000000000001,0.25,8.0,0.384,-0.0139,0.0008,-0.0138,0.0423,-0.0069,2026-08-04,297.58,302.38,297.22,301.71,714740.0,300.744723
2026-08-04T20:35:06.670,60,57,IWM260930P00221000,IWM,2026-09-30,put,221.0,0.25,14.0,0.27,98.0,0.26,0.51,1.0,0.3849,-0.0152,0.0008,-0.0149,0.0456,-0.0076,2026-08-04,297.58,302.38,297.22,301.71,714740.0,300.744723
2026-08-04T20:35:06.670,60,57,IWM260930P00222000,IWM,2026-09-30,put,222.0,0.21,101.0,0.24,104.0,0.22499999999999998,0.53,1.0,0.3722,-0.0137,0.0008,-0.0133,0.0419,-0.0068,2026-08-04,297.58,302.38,297.22,301.71,714740.0,300.744723
2026-08-04T20:35:06.670,60,57,IWM260930P00223000,IWM,2026-09-30,put,223.0,0.26,100.0,0.29,106.0,0.275,0.63,1.0,0.3785,-0.0162,0.0009,-0.0155,0.0482,-0.0081,2026-08-04,297.58,302.38,297.22,301.71,714740.0,300.744723
2026-08-04T20:35:06.670,60,57,IWM260930P00224000,IWM,2026-09-30,put,224.0,0.27,113.0,0.3,112.0,0.28500000000000003,0.57,1.0,0.3758,-0.0168,0.0009,-0.0159,0.0499,-0.0084,2026-08-04,297.58,302.38,297.22,301.71,714740.0,300.744723
2026-08-04T20:35:06.670,60,57,IWM260930P00225000,IWM,2026-09-30,put,225.0,0.24,100.0,0.27,114.0,0.255,0.36,20.0,0.3648,-0.0157,0.0009,-0.0145,0.0469,-0.0078,2026-08-04,297.58,302.38,297.22,301.71,714740.0,300.744723
2026-08-04T20:35:06.670,60,57,IWM260930P00226000,IWM,2026-09-30,put,226.0,0.29,7.0,0.32,26.0,0.305,0.56,1.0,0.37,-0.0181,0.001,-0.0167,0.0531,-0.009,2026-08-04,297.58,302.38,297.22,301.71,714740.0,300.744723
2026-08-04T20:35:06.670,60,57,IWM260930P00227000,IWM,2026-09-30,put,227.0,0.26,97.0,0.33,114.0,0.29500000000000004,0.73,1.0,0.3633,-0.0179,0.001,-0.0162,0.0526,-0.0089,2026-08-04,297.58,302.38,297.22,301.71,714740.0,300.744723
2026-08-04T20:35:06.670,60,57,IWM260930P00228000,IWM,2026-09-30,put,228.0,0.31,94.0,0.33,1.0,0.32,0.31,2.0,0.3632,-0.0192,0.0011,-0.0172,0.0559,-0.0096,2026-08-04,297.58,302.38,297.22,301.71,714740.0,300.744723
2026-08-04T20:35:06.670,60,57,IWM260930P00229000,IWM,2026-09-30,put,229.0,0.32,100.0,0.34,1.0,0.33,0.71,1.0,0.3601,-0.0199,0.0011,-0.0176,0.0576,-0.0099,2026-08-04,297.58,302.38,297.22,301.71,714740.0,300.744723
2026-08-04T20:35:06.670,60,57,IWM260930P00230000,IWM,2026-09-30,put,230.0,0.33,73.0,0.36,59.0,0.345,0.33,19.0,0.3579,-0.0209,0.0012,-0.0181,0.0599,-0.0104,2026-08-04,297.58,302.38,297.22,301.71,714740.0,300.744723
2026-08-04T20:35:06.670,60,57,IWM260930P00231000,IWM,2026-09-30,put,231.0,0.34,99.0,0.37,48.0,0.355,0.7,1.0,0.3547,-0.0216,0.0012,-0.0185,0.0616,-0.0107,2026-08-04,297.58,302.38,297.22,301.71,714740.0,300.744723
2026-08-04T20:35:06.670,60,57,IWM260930P00232000,IWM,2026-09-30,put,232.0,0.31,94.0,0.38,90.0,0.345,0.73,1.0,0.3482,-0.0214,0.0012,-0.018,0.0611,-0.0106,2026-08-04,297.58,302.38,297.22,301.71,714740.0,300.744723
2026-08-04T20:35:06.670,60,57,IWM260930P00233000,IWM,2026-09-30,put,233.0,0.32,12.0,0.35,20.0,0.33499999999999996,0.36,1.0,0.3418,-0.0212,0.0012,-0.0175,0.0607,-0.0105,2026-08-04,297.58,302.38,297.22,301.71,714740.0,300.744723
2026-08-04T20:35:06.670,60,57,IWM260930P00234000,IWM,2026-09-30,put,234.0,0.37,20.0,0.4,17.0,0.385,0.76,1.0,0.3449,-0.0238,0.0014,-0.0195,0.0669,-0.0118,2026-08-04,297.58,302.38,297.22,301.71,714740.0,300.744723
2026-08-04T20:35:06.670,60,57,IWM260930P00235000,IWM,2026-09-30,put,235.0,0.35,10.0,0.41,1.0,0.38,0.4,1.0,0.3393,-0.0239,0.0014,-0.0192,0.067,-0.0118,2026-08-04,297.58,302.38,297.22,301.71,714740.0,300.744723
2026-08-04T20:35:06.670,60,57,IWM260930P00236000,IWM,2026-09-30,put,236.0,0.4,10.0,0.43,34.0,0.41500000000000004,0.84,1.0,0.3395,-0.0258,0.0015,-0.0205,0.0715,-0.0128,2026-08-04,297.58,302.38,297.22,301.71,714740.0,300.744723
2026-08-04T20:35:06.670,60,57,IWM260930P00237000,IWM,2026-09-30,put,237.0,0.37,90.0,0.44,15.0,0.405,0.98,1.0,0.3333,-0.0256,0.0015,-0.02,0.0713,-0.0127,2026-08-04,297.58,302.38,297.22,301.71,714740.0,300.744723
2026-08-04T20:35:06.670,60,57,IWM260930P00238000,IWM,2026-09-30,put,238.0,0.39,5.0,0.42,88.0,0.405,0.55,3.0,0.3284,-0.026,0.0015,-0.0199,0.0721,-0.0129,2026-08-04,297.58,302.38,297.22,301.71,714740.0,300.744723
2026-08-04T20:35:06.670,60,57,IWM260930P00239000,IWM,2026-09-30,put,239.0,0.4,90.0,0.43,20.0,0.41500000000000004,0.56,1.0,0.325,-0.0268,0.0016,-0.0202,0.074,-0.0133,2026-08-04,297.58,302.38,297.22,301.71,714740.0,300.744723
2026-08-04T20:35:06.670,60,57,IWM260930P00240000,IWM,2026-09-30,put,240.0,0.42,8.0,0.45,27.0,0.435,0.45,4.0,0.3228,-0.0281,0.0017,-0.0209,0.0769,-0.0139,2026-08-04,297.58,302.38,297.22,301.71,714740.0,300.744723
2026-08-04T20:35:06.670,60,57,IWM260930P00241000,IWM,2026-09-30,put,241.0,0.43,20.0,0.46,1.0,0.445,1.03,1.0,0.3193,-0.029,0.0017,-0.0212,0.0789,-0.0144,2026-08-04,297.58,302.38,297.22,301.71,714740.0,300.744723
2026-08-04T20:35:06.670,60,57,IWM260930P00242000,IWM,2026-09-30,put,242.0,0.49,82.0,0.52,16.0,0.505,0.61,2.0,0.3217,-0.0321,0.0019,-0.0232,0.086,-0.0159,2026-08-04,297.58,302.38,297.22,301.71,714740.0,300.744723
2026-08-04T20:35:06.670,60,57,IWM260930P00243000,IWM,2026-09-30,put,243.0,0.47,122.0,0.5,29.0,0.485,0.5,30.0,0.3145,-0.0317,0.0019,-0.0224,0.0849,-0.0157,2026-08-04,297.58,302.38,297.22,301.71,714740.0,300.744723
2026-08-04T20:35:06.670,60,57,IWM260930P00244000,IWM,2026-09-30,put,244.0,0.49,77.0,0.56,24.0,0.525,0.52,1.0,0.3141,-0.034,0.002,-0.0237,0.09,-0.0168,2026-08-04,297.58,302.38,297.22,301.71,714740.0,300.744723
2026-08-04T20:35:06.670,60,57,IWM260930P00245000,IWM,2026-09-30,put,245.0,0.55,3.0,0.58,12.0,0.565,0.69,35.0,0.3135,-0.0363,0.0021,-0.025,0.095,-0.018,2026-08-04,297.58,302.38,297.22,301.71,714740.0,300.744723
2026-08-04T20:35:06.670,60,57,IWM260930P00246000,IWM,2026-09-30,put,246.0,0.53,20.0,0.6,29.0,0.565,0.71,2.0,0.3086,-0.0368,0.0022,-0.0248,0.0961,-0.0182,2026-08-04,297.58,302.38,297.22,301.71,714740.0,300.744723
2026-08-04T20:35:06.670,60,57,IWM260930P00247000,IWM,2026-09-30,put,247.0,0.55,26.0,0.62,10.0,0.585,0.76,2.0,0.3057,-0.0383,0.0023,-0.0254,0.0992,-0.019,2026-08-04,297.58,302.38,297.22,301.71,714740.0,300.744723
2026-08-04T20:35:06.670,60,57,IWM260930P00248000,IWM,2026-09-30,put,248.0,0.62,5.0,0.65,74.0,0.635,0.71,6.0,0.3056,-0.0411,0.0024,-0.0269,0.1051,-0.0204,2026-08-04,297.58,302.38,297.22,301.71,714740.0,300.744723
2026-08-04T20:35:06.670,60,57,IWM260930P00249000,IWM,2026-09-30,put,249.0,0.6,11.0,0.63,22.0,0.615,1.18,1.0,0.2987,-0.0408,0.0025,-0.0261,0.1045,-0.0202,2026-08-04,297.58,302.38,297.22,301.71,714740.0,300.744723
2026-08-04T20:35:06.670,60,57,IWM260930P00250000,IWM,2026-09-30,put,250.0,0.62,13.0,0.66,82.0,0.64,0.72,3.0,0.2961,-0.0426,0.0026,-0.0267,0.1081,-0.0211,2026-08-04,297.58,302.38,297.22,301.71,714740.0,300.744723
2026-08-04T20:35:06.670,60,57,IWM260930P00251000,IWM,2026-09-30,put,251.0,0.69,8.0,0.73,85.0,0.71,1.67,1.0,0.2973,-0.0464,0.0027,-0.0287,0.1159,-0.023,2026-08-04,297.58,302.38,297.22,301.71,714740.0,300.744723
2026-08-04T20:35:06.670,60,57,IWM260930P00252000,IWM,2026-09-30,put,252.0,0.68,13.0,0.71,10.0,0.6950000000000001,0.81,2.0,0.291,-0.0464,0.0028,-0.0281,0.116,-0.023,2026-08-04,297.58,302.38,297.22,301.71,714740.0,300.744723
2026-08-04T20:35:06.670,60,57,IWM260930P00253000,IWM,2026-09-30,put,253.0,0.71,8.0,0.74,1.0,0.725,0.81,2.0,0.2885,-0.0485,0.0029,-0.0289,0.1201,-0.024,2026-08-04,297.58,302.38,297.22,301.71,714740.0,300.744723
2026-08-04T20:35:06.670,60,57,IWM260930P00254000,IWM,2026-09-30,put,254.0,0.74,28.0,0.78,76.0,0.76,1.79,4.0,0.2862,-0.0509,0.0031,-0.0297,0.1248,-0.0252,2026-08-04,297.58,302.38,297.22,301.71,714740.0,300.744723
2026-08-04T20:35:06.670,60,57,IWM260930P00255000,IWM,2026-09-30,put,255.0,0.81,20.0,0.82,65.0,0.815,0.89,2.0,0.2854,-0.0541,0.0032,-0.0311,0.1311,-0.0268,2026-08-04,297.58,302.38,297.22,301.71,714740.0,300.744723
2026-08-04T20:35:06.670,60,57,IWM260930P00256000,IWM,2026-09-30,put,256.0,0.84,63.0,0.85,14.0,0.845,1.1,1.0,0.2825,-0.0563,0.0034,-0.0317,0.1353,-0.0279,2026-08-04,297.58,302.38,297.22,301.71,714740.0,300.744723
2026-08-04T20:35:06.670,60,57,IWM260930P00257000,IWM,2026-09-30,put,257.0,0.88,10.0,0.93,162.0,0.905,0.91,1.0,0.2817,-0.0599,0.0035,-0.0332,0.1419,-0.0297,2026-08-04,297.58,302.38,297.22,301.71,714740.0,300.744723
2026-08-04T20:35:06.670,60,57,IWM260930P00258000,IWM,2026-09-30,put,258.0,0.92,13.0,0.93,61.0,0.925,0.91,2.0,0.2779,-0.0617,0.0037,-0.0335,0.1454,-0.0306,2026-08-04,297.58,302.38,297.22,301.71,714740.0,300.744723
2026-08-04T20:35:06.670,60,57,IWM260930P00259000,IWM,2026-09-30,put,259.0,0.92,87.0,1.02,18.0,0.97,3.04,1.0,0.2757,-0.0647,0.0038,-0.0344,0.1508,-0.032,2026-08-04,297.58,302.38,297.22,301.71,714740.0,300.744723
2026-08-04T20:35:06.670,60,57,IWM260930P00260000,IWM,2026-09-30,put,260.0,1.01,16.0,1.06,67.0,1.0350000000000001,1.02,1.0,0.2746,-0.0686,0.004,-0.0358,0.1578,-0.034,2026-08-04,297.58,302.38,297.22,301.71,714740.0,300.744723
2026-08-04T20:35:06.670,60,57,IWM260930P00261000,IWM,2026-09-30,put,261.0,1.05,66.0,1.07,10.0,1.06,1.05,2.0,0.2709,-0.0709,0.0042,-0.0362,0.1618,-0.0351,2026-08-04,297.58,302.38,297.22,301.71,714740.0,300.744723
2026-08-04T20:35:06.670,60,57,IWM260930P00262000,IWM,2026-09-30,put,262.0,1.06,118.0,1.12,10.0,1.09,1.07,5.0,0.2674,-0.0734,0.0044,-0.0366,0.1662,-0.0363,2026-08-04,297.58,302.38,297.22,301.71,714740.0,300.744723
2026-08-04T20:35:06.670,60,57,IWM260930P00263000,IWM,2026-09-30,put,263.0,1.12,11.0,1.17,68.0,1.145,1.14,1.0,0.2653,-0.077,0.0046,-0.0377,0.1724,-0.0381,2026-08-04,297.58,302.38,297.22,301.71,714740.0,300.744723
2026-08-04T20:35:06.670,60,57,IWM260930P00264000,IWM,2026-09-30,put,264.0,1.21,28.0,1.27,60.0,1.24,1.19,1.0,0.2652,-0.0824,0.0048,-0.0396,0.1813,-0.0408,2026-08-04,297.58,302.38,297.22,301.71,714740.0,300.744723
2026-08-04T20:35:06.670,60,57,IWM260930P00265000,IWM,2026-09-30,put,265.0,1.23,10.0,1.29,1.0,1.26,1.26,2.0,0.2608,-0.0847,0.005,-0.0397,0.1852,-0.0419,2026-08-04,297.58,302.38,297.22,301.71,714740.0,300.744723
2026-08-04T20:35:06.670,60,57,IWM260930P00270000,IWM,2026-09-30,put,270.0,1.62,55.0,1.71,35.0,1.665,1.61,1.0,0.2526,-0.1097,0.0062,-0.0461,0.2239,-0.0543,2026-08-04,297.58,302.38,297.22,301.71,714740.0,300.744723
2026-08-04T20:35:06.670,60,57,IWM260930P00275000,IWM,2026-09-30,put,275.0,2.09,91.0,2.13,10.0,2.11,2.05,2.0,0.2414,-0.1382,0.0077,-0.0514,0.2632,-0.0685,2026-08-04,297.58,302.38,297.22,301.71,714740.0,300.744723
2026-08-04T20:35:06.670,60,57,IWM260930P00280000,IWM,2026-09-30,put,280.0,2.72,94.0,2.82,34.0,2.77,2.65,4.0,0.2332,-0.1766,0.0093,-0.0577,0.3094,-0.0876,2026-08-04,297.58,302.38,297.22,301.71,714740.0,300.744723
2026-08-04T20:35:06.670,60,57,IWM260930P00285000,IWM,2026-09-30,put,285.0,3.56,37.0,3.64,7.0,3.6,3.51,1.0,0.2244,-0.2233,0.0111,-0.063,0.3563,-0.1109,2026-08-04,297.58,302.38,297.22,301.71,714740.0,300.744723
2026-08-04T20:35:06.670,60,57,IWM260930P00290000,IWM,2026-09-30,put,290.0,4.72,63.0,4.84,5.0,4.779999999999999,4.59,2.0,0.2188,-0.2818,0.0129,-0.0683,0.403,-0.1404,2026-08-04,297.58,302.38,297.22,301.71,714740.0,300.744723
2026-08-04T20:35:06.670,60,57,IWM260930P00295000,IWM,2026-09-30,put,295.0,6.0,35.0,6.26,27.0,6.13,6.07,3.0,0.2102,-0.3476,0.0147,-0.0702,0.4409,-0.1735,2026-08-04,297.58,302.38,297.22,301.71,714740.0,300.744723
2026-08-04T20:35:06.670,60,57,IWM260930P00300000,IWM,2026-09-30,put,300.0,7.91,1.0,8.06,2.0,7.985,7.95,1.0,0.2054,-0.4239,0.016,-0.0706,0.4674,-0.2124,2026-08-04,297.58,302.38,297.22,301.71,714740.0,300.744723
2026-08-04T20:35:06.670,60,57,IWM260930P00305000,IWM,2026-09-30,put,305.0,10.39,37.0,10.55,33.0,10.47,10.11,1.0,0.2058,-0.5046,0.0162,-0.0696,0.476,-0.2543,2026-08-04,297.58,302.38,297.22,301.71,714740.0,300.744723
2026-08-04T20:35:06.670,60,57,IWM260930P00310000,IWM,2026-09-30,put,310.0,12.35,11.0,13.6,11.0,12.975,13.02,3.0,0.198,-0.5882,0.0165,-0.0616,0.4644,-0.2976,2026-08-04,297.58,302.38,297.22,301.71,714740.0,300.744723
2026-08-04T20:35:06.670,60,57,IWM260930P00315000,IWM,2026-09-30,put,315.0,16.05,11.0,16.78,5.0,16.415,20.6,1.0,0.2021,-0.6617,0.0152,-0.0557,0.4364,-0.3377,2026-08-04,297.58,302.38,297.22,301.71,714740.0,300.744723
2026-08-04T20:35:06.670,60,57,IWM260930P00320000,IWM,2026-09-30,put,320.0,20.35,3.0,21.12,1.0,20.735,28.78,1.0,0.22,-0.7114,0.013,-0.0551,0.4076,-0.3679,2026-08-04,297.58,302.38,297.22,301.71,714740.0,300.744723
2026-08-04T20:35:06.670,60,57,IWM260930P00325000,IWM,2026-09-30,put,325.0,22.53,1.0,25.41,1.0,23.97,34.57,1.0,0.2035,-0.7888,0.0119,-0.0354,0.3451,-0.4094,2026-08-04,297.58,302.38,297.22,301.71,714740.0,300.744723
2026-08-04T20:35:06.670,60,57,IWM260930P00330000,IWM,2026-09-30,put,330.0,28.2,8.0,30.92,1.0,29.560000000000002,32.12,1.0,0.2483,-0.7873,0.0098,-0.0487,0.3465,-0.4174,2026-08-04,297.58,302.38,297.22,301.71,714740.0,300.744723
2026-08-04T20:35:06.670,60,57,IWM260930P00335000,IWM,2026-09-30,put,335.0,31.45,5.0,35.63,10.0,33.54,39.28,28.0,0.2427,-0.8351,0.0086,-0.0344,0.2962,-0.4462,2026-08-04,297.58,302.38,297.22,301.71,714740.0,300.744723
2026-08-04T20:35:06.670,60,57,IWM260930P00340000,IWM,2026-09-30,put,340.0,36.55,30.0,39.76,10.0,38.155,54.4,15.0,0.2531,-0.8596,0.0074,-0.0293,0.2661,-0.465,2026-08-04,297.58,302.38,297.22,301.71,714740.0,300.744723
2026-08-04T20:35:06.670,60,57,IWM260930P00345000,IWM,2026-09-30,put,345.0,41.71,5.0,44.97,1.0,43.34,,,0.2832,-0.8606,0.0066,-0.0354,0.2648,-0.4735,2026-08-04,297.58,302.38,297.22,301.71,714740.0,300.744723
2026-08-04T20:35:06.670,60,57,IWM260930P00350000,IWM,2026-09-30,put,350.0,46.67,30.0,49.55,10.0,48.11,,,0.2965,-0.8754,0.0058,-0.0325,0.2452,-0.4879,2026-08-04,297.58,302.38,297.22,301.71,714740.0,300.744723
2026-08-04T20:35:06.670,60,57,IWM260930P00355000,IWM,2026-09-30,put,355.0,51.33,5.0,56.35,10.0,53.84,,,0.3469,-0.8577,0.0054,-0.0504,0.2686,-0.4885,2026-08-04,297.58,302.38,297.22,301.71,714740.0,300.744723
2026-08-04T20:35:06.670,60,57,IWM260930P00360000,IWM,2026-09-30,put,360.0,56.39,5.0,60.48,10.0,58.435,,,0.3527,-0.875,0.0049,-0.0437,0.2457,-0.5039,2026-08-04,297.58,302.38,297.22,301.71,714740.0,300.744723
2026-08-04T20:35:06.670,60,57,IWM260930P00365000,IWM,2026-09-30,put,365.0,61.7,30.0,66.73,10.0,64.215,,,0.4043,-0.8579,0.0047,-0.0628,0.2683,-0.5048,2026-08-04,297.58,302.38,297.22,301.71,714740.0,300.744723
2026-08-04T20:35:06.670,60,57,IWM260930P00370000,IWM,2026-09-30,put,370.0,65.28,10.0,71.12,1.0,68.2,,,0.3837,-0.89,0.0041,-0.0418,0.2245,-0.5262,2026-08-04,297.58,302.38,297.22,301.71,714740.0,300.744723
