capture_ts,target_dte,actual_dte,symbol,underlying,expiration,type,strike,bid,bid_size,ask,ask_size,mid,last_price,last_size,implied_vol,delta,gamma,theta,vega,rho,und_session_date,und_open,und_high,und_low,und_close,und_volume,und_vwap
2026-06-18T20:31:17.854,2,0,MSFT260618C00175000,MSFT,2026-06-18,call,175.0,204.42,17.0,207.26,41.0,205.83999999999997,203.21,1.0,,,,,,,2026-06-18,377.915,381.36,373.32,379.08,1.164157e6,377.639978
2026-06-18T20:31:17.854,2,0,MSFT260618C00180000,MSFT,2026-06-18,call,180.0,194.92,21.0,204.61,30.0,199.765,199.09,1.0,,,,,,,2026-06-18,377.915,381.36,373.32,379.08,1.164157e6,377.639978
2026-06-18T20:31:17.854,2,0,MSFT260618C00185000,MSFT,2026-06-18,call,185.0,189.9,38.0,193.0,25.0,191.45,193.78,1.0,,,,,,,2026-06-18,377.915,381.36,373.32,379.08,1.164157e6,377.639978
2026-06-18T20:31:17.854,2,0,MSFT260618C00190000,MSFT,2026-06-18,call,190.0,186.84,7.0,187.93,12.0,187.385,190.3,1.0,,,,,,,2026-06-18,377.915,381.36,373.32,379.08,1.164157e6,377.639978
2026-06-18T20:31:17.854,2,0,MSFT260618C00195000,MSFT,2026-06-18,call,195.0,181.75,12.0,183.19,30.0,182.47,183.22,1.0,,,,,,,2026-06-18,377.915,381.36,373.32,379.08,1.164157e6,377.639978
2026-06-18T20:31:17.854,2,0,MSFT260618C00200000,MSFT,2026-06-18,call,200.0,178.54,26.0,182.96,26.0,180.75,178.81,2.0,,,,,,,2026-06-18,377.915,381.36,373.32,379.08,1.164157e6,377.639978
2026-06-18T20:31:17.854,2,0,MSFT260618C00205000,MSFT,2026-06-18,call,205.0,171.53,8.0,175.14,29.0,173.33499999999998,173.21,1.0,,,,,,,2026-06-18,377.915,381.36,373.32,379.08,1.164157e6,377.639978
2026-06-18T20:31:17.854,2,0,MSFT260618C00210000,MSFT,2026-06-18,call,210.0,169.78,23.0,171.64,20.0,170.70999999999998,169.61,1.0,,,,,,,2026-06-18,377.915,381.36,373.32,379.08,1.164157e6,377.639978
2026-06-18T20:31:17.854,2,0,MSFT260618C00215000,MSFT,2026-06-18,call,215.0,164.32,13.0,168.33,30.0,166.325,164.3,1.0,,,,,,,2026-06-18,377.915,381.36,373.32,379.08,1.164157e6,377.639978
2026-06-18T20:31:17.854,2,0,MSFT260618C00220000,MSFT,2026-06-18,call,220.0,158.5,42.0,158.97,49.0,158.735,159.98,1.0,,,,,,,2026-06-18,377.915,381.36,373.32,379.08,1.164157e6,377.639978
2026-06-18T20:31:17.854,2,0,MSFT260618C00225000,MSFT,2026-06-18,call,225.0,154.89,13.0,155.5,30.0,155.195,154.66,1.0,,,,,,,2026-06-18,377.915,381.36,373.32,379.08,1.164157e6,377.639978
2026-06-18T20:31:17.854,2,0,MSFT260618C00230000,MSFT,2026-06-18,call,230.0,149.01,30.0,152.79,30.0,150.89999999999998,148.21,2.0,,,,,,,2026-06-18,377.915,381.36,373.32,379.08,1.164157e6,377.639978
2026-06-18T20:31:17.854,2,0,MSFT260618C00235000,MSFT,2026-06-18,call,235.0,143.49,21.0,144.82,20.0,144.155,143.65,1.0,,,,,,,2026-06-18,377.915,381.36,373.32,379.08,1.164157e6,377.639978
2026-06-18T20:31:17.854,2,0,MSFT260618C00240000,MSFT,2026-06-18,call,240.0,136.29,10.0,142.85,14.0,139.57,137.74,1.0,,,,,,,2026-06-18,377.915,381.36,373.32,379.08,1.164157e6,377.639978
2026-06-18T20:31:17.854,2,0,MSFT260618C00245000,MSFT,2026-06-18,call,245.0,131.26,28.0,135.9,15.0,133.57999999999998,133.33,1.0,,,,,,,2026-06-18,377.915,381.36,373.32,379.08,1.164157e6,377.639978
2026-06-18T20:31:17.854,2,0,MSFT260618C00250000,MSFT,2026-06-18,call,250.0,126.16,41.0,132.79,33.0,129.475,129.82,1.0,,,,,,,2026-06-18,377.915,381.36,373.32,379.08,1.164157e6,377.639978
2026-06-18T20:31:17.854,2,0,MSFT260618C00255000,MSFT,2026-06-18,call,255.0,121.77,17.0,125.2,30.0,123.485,190.95,1.0,,,,,,,2026-06-18,377.915,381.36,373.32,379.08,1.164157e6,377.639978
2026-06-18T20:31:17.854,2,0,MSFT260618C00260000,MSFT,2026-06-18,call,260.0,118.79,12.0,121.91,30.0,120.35,119.82,1.0,,,,,,,2026-06-18,377.915,381.36,373.32,379.08,1.164157e6,377.639978
2026-06-18T20:31:17.854,2,0,MSFT260618C00265000,MSFT,2026-06-18,call,265.0,113.07,5.0,116.8,13.0,114.935,114.82,1.0,,,,,,,2026-06-18,377.915,381.36,373.32,379.08,1.164157e6,377.639978
2026-06-18T20:31:17.854,2,0,MSFT260618C00270000,MSFT,2026-06-18,call,270.0,107.98,30.0,110.0,38.0,108.99000000000001,110.22,1.0,,,,,,,2026-06-18,377.915,381.36,373.32,379.08,1.164157e6,377.639978
2026-06-18T20:31:17.854,2,0,MSFT260618C00275000,MSFT,2026-06-18,call,275.0,102.84,30.0,107.82,30.0,105.33,104.95,1.0,,,,,,,2026-06-18,377.915,381.36,373.32,379.08,1.164157e6,377.639978
2026-06-18T20:31:17.854,2,0,MSFT260618C00280000,MSFT,2026-06-18,call,280.0,97.09,13.0,101.36,4.0,99.225,100.0,1.0,,,,,,,2026-06-18,377.915,381.36,373.32,379.08,1.164157e6,377.639978
2026-06-18T20:31:17.854,2,0,MSFT260618C00285000,MSFT,2026-06-18,call,285.0,92.35,19.0,96.42,114.0,94.38499999999999,95.05,1.0,,,,,,,2026-06-18,377.915,381.36,373.32,379.08,1.164157e6,377.639978
2026-06-18T20:31:17.854,2,0,MSFT260618C00290000,MSFT,2026-06-18,call,290.0,87.65,20.0,92.29,48.0,89.97,88.18,1.0,,,,,,,2026-06-18,377.915,381.36,373.32,379.08,1.164157e6,377.639978
2026-06-18T20:31:17.854,2,0,MSFT260618C00295000,MSFT,2026-06-18,call,295.0,84.98,21.0,86.77,2.0,85.875,84.83,1.0,,,,,,,2026-06-18,377.915,381.36,373.32,379.08,1.164157e6,377.639978
2026-06-18T20:31:17.854,2,0,MSFT260618C00300000,MSFT,2026-06-18,call,300.0,80.29,32.0,81.57,53.0,80.93,80.29,1.0,,,,,,,2026-06-18,377.915,381.36,373.32,379.08,1.164157e6,377.639978
2026-06-18T20:31:17.854,2,0,MSFT260618C00305000,MSFT,2026-06-18,call,305.0,73.03,9.0,75.03,6.0,74.03,94.13,3.0,,,,,,,2026-06-18,377.915,381.36,373.32,379.08,1.164157e6,377.639978
2026-06-18T20:31:17.854,2,0,MSFT260618C00310000,MSFT,2026-06-18,call,310.0,68.94,17.0,71.83,47.0,70.38499999999999,69.2,1.0,,,,,,,2026-06-18,377.915,381.36,373.32,379.08,1.164157e6,377.639978
2026-06-18T20:31:17.854,2,0,MSFT260618C00315000,MSFT,2026-06-18,call,315.0,63.39,44.0,65.53,50.0,64.46000000000001,65.05,1.0,,,,,,,2026-06-18,377.915,381.36,373.32,379.08,1.164157e6,377.639978
2026-06-18T20:31:17.854,2,0,MSFT260618C00320000,MSFT,2026-06-18,call,320.0,59.17,26.0,62.2,65.0,60.685,57.8,1.0,,,,,,,2026-06-18,377.915,381.36,373.32,379.08,1.164157e6,377.639978
2026-06-18T20:31:17.854,2,0,MSFT260618C00325000,MSFT,2026-06-18,call,325.0,54.27,22.0,55.34,10.0,54.80500000000001,52.9,1.0,,,,,,,2026-06-18,377.915,381.36,373.32,379.08,1.164157e6,377.639978
2026-06-18T20:31:17.854,2,0,MSFT260618C00330000,MSFT,2026-06-18,call,330.0,47.89,46.0,50.59,78.0,49.24,49.59,2.0,,,,,,,2026-06-18,377.915,381.36,373.32,379.08,1.164157e6,377.639978
2026-06-18T20:31:17.854,2,0,MSFT260618C00335000,MSFT,2026-06-18,call,335.0,44.11,22.0,46.95,113.0,45.53,44.57,1.0,,,,,,,2026-06-18,377.915,381.36,373.32,379.08,1.164157e6,377.639978
2026-06-18T20:31:17.854,2,0,MSFT260618C00337500,MSFT,2026-06-18,call,337.5,40.71,30.0,43.32,30.0,42.015,40.24,1.0,,,,,,,2026-06-18,377.915,381.36,373.32,379.08,1.164157e6,377.639978
2026-06-18T20:31:17.854,2,0,MSFT260618C00340000,MSFT,2026-06-18,call,340.0,39.16,38.0,41.12,49.0,40.14,38.9,1.0,,,,,,,2026-06-18,377.915,381.36,373.32,379.08,1.164157e6,377.639978
2026-06-18T20:31:17.854,2,0,MSFT260618C00342500,MSFT,2026-06-18,call,342.5,35.81,12.0,39.11,2.0,37.46,35.54,1.0,,,,,,,2026-06-18,377.915,381.36,373.32,379.08,1.164157e6,377.639978
2026-06-18T20:31:17.854,2,0,MSFT260618C00345000,MSFT,2026-06-18,call,345.0,33.99,23.0,36.87,59.0,35.43,34.94,1.0,,,,,,,2026-06-18,377.915,381.36,373.32,379.08,1.164157e6,377.639978
2026-06-18T20:31:17.854,2,0,MSFT260618C00347500,MSFT,2026-06-18,call,347.5,31.02,70.0,33.52,46.0,32.27,30.68,1.0,,,,,,,2026-06-18,377.915,381.36,373.32,379.08,1.164157e6,377.639978
2026-06-18T20:31:17.854,2,0,MSFT260618C00350000,MSFT,2026-06-18,call,350.0,28.68,1.0,31.13,35.0,29.905,30.0,1.0,,,,,,,2026-06-18,377.915,381.36,373.32,379.08,1.164157e6,377.639978
2026-06-18T20:31:17.854,2,0,MSFT260618C00352500,MSFT,2026-06-18,call,352.5,25.95,24.0,28.29,27.0,27.119999999999997,26.63,1.0,,,,,,,2026-06-18,377.915,381.36,373.32,379.08,1.164157e6,377.639978
2026-06-18T20:31:17.854,2,0,MSFT260618C00355000,MSFT,2026-06-18,call,355.0,23.74,55.0,26.32,70.0,25.03,22.86,1.0,,,,,,,2026-06-18,377.915,381.36,373.32,379.08,1.164157e6,377.639978
2026-06-18T20:31:17.854,2,0,MSFT260618C00357500,MSFT,2026-06-18,call,357.5,21.02,21.0,23.33,27.0,22.174999999999997,20.62,1.0,,,,,,,2026-06-18,377.915,381.36,373.32,379.08,1.164157e6,377.639978
2026-06-18T20:31:17.854,2,0,MSFT260618C00360000,MSFT,2026-06-18,call,360.0,18.41,29.0,20.11,5.0,19.259999999999998,17.65,1.0,,,,,,,2026-06-18,377.915,381.36,373.32,379.08,1.164157e6,377.639978
2026-06-18T20:31:17.854,2,0,MSFT260618C00362500,MSFT,2026-06-18,call,362.5,15.98,3.0,17.83,29.0,16.905,17.31,1.0,,,,,,,2026-06-18,377.915,381.36,373.32,379.08,1.164157e6,377.639978
2026-06-18T20:31:17.854,2,0,MSFT260618C00365000,MSFT,2026-06-18,call,365.0,14.42,36.0,15.3,88.0,14.86,14.42,1.0,,,,,,,2026-06-18,377.915,381.36,373.32,379.08,1.164157e6,377.639978
2026-06-18T20:31:17.854,2,0,MSFT260618C00367500,MSFT,2026-06-18,call,367.5,11.38,2.0,12.72,38.0,12.05,10.1,1.0,,,,,,,2026-06-18,377.915,381.36,373.32,379.08,1.164157e6,377.639978
2026-06-18T20:31:17.854,2,0,MSFT260618C00370000,MSFT,2026-06-18,call,370.0,8.36,1.0,9.93,121.0,9.145,9.5,2.0,,,,,,,2026-06-18,377.915,381.36,373.32,379.08,1.164157e6,377.639978
2026-06-18T20:31:17.854,2,0,MSFT260618C00372500,MSFT,2026-06-18,call,372.5,6.42,2.0,7.81,11.0,7.115,6.52,2.0,,,,,,,2026-06-18,377.915,381.36,373.32,379.08,1.164157e6,377.639978
2026-06-18T20:31:17.854,2,0,MSFT260618C00375000,MSFT,2026-06-18,call,375.0,3.67,72.0,4.76,200.0,4.215,4.54,1.0,,,,,,,2026-06-18,377.915,381.36,373.32,379.08,1.164157e6,377.639978
2026-06-18T20:31:17.854,2,0,MSFT260618C00377500,MSFT,2026-06-18,call,377.5,1.36,4.0,2.41,48.0,1.8850000000000002,2.02,4.0,,,,,,,2026-06-18,377.915,381.36,373.32,379.08,1.164157e6,377.639978
2026-06-18T20:31:17.854,2,0,MSFT260618C00380000,MSFT,2026-06-18,call,380.0,0.1,4.0,0.13,21.0,0.115,0.12,2.0,,,,,,,2026-06-18,377.915,381.36,373.32,379.08,1.164157e6,377.639978
2026-06-18T20:31:17.854,2,0,MSFT260618C00382500,MSFT,2026-06-18,call,382.5,0.0,0.0,0.01,80.0,0.005,0.01,14.0,,,,,,,2026-06-18,377.915,381.36,373.32,379.08,1.164157e6,377.639978
2026-06-18T20:31:17.854,2,0,MSFT260618C00385000,MSFT,2026-06-18,call,385.0,0.0,0.0,0.03,51.0,0.015,0.01,10.0,,,,,,,2026-06-18,377.915,381.36,373.32,379.08,1.164157e6,377.639978
2026-06-18T20:31:17.854,2,0,MSFT260618C00387500,MSFT,2026-06-18,call,387.5,0.0,0.0,0.01,36.0,0.005,0.01,1.0,,,,,,,2026-06-18,377.915,381.36,373.32,379.08,1.164157e6,377.639978
2026-06-18T20:31:17.854,2,0,MSFT260618C00390000,MSFT,2026-06-18,call,390.0,0.0,0.0,0.01,46.0,0.005,0.01,1.0,,,,,,,2026-06-18,377.915,381.36,373.32,379.08,1.164157e6,377.639978
2026-06-18T20:31:17.854,2,0,MSFT260618C00392500,MSFT,2026-06-18,call,392.5,0.0,0.0,0.01,1.0,0.005,0.01,3.0,,,,,,,2026-06-18,377.915,381.36,373.32,379.08,1.164157e6,377.639978
2026-06-18T20:31:17.854,2,0,MSFT260618C00395000,MSFT,2026-06-18,call,395.0,0.0,0.0,0.01,338.0,0.005,0.01,1.0,,,,,,,2026-06-18,377.915,381.36,373.32,379.08,1.164157e6,377.639978
2026-06-18T20:31:17.854,2,0,MSFT260618C00397500,MSFT,2026-06-18,call,397.5,0.0,0.0,0.03,10.0,0.015,0.03,1.0,,,,,,,2026-06-18,377.915,381.36,373.32,379.08,1.164157e6,377.639978
2026-06-18T20:31:17.854,2,0,MSFT260618C00400000,MSFT,2026-06-18,call,400.0,0.0,0.0,0.01,626.0,0.005,0.01,3.0,,,,,,,2026-06-18,377.915,381.36,373.32,379.08,1.164157e6,377.639978
2026-06-18T20:31:17.854,2,0,MSFT260618C00402500,MSFT,2026-06-18,call,402.5,0.0,0.0,0.01,17.0,0.005,0.01,1.0,,,,,,,2026-06-18,377.915,381.36,373.32,379.08,1.164157e6,377.639978
2026-06-18T20:31:17.854,2,0,MSFT260618C00405000,MSFT,2026-06-18,call,405.0,0.0,0.0,0.03,65.0,0.015,0.03,1.0,,,,,,,2026-06-18,377.915,381.36,373.32,379.08,1.164157e6,377.639978
2026-06-18T20:31:17.854,2,0,MSFT260618C00407500,MSFT,2026-06-18,call,407.5,0.0,0.0,0.01,3.0,0.005,0.03,1.0,,,,,,,2026-06-18,377.915,381.36,373.32,379.08,1.164157e6,377.639978
2026-06-18T20:31:17.854,2,0,MSFT260618C00410000,MSFT,2026-06-18,call,410.0,0.0,0.0,0.03,77.0,0.015,0.01,20.0,,,,,,,2026-06-18,377.915,381.36,373.32,379.08,1.164157e6,377.639978
2026-06-18T20:31:17.854,2,0,MSFT260618C00412500,MSFT,2026-06-18,call,412.5,0.0,0.0,0.01,1.0,0.005,0.01,1.0,,,,,,,2026-06-18,377.915,381.36,373.32,379.08,1.164157e6,377.639978
2026-06-18T20:31:17.854,2,0,MSFT260618C00415000,MSFT,2026-06-18,call,415.0,0.0,0.0,0.01,201.0,0.005,0.01,1.0,,,,,,,2026-06-18,377.915,381.36,373.32,379.08,1.164157e6,377.639978
2026-06-18T20:31:17.854,2,0,MSFT260618C00417500,MSFT,2026-06-18,call,417.5,0.0,0.0,0.01,1.0,0.005,0.01,1.0,,,,,,,2026-06-18,377.915,381.36,373.32,379.08,1.164157e6,377.639978
2026-06-18T20:31:17.854,2,0,MSFT260618C00420000,MSFT,2026-06-18,call,420.0,0.0,0.0,0.01,59.0,0.005,0.01,1.0,,,,,,,2026-06-18,377.915,381.36,373.32,379.08,1.164157e6,377.639978
2026-06-18T20:31:17.854,2,0,MSFT260618C00422500,MSFT,2026-06-18,call,422.5,0.0,0.0,0.03,4.0,0.015,0.01,1.0,,,,,,,2026-06-18,377.915,381.36,373.32,379.08,1.164157e6,377.639978
2026-06-18T20:31:17.854,2,0,MSFT260618C00425000,MSFT,2026-06-18,call,425.0,0.0,0.0,0.03,22.0,0.015,0.01,2.0,,,,,,,2026-06-18,377.915,381.36,373.32,379.08,1.164157e6,377.639978
2026-06-18T20:31:17.854,2,0,MSFT260618C00427500,MSFT,2026-06-18,call,427.5,0.0,0.0,0.01,21.0,0.005,0.01,1.0,,,,,,,2026-06-18,377.915,381.36,373.32,379.08,1.164157e6,377.639978
2026-06-18T20:31:17.854,2,0,MSFT260618C00430000,MSFT,2026-06-18,call,430.0,0.0,0.0,0.03,92.0,0.015,0.01,3.0,,,,,,,2026-06-18,377.915,381.36,373.32,379.08,1.164157e6,377.639978
2026-06-18T20:31:17.854,2,0,MSFT260618C00432500,MSFT,2026-06-18,call,432.5,0.0,0.0,0.01,6.0,0.005,0.01,1.0,,,,,,,2026-06-18,377.915,381.36,373.32,379.08,1.164157e6,377.639978
2026-06-18T20:31:17.854,2,0,MSFT260618C00435000,MSFT,2026-06-18,call,435.0,0.0,0.0,0.03,7.0,0.015,0.01,9.0,,,,,,,2026-06-18,377.915,381.36,373.32,379.08,1.164157e6,377.639978
2026-06-18T20:31:17.854,2,0,MSFT260618C00437500,MSFT,2026-06-18,call,437.5,0.0,0.0,0.01,50.0,0.005,0.01,1.0,,,,,,,2026-06-18,377.915,381.36,373.32,379.08,1.164157e6,377.639978
2026-06-18T20:31:17.854,2,0,MSFT260618C00440000,MSFT,2026-06-18,call,440.0,0.0,0.0,0.03,261.0,0.015,0.01,40.0,,,,,,,2026-06-18,377.915,381.36,373.32,379.08,1.164157e6,377.639978
2026-06-18T20:31:17.854,2,0,MSFT260618C00442500,MSFT,2026-06-18,call,442.5,0.0,0.0,0.03,992.0,0.015,0.01,1.0,,,,,,,2026-06-18,377.915,381.36,373.32,379.08,1.164157e6,377.639978
2026-06-18T20:31:17.854,2,0,MSFT260618C00445000,MSFT,2026-06-18,call,445.0,0.0,0.0,0.03,1198.0,0.015,0.01,1.0,,,,,,,2026-06-18,377.915,381.36,373.32,379.08,1.164157e6,377.639978
2026-06-18T20:31:17.854,2,0,MSFT260618C00447500,MSFT,2026-06-18,call,447.5,0.0,0.0,0.01,3352.0,0.005,0.01,81.0,,,,,,,2026-06-18,377.915,381.36,373.32,379.08,1.164157e6,377.639978
2026-06-18T20:31:17.854,2,0,MSFT260618C00450000,MSFT,2026-06-18,call,450.0,0.0,0.0,0.03,500.0,0.015,0.02,1.0,,,,,,,2026-06-18,377.915,381.36,373.32,379.08,1.164157e6,377.639978
2026-06-18T20:31:17.854,2,0,MSFT260618C00452500,MSFT,2026-06-18,call,452.5,0.0,0.0,0.01,20.0,0.005,0.02,1.0,,,,,,,2026-06-18,377.915,381.36,373.32,379.08,1.164157e6,377.639978
2026-06-18T20:31:17.854,2,0,MSFT260618C00455000,MSFT,2026-06-18,call,455.0,0.0,0.0,0.03,1.0,0.015,0.01,16.0,,,,,,,2026-06-18,377.915,381.36,373.32,379.08,1.164157e6,377.639978
2026-06-18T20:31:17.854,2,0,MSFT260618C00460000,MSFT,2026-06-18,call,460.0,0.0,0.0,0.03,32.0,0.015,0.01,5.0,,,,,,,2026-06-18,377.915,381.36,373.32,379.08,1.164157e6,377.639978
2026-06-18T20:31:17.854,2,0,MSFT260618C00465000,MSFT,2026-06-18,call,465.0,0.0,0.0,0.03,37.0,0.015,0.01,1.0,,,,,,,2026-06-18,377.915,381.36,373.32,379.08,1.164157e6,377.639978
2026-06-18T20:31:17.854,2,0,MSFT260618C00470000,MSFT,2026-06-18,call,470.0,0.0,0.0,0.03,63.0,0.015,0.01,2.0,,,,,,,2026-06-18,377.915,381.36,373.32,379.08,1.164157e6,377.639978
2026-06-18T20:31:17.854,2,0,MSFT260618C00475000,MSFT,2026-06-18,call,475.0,0.0,0.0,0.03,1000.0,0.015,0.01,1.0,,,,,,,2026-06-18,377.915,381.36,373.32,379.08,1.164157e6,377.639978
2026-06-18T20:31:17.854,2,0,MSFT260618C00480000,MSFT,2026-06-18,call,480.0,0.0,0.0,0.03,152.0,0.015,0.01,2.0,,,,,,,2026-06-18,377.915,381.36,373.32,379.08,1.164157e6,377.639978
2026-06-18T20:31:17.854,2,0,MSFT260618C00485000,MSFT,2026-06-18,call,485.0,0.0,0.0,0.03,27.0,0.015,0.01,1.0,,,,,,,2026-06-18,377.915,381.36,373.32,379.08,1.164157e6,377.639978
2026-06-18T20:31:17.854,2,0,MSFT260618C00490000,MSFT,2026-06-18,call,490.0,0.0,0.0,0.03,106.0,0.015,0.01,1.0,,,,,,,2026-06-18,377.915,381.36,373.32,379.08,1.164157e6,377.639978
2026-06-18T20:31:17.854,2,0,MSFT260618C00495000,MSFT,2026-06-18,call,495.0,0.0,0.0,0.01,13.0,0.005,0.01,8.0,,,,,,,2026-06-18,377.915,381.36,373.32,379.08,1.164157e6,377.639978
2026-06-18T20:31:17.854,2,0,MSFT260618C00500000,MSFT,2026-06-18,call,500.0,0.0,0.0,0.03,382.0,0.015,0.01,1.0,,,,,,,2026-06-18,377.915,381.36,373.32,379.08,1.164157e6,377.639978
2026-06-18T20:31:17.854,2,0,MSFT260618C00505000,MSFT,2026-06-18,call,505.0,0.0,0.0,0.03,19.0,0.015,0.01,1.0,,,,,,,2026-06-18,377.915,381.36,373.32,379.08,1.164157e6,377.639978
2026-06-18T20:31:17.854,2,0,MSFT260618C00510000,MSFT,2026-06-18,call,510.0,0.0,0.0,0.98,15.0,0.49,0.01,1.0,,,,,,,2026-06-18,377.915,381.36,373.32,379.08,1.164157e6,377.639978
2026-06-18T20:31:17.854,2,0,MSFT260618C00515000,MSFT,2026-06-18,call,515.0,0.0,0.0,0.03,15.0,0.015,0.01,2.0,,,,,,,2026-06-18,377.915,381.36,373.32,379.08,1.164157e6,377.639978
2026-06-18T20:31:17.854,2,0,MSFT260618C00520000,MSFT,2026-06-18,call,520.0,0.0,0.0,0.03,130.0,0.015,0.01,1.0,,,,,,,2026-06-18,377.915,381.36,373.32,379.08,1.164157e6,377.639978
2026-06-18T20:31:17.854,2,0,MSFT260618C00525000,MSFT,2026-06-18,call,525.0,0.0,0.0,0.01,2.0,0.005,0.01,2.0,,,,,,,2026-06-18,377.915,381.36,373.32,379.08,1.164157e6,377.639978
2026-06-18T20:31:17.854,2,0,MSFT260618C00530000,MSFT,2026-06-18,call,530.0,0.0,0.0,0.01,44.0,0.005,0.01,17.0,,,,,,,2026-06-18,377.915,381.36,373.32,379.08,1.164157e6,377.639978
2026-06-18T20:31:17.854,2,0,MSFT260618C00535000,MSFT,2026-06-18,call,535.0,0.0,0.0,0.01,8.0,0.005,0.02,2.0,,,,,,,2026-06-18,377.915,381.36,373.32,379.08,1.164157e6,377.639978
2026-06-18T20:31:17.854,2,0,MSFT260618C00540000,MSFT,2026-06-18,call,540.0,0.0,0.0,0.01,25.0,0.005,0.03,1.0,,,,,,,2026-06-18,377.915,381.36,373.32,379.08,1.164157e6,377.639978
2026-06-18T20:31:17.854,2,0,MSFT260618C00545000,MSFT,2026-06-18,call,545.0,0.0,0.0,0.03,30.0,0.015,0.01,3.0,,,,,,,2026-06-18,377.915,381.36,373.32,379.08,1.164157e6,377.639978
2026-06-18T20:31:17.854,2,0,MSFT260618C00550000,MSFT,2026-06-18,call,550.0,0.0,0.0,0.03,87.0,0.015,0.01,7.0,,,,,,,2026-06-18,377.915,381.36,373.32,379.08,1.164157e6,377.639978
2026-06-18T20:31:17.854,2,0,MSFT260618C00555000,MSFT,2026-06-18,call,555.0,0.0,0.0,0.03,55.0,0.015,0.01,4.0,,,,,,,2026-06-18,377.915,381.36,373.32,379.08,1.164157e6,377.639978
2026-06-18T20:31:17.854,2,0,MSFT260618C00560000,MSFT,2026-06-18,call,560.0,0.0,0.0,0.01,11.0,0.005,0.01,1.0,,,,,,,2026-06-18,377.915,381.36,373.32,379.08,1.164157e6,377.639978
2026-06-18T20:31:17.854,2,0,MSFT260618C00565000,MSFT,2026-06-18,call,565.0,0.0,0.0,0.03,100.0,0.015,0.01,4.0,,,,,,,2026-06-18,377.915,381.36,373.32,379.08,1.164157e6,377.639978
2026-06-18T20:31:17.854,2,0,MSFT260618C00570000,MSFT,2026-06-18,call,570.0,0.0,0.0,0.11,150.0,0.055,0.06,1.0,,,,,,,2026-06-18,377.915,381.36,373.32,379.08,1.164157e6,377.639978
2026-06-18T20:31:17.854,2,0,MSFT260618C00575000,MSFT,2026-06-18,call,575.0,0.0,0.0,0.03,149.0,0.015,0.01,1.0,,,,,,,2026-06-18,377.915,381.36,373.32,379.08,1.164157e6,377.639978
2026-06-18T20:31:17.854,2,0,MSFT260618C00580000,MSFT,2026-06-18,call,580.0,0.0,0.0,0.03,20.0,0.015,0.01,3.0,,,,,,,2026-06-18,377.915,381.36,373.32,379.08,1.164157e6,377.639978
2026-06-18T20:31:17.854,2,0,MSFT260618C00585000,MSFT,2026-06-18,call,585.0,0.0,0.0,0.9,61.0,0.45,0.1,1.0,,,,,,,2026-06-18,377.915,381.36,373.32,379.08,1.164157e6,377.639978
2026-06-18T20:31:17.854,2,0,MSFT260618C00590000,MSFT,2026-06-18,call,590.0,0.0,0.0,0.7,13.0,0.35,0.02,5.0,,,,,,,2026-06-18,377.915,381.36,373.32,379.08,1.164157e6,377.639978
2026-06-18T20:31:17.854,2,0,MSFT260618C00595000,MSFT,2026-06-18,call,595.0,0.0,0.0,0.03,1.0,0.015,0.12,1.0,,,,,,,2026-06-18,377.915,381.36,373.32,379.08,1.164157e6,377.639978
2026-06-18T20:31:17.854,2,0,MSFT260618C00600000,MSFT,2026-06-18,call,600.0,0.0,0.0,0.03,465.0,0.015,0.01,15.0,,,,,,,2026-06-18,377.915,381.36,373.32,379.08,1.164157e6,377.639978
2026-06-18T20:31:17.854,2,0,MSFT260618C00605000,MSFT,2026-06-18,call,605.0,0.0,0.0,0.01,10.0,0.005,0.01,10.0,,,,,,,2026-06-18,377.915,381.36,373.32,379.08,1.164157e6,377.639978
2026-06-18T20:31:17.854,2,0,MSFT260618C00610000,MSFT,2026-06-18,call,610.0,0.0,0.0,0.01,5.0,0.005,0.01,2.0,,,,,,,2026-06-18,377.915,381.36,373.32,379.08,1.164157e6,377.639978
2026-06-18T20:31:17.854,2,0,MSFT260618C00615000,MSFT,2026-06-18,call,615.0,0.0,0.0,0.98,15.0,0.49,0.3,1.0,,,,,,,2026-06-18,377.915,381.36,373.32,379.08,1.164157e6,377.639978
2026-06-18T20:31:17.854,2,0,MSFT260618C00620000,MSFT,2026-06-18,call,620.0,0.0,0.0,0.18,13.0,0.09,0.03,1.0,,,,,,,2026-06-18,377.915,381.36,373.32,379.08,1.164157e6,377.639978
2026-06-18T20:31:17.854,2,0,MSFT260618C00625000,MSFT,2026-06-18,call,625.0,0.0,0.0,0.03,138.0,0.015,0.01,3.0,,,,,,,2026-06-18,377.915,381.36,373.32,379.08,1.164157e6,377.639978
2026-06-18T20:31:17.854,2,0,MSFT260618C00630000,MSFT,2026-06-18,call,630.0,0.0,0.0,0.03,3.0,0.015,0.01,1.0,,,,,,,2026-06-18,377.915,381.36,373.32,379.08,1.164157e6,377.639978
2026-06-18T20:31:17.854,2,0,MSFT260618C00635000,MSFT,2026-06-18,call,635.0,0.0,0.0,0.03,8.0,0.015,0.01,4.0,,,,,,,2026-06-18,377.915,381.36,373.32,379.08,1.164157e6,377.639978
2026-06-18T20:31:17.854,2,0,MSFT260618C00640000,MSFT,2026-06-18,call,640.0,0.0,0.0,0.03,22.0,0.015,0.01,1.0,,,,,,,2026-06-18,377.915,381.36,373.32,379.08,1.164157e6,377.639978
2026-06-18T20:31:17.854,2,0,MSFT260618C00645000,MSFT,2026-06-18,call,645.0,0.0,0.0,0.03,25.0,0.015,0.18,1.0,,,,,,,2026-06-18,377.915,381.36,373.32,379.08,1.164157e6,377.639978
2026-06-18T20:31:17.854,2,0,MSFT260618C00650000,MSFT,2026-06-18,call,650.0,0.0,0.0,0.03,85.0,0.015,0.02,4.0,,,,,,,2026-06-18,377.915,381.36,373.32,379.08,1.164157e6,377.639978
2026-06-18T20:31:17.854,2,0,MSFT260618C00655000,MSFT,2026-06-18,call,655.0,0.0,0.0,0.39,54.0,0.195,0.16,1.0,,,,,,,2026-06-18,377.915,381.36,373.32,379.08,1.164157e6,377.639978
2026-06-18T20:31:17.854,2,0,MSFT260618C00660000,MSFT,2026-06-18,call,660.0,0.0,0.0,0.08,71.0,0.04,0.02,5.0,,,,,,,2026-06-18,377.915,381.36,373.32,379.08,1.164157e6,377.639978
2026-06-18T20:31:17.854,2,0,MSFT260618C00665000,MSFT,2026-06-18,call,665.0,0.0,0.0,0.01,4.0,0.005,0.05,1.0,,,,,,,2026-06-18,377.915,381.36,373.32,379.08,1.164157e6,377.639978
2026-06-18T20:31:17.854,2,0,MSFT260618C00670000,MSFT,2026-06-18,call,670.0,0.0,0.0,0.56,12.0,0.28,0.02,8.0,,,,,,,2026-06-18,377.915,381.36,373.32,379.08,1.164157e6,377.639978
2026-06-18T20:31:17.854,2,0,MSFT260618C00675000,MSFT,2026-06-18,call,675.0,0.0,0.0,0.01,1.0,0.005,0.01,1.0,,,,,,,2026-06-18,377.915,381.36,373.32,379.08,1.164157e6,377.639978
2026-06-18T20:31:17.854,2,0,MSFT260618C00680000,MSFT,2026-06-18,call,680.0,0.0,0.0,0.03,1.0,0.015,0.06,1.0,,,,,,,2026-06-18,377.915,381.36,373.32,379.08,1.164157e6,377.639978
2026-06-18T20:31:17.854,2,0,MSFT260618C00700000,MSFT,2026-06-18,call,700.0,0.0,0.0,0.05,1511.0,0.025,0.05,1.0,,,,,,,2026-06-18,377.915,381.36,373.32,379.08,1.164157e6,377.639978
2026-06-18T20:31:17.854,2,0,MSFT260618C00720000,MSFT,2026-06-18,call,720.0,0.0,0.0,0.01,1007.0,0.005,0.01,1.0,,,,,,,2026-06-18,377.915,381.36,373.32,379.08,1.164157e6,377.639978
2026-06-18T20:31:17.854,2,0,MSFT260618C00740000,MSFT,2026-06-18,call,740.0,0.0,0.0,0.01,1287.0,0.005,0.02,1.0,,,,,,,2026-06-18,377.915,381.36,373.32,379.08,1.164157e6,377.639978
2026-06-18T20:31:17.854,2,0,MSFT260618C00760000,MSFT,2026-06-18,call,760.0,0.0,0.0,0.03,1000.0,0.015,0.04,1.0,,,,,,,2026-06-18,377.915,381.36,373.32,379.08,1.164157e6,377.639978
2026-06-18T20:31:17.854,2,0,MSFT260618C00780000,MSFT,2026-06-18,call,780.0,0.0,0.0,0.01,1000.0,0.005,0.01,1.0,,,,,,,2026-06-18,377.915,381.36,373.32,379.08,1.164157e6,377.639978
2026-06-18T20:31:17.854,2,0,MSFT260618C00800000,MSFT,2026-06-18,call,800.0,0.0,0.0,0.01,1000.0,0.005,0.01,1.0,,,,,,,2026-06-18,377.915,381.36,373.32,379.08,1.164157e6,377.639978
2026-06-18T20:31:17.854,2,0,MSFT260618P00175000,MSFT,2026-06-18,put,175.0,0.0,0.0,0.03,500.0,0.015,0.01,1.0,,,,,,,2026-06-18,377.915,381.36,373.32,379.08,1.164157e6,377.639978
2026-06-18T20:31:17.854,2,0,MSFT260618P00180000,MSFT,2026-06-18,put,180.0,0.0,0.0,0.01,500.0,0.005,0.01,1.0,,,,,,,2026-06-18,377.915,381.36,373.32,379.08,1.164157e6,377.639978
2026-06-18T20:31:17.854,2,0,MSFT260618P00185000,MSFT,2026-06-18,put,185.0,0.0,0.0,0.03,500.0,0.015,0.03,1.0,,,,,,,2026-06-18,377.915,381.36,373.32,379.08,1.164157e6,377.639978
2026-06-18T20:31:17.854,2,0,MSFT260618P00190000,MSFT,2026-06-18,put,190.0,0.0,0.0,0.01,250.0,0.005,0.01,9.0,,,,,,,2026-06-18,377.915,381.36,373.32,379.08,1.164157e6,377.639978
2026-06-18T20:31:17.854,2,0,MSFT260618P00195000,MSFT,2026-06-18,put,195.0,0.0,0.0,0.01,500.0,0.005,0.03,1.0,,,,,,,2026-06-18,377.915,381.36,373.32,379.08,1.164157e6,377.639978
2026-06-18T20:31:17.854,2,0,MSFT260618P00200000,MSFT,2026-06-18,put,200.0,0.0,0.0,0.03,250.0,0.015,0.01,2.0,,,,,,,2026-06-18,377.915,381.36,373.32,379.08,1.164157e6,377.639978
2026-06-18T20:31:17.854,2,0,MSFT260618P00205000,MSFT,2026-06-18,put,205.0,0.0,0.0,0.01,250.0,0.005,0.03,1.0,,,,,,,2026-06-18,377.915,381.36,373.32,379.08,1.164157e6,377.639978
2026-06-18T20:31:17.854,2,0,MSFT260618P00210000,MSFT,2026-06-18,put,210.0,0.0,0.0,0.01,250.0,0.005,0.01,1.0,,,,,,,2026-06-18,377.915,381.36,373.32,379.08,1.164157e6,377.639978
2026-06-18T20:31:17.854,2,0,MSFT260618P00215000,MSFT,2026-06-18,put,215.0,0.0,0.0,0.03,50.0,0.015,0.01,1.0,,,,,,,2026-06-18,377.915,381.36,373.32,379.08,1.164157e6,377.639978
2026-06-18T20:31:17.854,2,0,MSFT260618P00220000,MSFT,2026-06-18,put,220.0,0.0,0.0,0.08,1.0,0.04,0.01,1.0,,,,,,,2026-06-18,377.915,381.36,373.32,379.08,1.164157e6,377.639978
2026-06-18T20:31:17.854,2,0,MSFT260618P00225000,MSFT,2026-06-18,put,225.0,0.0,0.0,0.01,2.0,0.005,0.01,1.0,,,,,,,2026-06-18,377.915,381.36,373.32,379.08,1.164157e6,377.639978
2026-06-18T20:31:17.854,2,0,MSFT260618P00230000,MSFT,2026-06-18,put,230.0,0.0,0.0,1.03,2.0,0.515,0.01,1.0,,,,,,,2026-06-18,377.915,381.36,373.32,379.08,1.164157e6,377.639978
2026-06-18T20:31:17.854,2,0,MSFT260618P00235000,MSFT,2026-06-18,put,235.0,0.0,0.0,0.12,3.0,0.06,0.1,1.0,,,,,,,2026-06-18,377.915,381.36,373.32,379.08,1.164157e6,377.639978
2026-06-18T20:31:17.854,2,0,MSFT260618P00240000,MSFT,2026-06-18,put,240.0,0.0,0.0,0.17,50.0,0.085,0.1,1.0,,,,,,,2026-06-18,377.915,381.36,373.32,379.08,1.164157e6,377.639978
2026-06-18T20:31:17.854,2,0,MSFT260618P00245000,MSFT,2026-06-18,put,245.0,0.0,0.0,0.07,1.0,0.035,0.01,3.0,,,,,,,2026-06-18,377.915,381.36,373.32,379.08,1.164157e6,377.639978
2026-06-18T20:31:17.854,2,0,MSFT260618P00250000,MSFT,2026-06-18,put,250.0,0.0,0.0,0.01,1.0,0.005,0.01,1.0,,,,,,,2026-06-18,377.915,381.36,373.32,379.08,1.164157e6,377.639978
2026-06-18T20:31:17.854,2,0,MSFT260618P00255000,MSFT,2026-06-18,put,255.0,0.0,0.0,0.13,1.0,0.065,0.01,1.0,,,,,,,2026-06-18,377.915,381.36,373.32,379.08,1.164157e6,377.639978
2026-06-18T20:31:17.854,2,0,MSFT260618P00260000,MSFT,2026-06-18,put,260.0,0.0,0.0,0.03,7.0,0.015,0.01,4.0,,,,,,,2026-06-18,377.915,381.36,373.32,379.08,1.164157e6,377.639978
2026-06-18T20:31:17.854,2,0,MSFT260618P00265000,MSFT,2026-06-18,put,265.0,0.0,0.0,0.13,4.0,0.065,0.02,1.0,,,,,,,2026-06-18,377.915,381.36,373.32,379.08,1.164157e6,377.639978
2026-06-18T20:31:17.854,2,0,MSFT260618P00270000,MSFT,2026-06-18,put,270.0,0.0,0.0,0.17,1.0,0.085,0.01,1.0,,,,,,,2026-06-18,377.915,381.36,373.32,379.08,1.164157e6,377.639978
2026-06-18T20:31:17.854,2,0,MSFT260618P00275000,MSFT,2026-06-18,put,275.0,0.0,0.0,0.04,1.0,0.02,0.01,1.0,,,,,,,2026-06-18,377.915,381.36,373.32,379.08,1.164157e6,377.639978
2026-06-18T20:31:17.854,2,0,MSFT260618P00280000,MSFT,2026-06-18,put,280.0,0.0,0.0,0.03,10.0,0.015,0.03,1.0,,,,,,,2026-06-18,377.915,381.36,373.32,379.08,1.164157e6,377.639978
2026-06-18T20:31:17.854,2,0,MSFT260618P00285000,MSFT,2026-06-18,put,285.0,0.0,0.0,0.01,1.0,0.005,0.05,1.0,,,,,,,2026-06-18,377.915,381.36,373.32,379.08,1.164157e6,377.639978
2026-06-18T20:31:17.854,2,0,MSFT260618P00290000,MSFT,2026-06-18,put,290.0,0.0,0.0,0.13,1.0,0.065,0.03,1.0,,,,,,,2026-06-18,377.915,381.36,373.32,379.08,1.164157e6,377.639978
2026-06-18T20:31:17.854,2,0,MSFT260618P00295000,MSFT,2026-06-18,put,295.0,0.0,0.0,0.01,1.0,0.005,0.01,1.0,,,,,,,2026-06-18,377.915,381.36,373.32,379.08,1.164157e6,377.639978
2026-06-18T20:31:17.854,2,0,MSFT260618P00300000,MSFT,2026-06-18,put,300.0,0.0,0.0,0.03,7.0,0.015,0.01,1.0,,,,,,,2026-06-18,377.915,381.36,373.32,379.08,1.164157e6,377.639978
2026-06-18T20:31:17.854,2,0,MSFT260618P00305000,MSFT,2026-06-18,put,305.0,0.0,0.0,0.03,20.0,0.015,0.01,7.0,,,,,,,2026-06-18,377.915,381.36,373.32,379.08,1.164157e6,377.639978
2026-06-18T20:31:17.854,2,0,MSFT260618P00310000,MSFT,2026-06-18,put,310.0,0.0,0.0,1.0,1.0,0.5,0.01,1.0,,,,,,,2026-06-18,377.915,381.36,373.32,379.08,1.164157e6,377.639978
2026-06-18T20:31:17.854,2,0,MSFT260618P00315000,MSFT,2026-06-18,put,315.0,0.0,0.0,0.26,31.0,0.13,0.1,1.0,,,,,,,2026-06-18,377.915,381.36,373.32,379.08,1.164157e6,377.639978
2026-06-18T20:31:17.854,2,0,MSFT260618P00320000,MSFT,2026-06-18,put,320.0,0.0,0.0,0.01,3.0,0.005,0.01,1.0,,,,,,,2026-06-18,377.915,381.36,373.32,379.08,1.164157e6,377.639978
2026-06-18T20:31:17.854,2,0,MSFT260618P00325000,MSFT,2026-06-18,put,325.0,0.0,0.0,0.18,1.0,0.09,0.01,8.0,,,,,,,2026-06-18,377.915,381.36,373.32,379.08,1.164157e6,377.639978
2026-06-18T20:31:17.854,2,0,MSFT260618P00330000,MSFT,2026-06-18,put,330.0,0.0,0.0,0.04,1.0,0.02,0.01,6.0,,,,,,,2026-06-18,377.915,381.36,373.32,379.08,1.164157e6,377.639978
2026-06-18T20:31:17.854,2,0,MSFT260618P00335000,MSFT,2026-06-18,put,335.0,0.0,0.0,0.03,31.0,0.015,0.01,2.0,,,,,,,2026-06-18,377.915,381.36,373.32,379.08,1.164157e6,377.639978
2026-06-18T20:31:17.854,2,0,MSFT260618P00337500,MSFT,2026-06-18,put,337.5,0.0,0.0,0.05,7.0,0.025,0.02,1.0,,,,,,,2026-06-18,377.915,381.36,373.32,379.08,1.164157e6,377.639978
2026-06-18T20:31:17.854,2,0,MSFT260618P00340000,MSFT,2026-06-18,put,340.0,0.0,0.0,0.01,12.0,0.005,0.01,1.0,,,,,,,2026-06-18,377.915,381.36,373.32,379.08,1.164157e6,377.639978
2026-06-18T20:31:17.854,2,0,MSFT260618P00342500,MSFT,2026-06-18,put,342.5,0.0,0.0,0.01,7.0,0.005,0.02,1.0,,,,,,,2026-06-18,377.915,381.36,373.32,379.08,1.164157e6,377.639978
2026-06-18T20:31:17.854,2,0,MSFT260618P00345000,MSFT,2026-06-18,put,345.0,0.0,0.0,0.03,17.0,0.015,0.02,1.0,,,,,,,2026-06-18,377.915,381.36,373.32,379.08,1.164157e6,377.639978
2026-06-18T20:31:17.854,2,0,MSFT260618P00347500,MSFT,2026-06-18,put,347.5,0.0,0.0,0.42,22.0,0.21,0.39,1.0,,,,,,,2026-06-18,377.915,381.36,373.32,379.08,1.164157e6,377.639978
2026-06-18T20:31:17.854,2,0,MSFT260618P00350000,MSFT,2026-06-18,put,350.0,0.0,0.0,0.03,52.0,0.015,0.01,1.0,,,,,,,2026-06-18,377.915,381.36,373.32,379.08,1.164157e6,377.639978
2026-06-18T20:31:17.854,2,0,MSFT260618P00352500,MSFT,2026-06-18,put,352.5,0.0,0.0,1.78,30.0,0.89,0.05,1.0,,,,,,,2026-06-18,377.915,381.36,373.32,379.08,1.164157e6,377.639978
2026-06-18T20:31:17.854,2,0,MSFT260618P00355000,MSFT,2026-06-18,put,355.0,0.0,0.0,0.03,11.0,0.015,0.01,5.0,,,,,,,2026-06-18,377.915,381.36,373.32,379.08,1.164157e6,377.639978
2026-06-18T20:31:17.854,2,0,MSFT260618P00357500,MSFT,2026-06-18,put,357.5,0.0,0.0,0.01,3.0,0.005,0.01,1.0,,,,,,,2026-06-18,377.915,381.36,373.32,379.08,1.164157e6,377.639978
2026-06-18T20:31:17.854,2,0,MSFT260618P00360000,MSFT,2026-06-18,put,360.0,0.0,0.0,0.01,2.0,0.005,0.01,2.0,,,,,,,2026-06-18,377.915,381.36,373.32,379.08,1.164157e6,377.639978
2026-06-18T20:31:17.854,2,0,MSFT260618P00362500,MSFT,2026-06-18,put,362.5,0.0,0.0,0.03,7.0,0.015,0.01,1.0,,,,,,,2026-06-18,377.915,381.36,373.32,379.08,1.164157e6,377.639978
2026-06-18T20:31:17.854,2,0,MSFT260618P00365000,MSFT,2026-06-18,put,365.0,0.0,0.0,0.01,23.0,0.005,0.03,1.0,,,,,,,2026-06-18,377.915,381.36,373.32,379.08,1.164157e6,377.639978
2026-06-18T20:31:17.854,2,0,MSFT260618P00367500,MSFT,2026-06-18,put,367.5,0.0,0.0,0.03,4.0,0.015,0.01,1.0,,,,,,,2026-06-18,377.915,381.36,373.32,379.08,1.164157e6,377.639978
2026-06-18T20:31:17.854,2,0,MSFT260618P00370000,MSFT,2026-06-18,put,370.0,0.0,0.0,0.01,1.0,0.005,0.01,10.0,,,,,,,2026-06-18,377.915,381.36,373.32,379.08,1.164157e6,377.639978
2026-06-18T20:31:17.854,2,0,MSFT260618P00372500,MSFT,2026-06-18,put,372.5,0.0,0.0,0.03,25.0,0.015,0.01,3.0,,,,,,,2026-06-18,377.915,381.36,373.32,379.08,1.164157e6,377.639978
2026-06-18T20:31:17.854,2,0,MSFT260618P00375000,MSFT,2026-06-18,put,375.0,0.0,0.0,0.01,13.0,0.005,0.01,1.0,,,,,,,2026-06-18,377.915,381.36,373.32,379.08,1.164157e6,377.639978
2026-06-18T20:31:17.854,2,0,MSFT260618P00377500,MSFT,2026-06-18,put,377.5,0.03,28.0,0.06,69.0,0.045,0.03,1.0,,,,,,,2026-06-18,377.915,381.36,373.32,379.08,1.164157e6,377.639978
2026-06-18T20:31:17.854,2,0,MSFT260618P00380000,MSFT,2026-06-18,put,380.0,0.66,63.0,0.86,15.0,0.76,0.77,1.0,,,,,,,2026-06-18,377.915,381.36,373.32,379.08,1.164157e6,377.639978
2026-06-18T20:31:17.854,2,0,MSFT260618P00382500,MSFT,2026-06-18,put,382.5,2.73,87.0,4.03,20.0,3.38,3.35,1.0,,,,,,,2026-06-18,377.915,381.36,373.32,379.08,1.164157e6,377.639978
2026-06-18T20:31:17.854,2,0,MSFT260618P00385000,MSFT,2026-06-18,put,385.0,5.22,295.0,6.48,352.0,5.85,5.58,1.0,,,,,,,2026-06-18,377.915,381.36,373.32,379.08,1.164157e6,377.639978
2026-06-18T20:31:17.854,2,0,MSFT260618P00387500,MSFT,2026-06-18,put,387.5,7.58,229.0,8.91,1.0,8.245000000000001,8.0,5.0,,,,,,,2026-06-18,377.915,381.36,373.32,379.08,1.164157e6,377.639978
2026-06-18T20:31:17.854,2,0,MSFT260618P00390000,MSFT,2026-06-18,put,390.0,10.03,119.0,10.89,51.0,10.46,10.89,3.0,,,,,,,2026-06-18,377.915,381.36,373.32,379.08,1.164157e6,377.639978
2026-06-18T20:31:17.854,2,0,MSFT260618P00392500,MSFT,2026-06-18,put,392.5,12.27,150.0,13.5,42.0,12.885,13.5,1.0,,,,,,,2026-06-18,377.915,381.36,373.32,379.08,1.164157e6,377.639978
2026-06-18T20:31:17.854,2,0,MSFT260618P00395000,MSFT,2026-06-18,put,395.0,14.81,179.0,15.49,29.0,15.15,15.49,1.0,,,,,,,2026-06-18,377.915,381.36,373.32,379.08,1.164157e6,377.639978
2026-06-18T20:31:17.854,2,0,MSFT260618P00397500,MSFT,2026-06-18,put,397.5,16.97,178.0,18.67,95.0,17.82,17.4,1.0,,,,,,,2026-06-18,377.915,381.36,373.32,379.08,1.164157e6,377.639978
2026-06-18T20:31:17.854,2,0,MSFT260618P00400000,MSFT,2026-06-18,put,400.0,20.0,281.0,20.62,2.0,20.310000000000002,20.41,1.0,,,,,,,2026-06-18,377.915,381.36,373.32,379.08,1.164157e6,377.639978
2026-06-18T20:31:17.854,2,0,MSFT260618P00402500,MSFT,2026-06-18,put,402.5,22.12,161.0,23.87,50.0,22.995,22.59,1.0,,,,,,,2026-06-18,377.915,381.36,373.32,379.08,1.164157e6,377.639978
2026-06-18T20:31:17.854,2,0,MSFT260618P00405000,MSFT,2026-06-18,put,405.0,25.22,41.0,26.31,1.0,25.765,25.43,1.0,,,,,,,2026-06-18,377.915,381.36,373.32,379.08,1.164157e6,377.639978
2026-06-18T20:31:17.854,2,0,MSFT260618P00407500,MSFT,2026-06-18,put,407.5,26.74,178.0,28.38,27.0,27.56,28.77,1.0,,,,,,,2026-06-18,377.915,381.36,373.32,379.08,1.164157e6,377.639978
2026-06-18T20:31:17.854,2,0,MSFT260618P00410000,MSFT,2026-06-18,put,410.0,30.76,108.0,31.12,112.0,30.94,31.12,1.0,,,,,,,2026-06-18,377.915,381.36,373.32,379.08,1.164157e6,377.639978
2026-06-18T20:31:17.854,2,0,MSFT260618P00412500,MSFT,2026-06-18,put,412.5,30.86,187.0,33.33,67.0,32.095,34.55,1.0,,,,,,,2026-06-18,377.915,381.36,373.32,379.08,1.164157e6,377.639978
2026-06-18T20:31:17.854,2,0,MSFT260618P00415000,MSFT,2026-06-18,put,415.0,33.53,332.0,35.99,116.0,34.760000000000005,36.79,1.0,,,,,,,2026-06-18,377.915,381.36,373.32,379.08,1.164157e6,377.639978
2026-06-18T20:31:17.854,2,0,MSFT260618P00417500,MSFT,2026-06-18,put,417.5,36.19,180.0,38.33,161.0,37.26,39.05,10.0,,,,,,,2026-06-18,377.915,381.36,373.32,379.08,1.164157e6,377.639978
2026-06-18T20:31:17.854,2,0,MSFT260618P00420000,MSFT,2026-06-18,put,420.0,39.98,39.0,41.11,57.0,40.545,40.88,89.0,,,,,,,2026-06-18,377.915,381.36,373.32,379.08,1.164157e6,377.639978
2026-06-18T20:31:17.854,2,0,MSFT260618P00422500,MSFT,2026-06-18,put,422.5,41.32,268.0,44.83,277.0,43.075,42.86,1.0,,,,,,,2026-06-18,377.915,381.36,373.32,379.08,1.164157e6,377.639978
2026-06-18T20:31:17.854,2,0,MSFT260618P00425000,MSFT,2026-06-18,put,425.0,44.46,227.0,46.7,2.0,45.58,47.1,1.0,,,,,,,2026-06-18,377.915,381.36,373.32,379.08,1.164157e6,377.639978
2026-06-18T20:31:17.854,2,0,MSFT260618P00427500,MSFT,2026-06-18,put,427.5,45.72,186.0,47.73,33.0,46.724999999999994,47.65,1.0,,,,,,,2026-06-18,377.915,381.36,373.32,379.08,1.164157e6,377.639978
2026-06-18T20:31:17.854,2,0,MSFT260618P00430000,MSFT,2026-06-18,put,430.0,48.33,257.0,50.73,86.0,49.53,52.41,1.0,,,,,,,2026-06-18,377.915,381.36,373.32,379.08,1.164157e6,377.639978
2026-06-18T20:31:17.854,2,0,MSFT260618P00432500,MSFT,2026-06-18,put,432.5,51.05,52.0,55.74,36.0,53.394999999999996,54.88,1.0,,,,,,,2026-06-18,377.915,381.36,373.32,379.08,1.164157e6,377.639978
2026-06-18T20:31:17.854,2,0,MSFT260618P00435000,MSFT,2026-06-18,put,435.0,53.41,254.0,57.26,52.0,55.334999999999994,57.44,2.0,,,,,,,2026-06-18,377.915,381.36,373.32,379.08,1.164157e6,377.639978
2026-06-18T20:31:17.854,2,0,MSFT260618P00437500,MSFT,2026-06-18,put,437.5,56.5,32.0,58.82,31.0,57.66,61.07,1.0,,,,,,,2026-06-18,377.915,381.36,373.32,379.08,1.164157e6,377.639978
2026-06-18T20:31:17.854,2,0,MSFT260618P00440000,MSFT,2026-06-18,put,440.0,57.82,142.0,63.15,211.0,60.485,62.17,1.0,,,,,,,2026-06-18,377.915,381.36,373.32,379.08,1.164157e6,377.639978
2026-06-18T20:31:17.854,2,0,MSFT260618P00442500,MSFT,2026-06-18,put,442.5,60.64,31.0,64.66,40.0,62.65,64.43,1.0,,,,,,,2026-06-18,377.915,381.36,373.32,379.08,1.164157e6,377.639978
2026-06-18T20:31:17.854,2,0,MSFT260618P00445000,MSFT,2026-06-18,put,445.0,64.91,195.0,66.62,168.0,65.765,67.5,2.0,,,,,,,2026-06-18,377.915,381.36,373.32,379.08,1.164157e6,377.639978
2026-06-18T20:31:17.854,2,0,MSFT260618P00447500,MSFT,2026-06-18,put,447.5,66.87,40.0,68.25,20.0,67.56,68.74,1.0,,,,,,,2026-06-18,377.915,381.36,373.32,379.08,1.164157e6,377.639978
2026-06-18T20:31:17.854,2,0,MSFT260618P00450000,MSFT,2026-06-18,put,450.0,67.7,180.0,72.38,89.0,70.03999999999999,72.68,1.0,,,,,,,2026-06-18,377.915,381.36,373.32,379.08,1.164157e6,377.639978
2026-06-18T20:31:17.854,2,0,MSFT260618P00452500,MSFT,2026-06-18,put,452.5,70.7,24.0,73.73,30.0,72.215,50.15,1.0,,,,,,,2026-06-18,377.915,381.36,373.32,379.08,1.164157e6,377.639978
2026-06-18T20:31:17.854,2,0,MSFT260618P00455000,MSFT,2026-06-18,put,455.0,74.15,103.0,76.0,84.0,75.075,74.42,5.0,,,,,,,2026-06-18,377.915,381.36,373.32,379.08,1.164157e6,377.639978
2026-06-18T20:31:17.854,2,0,MSFT260618P00460000,MSFT,2026-06-18,put,460.0,77.58,146.0,80.21,82.0,78.895,82.07,1.0,,,,,,,2026-06-18,377.915,381.36,373.32,379.08,1.164157e6,377.639978
2026-06-18T20:31:17.854,2,0,MSFT260618P00465000,MSFT,2026-06-18,put,465.0,85.28,136.0,88.65,223.0,86.965,83.6,350.0,,,,,,,2026-06-18,377.915,381.36,373.32,379.08,1.164157e6,377.639978
2026-06-18T20:31:17.854,2,0,MSFT260618P00470000,MSFT,2026-06-18,put,470.0,87.59,73.0,90.6,52.0,89.095,92.12,5.0,,,,,,,2026-06-18,377.915,381.36,373.32,379.08,1.164157e6,377.639978
2026-06-18T20:31:17.854,2,0,MSFT260618P00475000,MSFT,2026-06-18,put,475.0,92.65,40.0,94.42,40.0,93.535,96.32,8.0,,,,,,,2026-06-18,377.915,381.36,373.32,379.08,1.164157e6,377.639978
2026-06-18T20:31:17.854,2,0,MSFT260618P00480000,MSFT,2026-06-18,put,480.0,98.7,133.0,101.15,95.0,99.92500000000001,97.65,150.0,,,,,,,2026-06-18,377.915,381.36,373.32,379.08,1.164157e6,377.639978
2026-06-18T20:31:17.854,2,0,MSFT260618P00485000,MSFT,2026-06-18,put,485.0,102.09,60.0,104.19,11.0,103.14,102.86,400.0,,,,,,,2026-06-18,377.915,381.36,373.32,379.08,1.164157e6,377.639978
2026-06-18T20:31:17.854,2,0,MSFT260618P00490000,MSFT,2026-06-18,put,490.0,107.16,112.0,112.13,81.0,109.645,108.89,300.0,,,,,,,2026-06-18,377.915,381.36,373.32,379.08,1.164157e6,377.639978
2026-06-18T20:31:17.854,2,0,MSFT260618P00495000,MSFT,2026-06-18,put,495.0,111.74,46.0,117.35,46.0,114.54499999999999,115.41,120.0,,,,,,,2026-06-18,377.915,381.36,373.32,379.08,1.164157e6,377.639978
2026-06-18T20:31:17.854,2,0,MSFT260618P00500000,MSFT,2026-06-18,put,500.0,120.05,45.0,122.02,17.0,121.035,120.7,38.0,,,,,,,2026-06-18,377.915,381.36,373.32,379.08,1.164157e6,377.639978
2026-06-18T20:31:17.854,2,0,MSFT260618P00505000,MSFT,2026-06-18,put,505.0,125.03,46.0,125.62,24.0,125.325,124.9,61.0,,,,,,,2026-06-18,377.915,381.36,373.32,379.08,1.164157e6,377.639978
2026-06-18T20:31:17.854,2,0,MSFT260618P00510000,MSFT,2026-06-18,put,510.0,129.9,32.0,132.9,23.0,131.4,79.57,2.0,,,,,,,2026-06-18,377.915,381.36,373.32,379.08,1.164157e6,377.639978
2026-06-18T20:31:17.854,2,0,MSFT260618P00515000,MSFT,2026-06-18,put,515.0,135.19,92.0,138.06,53.0,136.625,132.94,200.0,,,,,,,2026-06-18,377.915,381.36,373.32,379.08,1.164157e6,377.639978
2026-06-18T20:31:17.854,2,0,MSFT260618P00520000,MSFT,2026-06-18,put,520.0,141.11,38.0,142.0,38.0,141.555,137.7,100.0,,,,,,,2026-06-18,377.915,381.36,373.32,379.08,1.164157e6,377.639978
2026-06-18T20:31:17.854,2,0,MSFT260618P00525000,MSFT,2026-06-18,put,525.0,144.13,40.0,145.09,30.0,144.61,144.67,33.0,,,,,,,2026-06-18,377.915,381.36,373.32,379.08,1.164157e6,377.639978
2026-06-18T20:31:17.854,2,0,MSFT260618P00530000,MSFT,2026-06-18,put,530.0,150.61,41.0,153.78,19.0,152.195,151.99,3.0,,,,,,,2026-06-18,377.915,381.36,373.32,379.08,1.164157e6,377.639978
2026-06-18T20:31:17.854,2,0,MSFT260618P00535000,MSFT,2026-06-18,put,535.0,153.9,46.0,157.64,40.0,155.76999999999998,90.25,6.0,,,,,,,2026-06-18,377.915,381.36,373.32,379.08,1.164157e6,377.639978
2026-06-18T20:31:17.854,2,0,MSFT260618P00540000,MSFT,2026-06-18,put,540.0,158.67,1.0,162.21,14.0,160.44,144.8,1.0,,,,,,,2026-06-18,377.915,381.36,373.32,379.08,1.164157e6,377.639978
2026-06-18T20:31:17.854,2,0,MSFT260618P00545000,MSFT,2026-06-18,put,545.0,164.25,21.0,167.34,21.0,165.79500000000002,141.5,1.0,,,,,,,2026-06-18,377.915,381.36,373.32,379.08,1.164157e6,377.639978
2026-06-18T20:31:17.854,2,0,MSFT260618P00550000,MSFT,2026-06-18,put,550.0,169.28,37.0,171.87,39.0,170.575,125.2,21.0,,,,,,,2026-06-18,377.915,381.36,373.32,379.08,1.164157e6,377.639978
2026-06-18T20:31:17.854,2,0,MSFT260618P00555000,MSFT,2026-06-18,put,555.0,173.0,40.0,173.62,40.0,173.31,109.52,5.0,,,,,,,2026-06-18,377.915,381.36,373.32,379.08,1.164157e6,377.639978
2026-06-18T20:31:17.854,2,0,MSFT260618P00560000,MSFT,2026-06-18,put,560.0,181.58,31.0,182.98,22.0,182.28,169.5,10.0,,,,,,,2026-06-18,377.915,381.36,373.32,379.08,1.164157e6,377.639978
2026-06-18T20:31:17.854,2,0,MSFT260618P00565000,MSFT,2026-06-18,put,565.0,183.92,30.0,186.23,27.0,185.075,158.37,3.0,,,,,,,2026-06-18,377.915,381.36,373.32,379.08,1.164157e6,377.639978
2026-06-18T20:31:17.854,2,0,MSFT260618P00570000,MSFT,2026-06-18,put,570.0,190.32,32.0,192.06,16.0,191.19,180.0,1.0,,,,,,,2026-06-18,377.915,381.36,373.32,379.08,1.164157e6,377.639978
2026-06-18T20:31:17.854,2,0,MSFT260618P00575000,MSFT,2026-06-18,put,575.0,192.29,25.0,194.07,25.0,193.18,179.2,10.0,,,,,,,2026-06-18,377.915,381.36,373.32,379.08,1.164157e6,377.639978
2026-06-18T20:31:17.854,2,0,MSFT260618P00580000,MSFT,2026-06-18,put,580.0,198.44,22.0,203.87,16.0,201.155,117.23,1.0,,,,,,,2026-06-18,377.915,381.36,373.32,379.08,1.164157e6,377.639978
2026-06-18T20:31:17.854,2,0,MSFT260618P00585000,MSFT,2026-06-18,put,585.0,206.75,1.0,207.61,5.0,207.18,162.04,1.0,,,,,,,2026-06-18,377.915,381.36,373.32,379.08,1.164157e6,377.639978
2026-06-18T20:31:17.854,2,0,MSFT260618P00590000,MSFT,2026-06-18,put,590.0,210.07,1.0,214.24,30.0,212.155,164.51,1.0,,,,,,,2026-06-18,377.915,381.36,373.32,379.08,1.164157e6,377.639978
2026-06-18T20:31:17.854,2,0,MSFT260618P00595000,MSFT,2026-06-18,put,595.0,210.93,1.0,220.92,23.0,215.925,148.28,1.0,,,,,,,2026-06-18,377.915,381.36,373.32,379.08,1.164157e6,377.639978
2026-06-18T20:31:17.854,2,0,MSFT260618P00600000,MSFT,2026-06-18,put,600.0,219.64,39.0,220.97,35.0,220.305,183.64,1.0,,,,,,,2026-06-18,377.915,381.36,373.32,379.08,1.164157e6,377.639978
2026-06-18T20:31:17.854,2,0,MSFT260618P00605000,MSFT,2026-06-18,put,605.0,219.48,39.0,226.03,39.0,222.755,73.24,1.0,,,,,,,2026-06-18,377.915,381.36,373.32,379.08,1.164157e6,377.639978
2026-06-18T20:31:17.854,2,0,MSFT260618P00610000,MSFT,2026-06-18,put,610.0,225.12,22.0,228.59,21.0,226.85500000000002,219.15,1.0,,,,,,,2026-06-18,377.915,381.36,373.32,379.08,1.164157e6,377.639978
2026-06-18T20:31:17.854,2,0,MSFT260618P00615000,MSFT,2026-06-18,put,615.0,231.86,17.0,234.16,18.0,233.01,131.05,1.0,,,,,,,2026-06-18,377.915,381.36,373.32,379.08,1.164157e6,377.639978
2026-06-18T20:31:17.854,2,0,MSFT260618P00620000,MSFT,2026-06-18,put,620.0,235.23,30.0,246.34,30.0,240.785,135.81,1.0,,,,,,,2026-06-18,377.915,381.36,373.32,379.08,1.164157e6,377.639978
2026-06-18T20:31:17.854,2,0,MSFT260618P00625000,MSFT,2026-06-18,put,625.0,243.46,30.0,248.02,40.0,245.74,141.9,1.0,,,,,,,2026-06-18,377.915,381.36,373.32,379.08,1.164157e6,377.639978
2026-06-18T20:31:17.854,2,0,MSFT260618P00630000,MSFT,2026-06-18,put,630.0,248.82,30.0,256.399,39.0,252.6095,180.99,1.0,,,,,,,2026-06-18,377.915,381.36,373.32,379.08,1.164157e6,377.639978
2026-06-18T20:31:17.854,2,0,MSFT260618P00635000,MSFT,2026-06-18,put,635.0,252.24,22.0,259.769,23.0,256.0045,165.32,1.0,,,,,,,2026-06-18,377.915,381.36,373.32,379.08,1.164157e6,377.639978
2026-06-18T20:31:17.854,2,0,MSFT260618P00640000,MSFT,2026-06-18,put,640.0,257.39,25.0,264.36,21.0,260.875,142.37,1.0,,,,,,,2026-06-18,377.915,381.36,373.32,379.08,1.164157e6,377.639978
2026-06-18T20:31:17.854,2,0,MSFT260618P00645000,MSFT,2026-06-18,put,645.0,259.87,23.0,265.32,18.0,262.595,120.32,1.0,,,,,,,2026-06-18,377.915,381.36,373.32,379.08,1.164157e6,377.639978
2026-06-18T20:31:17.854,2,0,MSFT260618P00650000,MSFT,2026-06-18,put,650.0,264.54,17.0,273.32,16.0,268.93,113.06,1.0,,,,,,,2026-06-18,377.915,381.36,373.32,379.08,1.164157e6,377.639978
2026-06-18T20:31:17.854,2,0,MSFT260618P00655000,MSFT,2026-06-18,put,655.0,275.09,33.0,277.24,23.0,276.16499999999996,127.76,2.0,,,,,,,2026-06-18,377.915,381.36,373.32,379.08,1.164157e6,377.639978
2026-06-18T20:31:17.854,2,0,MSFT260618P00660000,MSFT,2026-06-18,put,660.0,281.6,35.0,286.36,10.0,283.98,169.75,1.0,,,,,,,2026-06-18,377.915,381.36,373.32,379.08,1.164157e6,377.639978
2026-06-18T20:31:17.854,2,0,MSFT260618P00665000,MSFT,2026-06-18,put,665.0,285.95,27.0,290.08,35.0,288.015,127.44,2.0,,,,,,,2026-06-18,377.915,381.36,373.32,379.08,1.164157e6,377.639978
2026-06-18T20:31:17.854,2,0,MSFT260618P00670000,MSFT,2026-06-18,put,670.0,283.65,30.0,287.96,26.0,285.80499999999995,160.85,2.0,,,,,,,2026-06-18,377.915,381.36,373.32,379.08,1.164157e6,377.639978
2026-06-18T20:31:17.854,2,0,MSFT260618P00675000,MSFT,2026-06-18,put,675.0,293.47,22.0,296.22,19.0,294.845,147.05,2.0,,,,,,,2026-06-18,377.915,381.36,373.32,379.08,1.164157e6,377.639978
2026-06-18T20:31:17.854,2,0,MSFT260618P00680000,MSFT,2026-06-18,put,680.0,299.41,1.0,305.94,39.0,302.675,142.85,5.0,,,,,,,2026-06-18,377.915,381.36,373.32,379.08,1.164157e6,377.639978
2026-06-18T20:31:17.854,2,0,MSFT260618P00700000,MSFT,2026-06-18,put,700.0,322.04,31.0,323.17,15.0,322.605,295.29,1.0,,,,,,,2026-06-18,377.915,381.36,373.32,379.08,1.164157e6,377.639978
2026-06-18T20:31:17.854,2,0,MSFT260618P00720000,MSFT,2026-06-18,put,720.0,331.83,8.0,347.09,30.0,339.46,241.1,1.0,,,,,,,2026-06-18,377.915,381.36,373.32,379.08,1.164157e6,377.639978
2026-06-18T20:31:17.854,2,0,MSFT260618P00740000,MSFT,2026-06-18,put,740.0,361.34,1.0,366.09,16.0,363.715,267.1,1.0,,,,,,,2026-06-18,377.915,381.36,373.32,379.08,1.164157e6,377.639978
2026-06-18T20:31:17.854,2,0,MSFT260618P00760000,MSFT,2026-06-18,put,760.0,373.58,1.0,377.89,30.0,375.735,,,,,,,,,2026-06-18,377.915,381.36,373.32,379.08,1.164157e6,377.639978
2026-06-18T20:31:17.854,2,0,MSFT260618P00780000,MSFT,2026-06-18,put,780.0,398.79,1.0,402.64,22.0,400.71500000000003,299.25,1.0,,,,,,,2026-06-18,377.915,381.36,373.32,379.08,1.164157e6,377.639978
2026-06-18T20:31:17.854,2,0,MSFT260618P00800000,MSFT,2026-06-18,put,800.0,423.33,30.0,428.85,18.0,426.09000000000003,,,,,,,,,2026-06-18,377.915,381.36,373.32,379.08,1.164157e6,377.639978
2026-06-18T20:31:17.854,2,4,MSFT260622C00300000,MSFT,2026-06-22,call,300.0,76.77,1.0,80.75,13.0,78.75999999999999,78.24,1.0,,,,,,,2026-06-18,377.915,381.36,373.32,379.08,1.164157e6,377.639978
2026-06-18T20:31:17.854,2,4,MSFT260622C00305000,MSFT,2026-06-22,call,305.0,72.87,2.0,76.17,1.0,74.52000000000001,79.89,1.0,,,,,,,2026-06-18,377.915,381.36,373.32,379.08,1.164157e6,377.639978
2026-06-18T20:31:17.854,2,4,MSFT260622C00310000,MSFT,2026-06-22,call,310.0,67.42,1.0,70.97,3.0,69.195,74.94,1.0,,,,,,,2026-06-18,377.915,381.36,373.32,379.08,1.164157e6,377.639978
2026-06-18T20:31:17.854,2,4,MSFT260622C00315000,MSFT,2026-06-22,call,315.0,62.05,1.0,67.48,6.0,64.765,,,,,,,,,2026-06-18,377.915,381.36,373.32,379.08,1.164157e6,377.639978
2026-06-18T20:31:17.854,2,4,MSFT260622C00320000,MSFT,2026-06-22,call,320.0,57.73,3.0,60.57,3.0,59.15,58.45,1.0,,,,,,,2026-06-18,377.915,381.36,373.32,379.08,1.164157e6,377.639978
2026-06-18T20:31:17.854,2,4,MSFT260622C00325000,MSFT,2026-06-22,call,325.0,53.16,13.0,56.31,53.0,54.735,51.33,1.0,,,,,,,2026-06-18,377.915,381.36,373.32,379.08,1.164157e6,377.639978
2026-06-18T20:31:17.854,2,4,MSFT260622C00330000,MSFT,2026-06-22,call,330.0,48.42,5.0,51.32,5.0,49.870000000000005,47.74,1.0,,,,,,,2026-06-18,377.915,381.36,373.32,379.08,1.164157e6,377.639978
2026-06-18T20:31:17.854,2,4,MSFT260622C00335000,MSFT,2026-06-22,call,335.0,42.69,4.0,46.28,6.0,44.485,42.84,1.0,,,,,,,2026-06-18,377.915,381.36,373.32,379.08,1.164157e6,377.639978
2026-06-18T20:31:17.854,2,4,MSFT260622C00337500,MSFT,2026-06-22,call,337.5,40.98,17.0,43.78,4.0,42.379999999999995,52.39,1.0,,,,,,,2026-06-18,377.915,381.36,373.32,379.08,1.164157e6,377.639978
2026-06-18T20:31:17.854,2,4,MSFT260622C00340000,MSFT,2026-06-22,call,340.0,38.38,21.0,40.72,20.0,39.55,35.48,1.0,,,,,,,2026-06-18,377.915,381.36,373.32,379.08,1.164157e6,377.639978
2026-06-18T20:31:17.854,2,4,MSFT260622C00342500,MSFT,2026-06-22,call,342.5,36.34,10.0,38.94,11.0,37.64,56.5,1.0,,,,,,,2026-06-18,377.915,381.36,373.32,379.08,1.164157e6,377.639978
2026-06-18T20:31:17.854,2,4,MSFT260622C00345000,MSFT,2026-06-22,call,345.0,33.02,9.0,36.65,7.0,34.835,55.0,1.0,,,,,,,2026-06-18,377.915,381.36,373.32,379.08,1.164157e6,377.639978
2026-06-18T20:31:17.854,2,4,MSFT260622C00347500,MSFT,2026-06-22,call,347.5,31.35,30.0,34.46,2.0,32.905,51.15,20.0,0.4248,0.9798,0.0029,-0.1368,0.0194,0.0372,2026-06-18,377.915,381.36,373.32,379.08,1.164157e6,377.639978
2026-06-18T20:31:17.854,2,4,MSFT260622C00350000,MSFT,2026-06-22,call,350.0,29.63,34.0,30.83,66.0,30.229999999999997,29.97,1.0,,,,,,,2026-06-18,377.915,381.36,373.32,379.08,1.164157e6,377.639978
2026-06-18T20:31:17.854,2,4,MSFT260622C00352500,MSFT,2026-06-22,call,352.5,26.05,6.0,28.95,3.0,27.5,,,,,,,,,2026-06-18,377.915,381.36,373.32,379.08,1.164157e6,377.639978
2026-06-18T20:31:17.854,2,4,MSFT260622C00355000,MSFT,2026-06-22,call,355.0,23.78,64.0,26.12,48.0,24.950000000000003,26.3,1.0,,,,,,,2026-06-18,377.915,381.36,373.32,379.08,1.164157e6,377.639978
2026-06-18T20:31:17.854,2,4,MSFT260622C00357500,MSFT,2026-06-22,call,357.5,20.93,47.0,24.42,44.0,22.675,21.5,15.0,,,,,,,2026-06-18,377.915,381.36,373.32,379.08,1.164157e6,377.639978
2026-06-18T20:31:17.854,2,4,MSFT260622C00360000,MSFT,2026-06-22,call,360.0,18.08,18.0,20.99,124.0,19.534999999999997,19.97,1.0,,,,,,,2026-06-18,377.915,381.36,373.32,379.08,1.164157e6,377.639978
2026-06-18T20:31:17.854,2,4,MSFT260622C00362500,MSFT,2026-06-22,call,362.5,15.48,30.0,19.19,20.0,17.335,18.65,1.0,,,,,,,2026-06-18,377.915,381.36,373.32,379.08,1.164157e6,377.639978
2026-06-18T20:31:17.854,2,4,MSFT260622C00365000,MSFT,2026-06-22,call,365.0,14.32,10.0,15.65,157.0,14.985,15.0,10.0,,,,,,,2026-06-18,377.915,381.36,373.32,379.08,1.164157e6,377.639978
2026-06-18T20:31:17.854,2,4,MSFT260622C00367500,MSFT,2026-06-22,call,367.5,10.99,28.0,13.22,22.0,12.105,11.7,1.0,,,,,,,2026-06-18,377.915,381.36,373.32,379.08,1.164157e6,377.639978
2026-06-18T20:31:17.854,2,4,MSFT260622C00370000,MSFT,2026-06-22,call,370.0,9.49,35.0,10.59,1.0,10.04,10.55,10.0,,,,,,,2026-06-18,377.915,381.36,373.32,379.08,1.164157e6,377.639978
2026-06-18T20:31:17.854,2,4,MSFT260622C00372500,MSFT,2026-06-22,call,372.5,7.99,12.0,8.68,64.0,8.335,7.99,1.0,0.1868,0.8573,0.0303,-0.2409,0.0897,0.0348,2026-06-18,377.915,381.36,373.32,379.08,1.164157e6,377.639978
2026-06-18T20:31:17.854,2,4,MSFT260622C00375000,MSFT,2026-06-22,call,375.0,5.37,3.0,6.42,133.0,5.895,6.33,1.0,0.1502,0.8156,0.0446,-0.2292,0.106,0.0333,2026-06-18,377.915,381.36,373.32,379.08,1.164157e6,377.639978
2026-06-18T20:31:17.854,2,4,MSFT260622C00377500,MSFT,2026-06-22,call,377.5,3.79,2.0,4.75,228.0,4.27,4.65,3.0,0.1672,0.6662,0.0547,-0.3272,0.1448,0.0273,2026-06-18,377.915,381.36,373.32,379.08,1.164157e6,377.639978
2026-06-18T20:31:17.854,2,4,MSFT260622C00380000,MSFT,2026-06-22,call,380.0,3.12,53.0,3.23,2.0,3.175,3.2,4.0,0.1908,0.5192,0.0525,-0.3974,0.1586,0.0213,2026-06-18,377.915,381.36,373.32,379.08,1.164157e6,377.639978
2026-06-18T20:31:17.854,2,4,MSFT260622C00382500,MSFT,2026-06-22,call,382.5,2.18,25.0,2.29,72.0,2.2350000000000003,2.2,3.0,0.2022,0.3962,0.0479,-0.4023,0.1534,0.0163,2026-06-18,377.915,381.36,373.32,379.08,1.164157e6,377.639978
2026-06-18T20:31:17.854,2,4,MSFT260622C00385000,MSFT,2026-06-22,call,385.0,1.25,61.0,1.48,121.0,1.365,1.37,5.0,0.1991,0.2809,0.0426,-0.3443,0.1342,0.0116,2026-06-18,377.915,381.36,373.32,379.08,1.164157e6,377.639978
2026-06-18T20:31:17.854,2,4,MSFT260622C00387500,MSFT,2026-06-22,call,387.5,0.95,1.0,0.99,5.0,0.97,0.99,1.0,0.2144,0.2046,0.0333,-0.3102,0.1129,0.0084,2026-06-18,377.915,381.36,373.32,379.08,1.164157e6,377.639978
2026-06-18T20:31:17.854,2,4,MSFT260622C00390000,MSFT,2026-06-22,call,390.0,0.58,6.0,0.63,147.0,0.605,0.63,8.0,0.2189,0.1381,0.0253,-0.2453,0.0878,0.0057,2026-06-18,377.915,381.36,373.32,379.08,1.164157e6,377.639978
2026-06-18T20:31:17.854,2,4,MSFT260622C00392500,MSFT,2026-06-22,call,392.5,0.37,45.0,0.38,89.0,0.375,0.38,20.0,0.2244,0.0912,0.0184,-0.1865,0.0653,0.0038,2026-06-18,377.915,381.36,373.32,379.08,1.164157e6,377.639978
2026-06-18T20:31:17.854,2,4,MSFT260622C00395000,MSFT,2026-06-22,call,395.0,0.26,1.0,0.3,75.0,0.28,0.27,1.0,0.2403,0.0673,0.0136,-0.1582,0.0518,0.0028,2026-06-18,377.915,381.36,373.32,379.08,1.164157e6,377.639978
2026-06-18T20:31:17.854,2,4,MSFT260622C00397500,MSFT,2026-06-22,call,397.5,0.14,189.0,0.16,11.0,0.15000000000000002,0.16,10.0,0.239,0.0395,0.009,-0.1029,0.0339,0.0016,2026-06-18,377.915,381.36,373.32,379.08,1.164157e6,377.639978
2026-06-18T20:31:17.854,2,4,MSFT260622C00400000,MSFT,2026-06-22,call,400.0,0.08,3.0,0.1,248.0,0.09,0.1,1.0,0.2442,0.0248,0.006,-0.0713,0.0231,0.001,2026-06-18,377.915,381.36,373.32,379.08,1.164157e6,377.639978
2026-06-18T20:31:17.854,2,4,MSFT260622C00402500,MSFT,2026-06-22,call,402.5,0.04,49.0,0.11,87.0,0.075,0.07,19.0,0.2618,0.0198,0.0046,-0.0633,0.0191,0.0008,2026-06-18,377.915,381.36,373.32,379.08,1.164157e6,377.639978
2026-06-18T20:31:17.854,2,4,MSFT260622C00405000,MSFT,2026-06-22,call,405.0,0.06,23.0,0.09,323.0,0.075,0.06,2.0,0.2858,0.0183,0.004,-0.0646,0.0179,0.0008,2026-06-18,377.915,381.36,373.32,379.08,1.164157e6,377.639978
2026-06-18T20:31:17.854,2,4,MSFT260622C00407500,MSFT,2026-06-22,call,407.5,0.01,7.0,0.04,202.0,0.025,0.04,1.0,0.2683,0.0072,0.0019,-0.027,0.008,0.0003,2026-06-18,377.915,381.36,373.32,379.08,1.164157e6,377.639978
2026-06-18T20:31:17.854,2,4,MSFT260622C00410000,MSFT,2026-06-22,call,410.0,0.01,157.0,0.05,10.0,0.030000000000000002,0.03,1.0,0.2953,0.0078,0.0018,-0.0318,0.0085,0.0003,2026-06-18,377.915,381.36,373.32,379.08,1.164157e6,377.639978
2026-06-18T20:31:17.854,2,4,MSFT260622C00412500,MSFT,2026-06-22,call,412.5,0.03,106.0,0.17,101.0,0.1,0.06,1.0,0.3703,0.0189,0.0031,-0.0855,0.0183,0.0008,2026-06-18,377.915,381.36,373.32,379.08,1.164157e6,377.639978
2026-06-18T20:31:17.854,2,4,MSFT260622C00415000,MSFT,2026-06-22,call,415.0,0.0,0.0,0.04,195.0,0.02,0.03,4.0,,,,,,,2026-06-18,377.915,381.36,373.32,379.08,1.164157e6,377.639978
2026-06-18T20:31:17.854,2,4,MSFT260622C00417500,MSFT,2026-06-22,call,417.5,0.0,0.0,0.05,6.0,0.025,0.02,1.0,,,,,,,2026-06-18,377.915,381.36,373.32,379.08,1.164157e6,377.639978
2026-06-18T20:31:17.854,2,4,MSFT260622C00420000,MSFT,2026-06-22,call,420.0,0.03,1.0,0.07,1.0,0.05,0.02,10.0,0.4005,0.0094,0.0016,-0.0508,0.0101,0.0004,2026-06-18,377.915,381.36,373.32,379.08,1.164157e6,377.639978
2026-06-18T20:31:17.854,2,4,MSFT260622C00422500,MSFT,2026-06-22,call,422.5,0.0,0.0,0.23,205.0,0.115,0.03,1.0,,,,,,,2026-06-18,377.915,381.36,373.32,379.08,1.164157e6,377.639978
2026-06-18T20:31:17.854,2,4,MSFT260622C00425000,MSFT,2026-06-22,call,425.0,0.03,1.0,0.04,2.0,0.035,0.03,4.0,0.4236,0.0065,0.0011,-0.0387,0.0073,0.0003,2026-06-18,377.915,381.36,373.32,379.08,1.164157e6,377.639978
2026-06-18T20:31:17.854,2,4,MSFT260622C00427500,MSFT,2026-06-22,call,427.5,0.0,0.0,0.42,73.0,0.21,0.11,1.0,,,,,,,2026-06-18,377.915,381.36,373.32,379.08,1.164157e6,377.639978
2026-06-18T20:31:17.854,2,4,MSFT260622C00430000,MSFT,2026-06-22,call,430.0,0.0,0.0,0.54,142.0,0.27,0.03,2.0,,,,,,,2026-06-18,377.915,381.36,373.32,379.08,1.164157e6,377.639978
2026-06-18T20:31:17.854,2,4,MSFT260622C00432500,MSFT,2026-06-22,call,432.5,0.0,0.0,0.49,407.0,0.245,0.02,1.0,,,,,,,2026-06-18,377.915,381.36,373.32,379.08,1.164157e6,377.639978
2026-06-18T20:31:17.854,2,4,MSFT260622C00435000,MSFT,2026-06-22,call,435.0,0.03,13.0,0.12,66.0,0.075,0.03,1.0,0.5478,0.0103,0.0013,-0.0749,0.0109,0.0004,2026-06-18,377.915,381.36,373.32,379.08,1.164157e6,377.639978
2026-06-18T20:31:17.854,2,4,MSFT260622C00437500,MSFT,2026-06-22,call,437.5,0.0,0.0,0.46,83.0,0.23,0.01,1.0,,,,,,,2026-06-18,377.915,381.36,373.32,379.08,1.164157e6,377.639978
2026-06-18T20:31:17.854,2,4,MSFT260622C00440000,MSFT,2026-06-22,call,440.0,0.0,0.0,0.26,324.0,0.13,0.01,100.0,,,,,,,2026-06-18,377.915,381.36,373.32,379.08,1.164157e6,377.639978
2026-06-18T20:31:17.854,2,4,MSFT260622C00442500,MSFT,2026-06-22,call,442.5,0.0,0.0,0.87,228.0,0.435,0.06,1.0,,,,,,,2026-06-18,377.915,381.36,373.32,379.08,1.164157e6,377.639978
2026-06-18T20:31:17.854,2,4,MSFT260622C00445000,MSFT,2026-06-22,call,445.0,0.0,0.0,0.11,74.0,0.055,0.03,5.0,,,,,,,2026-06-18,377.915,381.36,373.32,379.08,1.164157e6,377.639978
2026-06-18T20:31:17.854,2,4,MSFT260622C00447500,MSFT,2026-06-22,call,447.5,0.0,0.0,0.25,183.0,0.125,0.01,1.0,,,,,,,2026-06-18,377.915,381.36,373.32,379.08,1.164157e6,377.639978
2026-06-18T20:31:17.854,2,4,MSFT260622C00450000,MSFT,2026-06-22,call,450.0,0.0,0.0,1.62,45.0,0.81,0.02,10.0,,,,,,,2026-06-18,377.915,381.36,373.32,379.08,1.164157e6,377.639978
2026-06-18T20:31:17.854,2,4,MSFT260622C00452500,MSFT,2026-06-22,call,452.5,0.0,0.0,1.74,8.0,0.87,0.1,1.0,,,,,,,2026-06-18,377.915,381.36,373.32,379.08,1.164157e6,377.639978
2026-06-18T20:31:17.854,2,4,MSFT260622C00455000,MSFT,2026-06-22,call,455.0,0.0,0.0,1.69,50.0,0.845,0.1,1.0,,,,,,,2026-06-18,377.915,381.36,373.32,379.08,1.164157e6,377.639978
2026-06-18T20:31:17.854,2,4,MSFT260622C00457500,MSFT,2026-06-22,call,457.5,0.0,0.0,1.3,50.0,0.65,0.1,1.0,,,,,,,2026-06-18,377.915,381.36,373.32,379.08,1.164157e6,377.639978
2026-06-18T20:31:17.854,2,4,MSFT260622C00460000,MSFT,2026-06-22,call,460.0,0.0,0.0,0.05,1.0,0.025,0.03,1.0,,,,,,,2026-06-18,377.915,381.36,373.32,379.08,1.164157e6,377.639978
2026-06-18T20:31:17.854,2,4,MSFT260622C00465000,MSFT,2026-06-22,call,465.0,0.0,0.0,0.22,1.0,0.11,0.01,1.0,,,,,,,2026-06-18,377.915,381.36,373.32,379.08,1.164157e6,377.639978
2026-06-18T20:31:17.854,2,4,MSFT260622C00470000,MSFT,2026-06-22,call,470.0,0.0,0.0,0.93,20.0,0.465,0.1,1.0,,,,,,,2026-06-18,377.915,381.36,373.32,379.08,1.164157e6,377.639978
2026-06-18T20:31:17.854,2,4,MSFT260622C00475000,MSFT,2026-06-22,call,475.0,0.0,0.0,0.03,250.0,0.015,0.01,1.0,,,,,,,2026-06-18,377.915,381.36,373.32,379.08,1.164157e6,377.639978
2026-06-18T20:31:17.854,2,4,MSFT260622C00480000,MSFT,2026-06-22,call,480.0,0.0,0.0,0.01,19.0,0.005,0.01,1.0,,,,,,,2026-06-18,377.915,381.36,373.32,379.08,1.164157e6,377.639978
2026-06-18T20:31:17.854,2,4,MSFT260622C00485000,MSFT,2026-06-22,call,485.0,0.0,0.0,1.56,12.0,0.78,0.1,1.0,,,,,,,2026-06-18,377.915,381.36,373.32,379.08,1.164157e6,377.639978
2026-06-18T20:31:17.854,2,4,MSFT260622C00490000,MSFT,2026-06-22,call,490.0,0.0,0.0,0.23,30.0,0.115,0.26,1.0,,,,,,,2026-06-18,377.915,381.36,373.32,379.08,1.164157e6,377.639978
2026-06-18T20:31:17.854,2,4,MSFT260622C00495000,MSFT,2026-06-22,call,495.0,0.0,0.0,0.18,22.0,0.09,0.1,1.0,,,,,,,2026-06-18,377.915,381.36,373.32,379.08,1.164157e6,377.639978
2026-06-18T20:31:17.854,2,4,MSFT260622C00500000,MSFT,2026-06-22,call,500.0,0.0,0.0,0.03,250.0,0.015,0.01,10.0,,,,,,,2026-06-18,377.915,381.36,373.32,379.08,1.164157e6,377.639978
2026-06-18T20:31:17.854,2,4,MSFT260622C00505000,MSFT,2026-06-22,call,505.0,0.0,0.0,1.75,40.0,0.875,0.1,1.0,,,,,,,2026-06-18,377.915,381.36,373.32,379.08,1.164157e6,377.639978
2026-06-18T20:31:17.854,2,4,MSFT260622C00510000,MSFT,2026-06-22,call,510.0,0.0,0.0,1.74,50.0,0.87,0.1,1.0,,,,,,,2026-06-18,377.915,381.36,373.32,379.08,1.164157e6,377.639978
2026-06-18T20:31:17.854,2,4,MSFT260622C00515000,MSFT,2026-06-22,call,515.0,0.0,0.0,1.73,40.0,0.865,0.11,1.0,,,,,,,2026-06-18,377.915,381.36,373.32,379.08,1.164157e6,377.639978
2026-06-18T20:31:17.854,2,4,MSFT260622C00520000,MSFT,2026-06-22,call,520.0,0.0,0.0,1.78,50.0,0.89,0.1,1.0,,,,,,,2026-06-18,377.915,381.36,373.32,379.08,1.164157e6,377.639978
2026-06-18T20:31:17.854,2,4,MSFT260622C00525000,MSFT,2026-06-22,call,525.0,0.0,0.0,0.03,2000.0,0.015,0.01,1000.0,,,,,,,2026-06-18,377.915,381.36,373.32,379.08,1.164157e6,377.639978
2026-06-18T20:31:17.854,2,4,MSFT260622P00300000,MSFT,2026-06-22,put,300.0,0.0,0.0,1.74,12.0,0.87,0.02,2.0,,,,,,,2026-06-18,377.915,381.36,373.32,379.08,1.164157e6,377.639978
2026-06-18T20:31:17.854,2,4,MSFT260622P00305000,MSFT,2026-06-22,put,305.0,0.0,0.0,2.1,8.0,1.05,,,,,,,,,2026-06-18,377.915,381.36,373.32,379.08,1.164157e6,377.639978
2026-06-18T20:31:17.854,2,4,MSFT260622P00310000,MSFT,2026-06-22,put,310.0,0.0,0.0,1.81,129.0,0.905,0.1,1.0,,,,,,,2026-06-18,377.915,381.36,373.32,379.08,1.164157e6,377.639978
2026-06-18T20:31:17.854,2,4,MSFT260622P00315000,MSFT,2026-06-22,put,315.0,0.0,0.0,1.74,160.0,0.87,0.05,2.0,,,,,,,2026-06-18,377.915,381.36,373.32,379.08,1.164157e6,377.639978
2026-06-18T20:31:17.854,2,4,MSFT260622P00320000,MSFT,2026-06-22,put,320.0,0.0,0.0,1.76,85.0,0.88,0.1,1.0,,,,,,,2026-06-18,377.915,381.36,373.32,379.08,1.164157e6,377.639978
2026-06-18T20:31:17.854,2,4,MSFT260622P00325000,MSFT,2026-06-22,put,325.0,0.0,0.0,1.15,113.0,0.575,0.09,1.0,,,,,,,2026-06-18,377.915,381.36,373.32,379.08,1.164157e6,377.639978
2026-06-18T20:31:17.854,2,4,MSFT260622P00330000,MSFT,2026-06-22,put,330.0,0.0,0.0,0.01,7.0,0.005,0.01,3.0,,,,,,,2026-06-18,377.915,381.36,373.32,379.08,1.164157e6,377.639978
2026-06-18T20:31:17.854,2,4,MSFT260622P00335000,MSFT,2026-06-22,put,335.0,0.0,0.0,0.07,118.0,0.035,0.03,2.0,,,,,,,2026-06-18,377.915,381.36,373.32,379.08,1.164157e6,377.639978
2026-06-18T20:31:17.854,2,4,MSFT260622P00337500,MSFT,2026-06-22,put,337.5,0.0,0.0,0.32,116.0,0.16,0.06,1.0,,,,,,,2026-06-18,377.915,381.36,373.32,379.08,1.164157e6,377.639978
2026-06-18T20:31:17.854,2,4,MSFT260622P00340000,MSFT,2026-06-22,put,340.0,0.03,1.0,0.07,1.0,0.05,0.03,2.0,0.4508,-0.0083,0.0013,-0.0503,0.009,-0.0003,2026-06-18,377.915,381.36,373.32,379.08,1.164157e6,377.639978
2026-06-18T20:31:17.854,2,4,MSFT260622P00342500,MSFT,2026-06-22,put,342.5,0.0,0.0,0.72,330.0,0.36,0.05,1.0,,,,,,,2026-06-18,377.915,381.36,373.32,379.08,1.164157e6,377.639978
2026-06-18T20:31:17.854,2,4,MSFT260622P00345000,MSFT,2026-06-22,put,345.0,0.0,0.0,0.51,403.0,0.255,0.03,2.0,,,,,,,2026-06-18,377.915,381.36,373.32,379.08,1.164157e6,377.639978
2026-06-18T20:31:17.854,2,4,MSFT260622P00347500,MSFT,2026-06-22,put,347.5,0.0,0.0,0.08,2.0,0.04,0.06,10.0,,,,,,,2026-06-18,377.915,381.36,373.32,379.08,1.164157e6,377.639978
2026-06-18T20:31:17.854,2,4,MSFT260622P00350000,MSFT,2026-06-22,put,350.0,0.03,147.0,0.09,221.0,0.06,0.04,1.0,0.3549,-0.0121,0.0022,-0.0552,0.0125,-0.0005,2026-06-18,377.915,381.36,373.32,379.08,1.164157e6,377.639978
2026-06-18T20:31:17.854,2,4,MSFT260622P00352500,MSFT,2026-06-22,put,352.5,0.03,44.0,0.05,66.0,0.04,0.05,2.0,0.3112,-0.0095,0.0021,-0.039,0.0101,-0.0004,2026-06-18,377.915,381.36,373.32,379.08,1.164157e6,377.639978
2026-06-18T20:31:17.854,2,4,MSFT260622P00355000,MSFT,2026-06-22,put,355.0,0.02,211.0,0.12,308.0,0.06999999999999999,0.08,1.0,0.3082,-0.0158,0.0032,-0.0602,0.0158,-0.0007,2026-06-18,377.915,381.36,373.32,379.08,1.164157e6,377.639978
2026-06-18T20:31:17.854,2,4,MSFT260622P00357500,MSFT,2026-06-22,put,357.5,0.04,164.0,0.13,53.0,0.085,0.08,1.0,0.2893,-0.0199,0.0042,-0.0687,0.0192,-0.0008,2026-06-18,377.915,381.36,373.32,379.08,1.164157e6,377.639978
2026-06-18T20:31:17.854,2,4,MSFT260622P00360000,MSFT,2026-06-22,put,360.0,0.11,117.0,0.14,126.0,0.125,0.13,1.0,0.2784,-0.029,0.006,-0.0904,0.0263,-0.0012,2026-06-18,377.915,381.36,373.32,379.08,1.164157e6,377.639978
2026-06-18T20:31:17.854,2,4,MSFT260622P00362500,MSFT,2026-06-22,put,362.5,0.18,269.0,0.23,1.0,0.20500000000000002,0.21,1.0,0.2729,-0.0454,0.0088,-0.1278,0.038,-0.0019,2026-06-18,377.915,381.36,373.32,379.08,1.164157e6,377.639978
2026-06-18T20:31:17.854,2,4,MSFT260622P00365000,MSFT,2026-06-22,put,365.0,0.2,333.0,0.29,5.0,0.245,0.27,1.0,0.2502,-0.0571,0.0115,-0.1403,0.0456,-0.0024,2026-06-18,377.915,381.36,373.32,379.08,1.164157e6,377.639978
2026-06-18T20:31:17.854,2,4,MSFT260622P00367500,MSFT,2026-06-22,put,367.5,0.43,170.0,0.45,5.0,0.44,0.43,1.0,0.2502,-0.0936,0.0168,-0.2045,0.0665,-0.0039,2026-06-18,377.915,381.36,373.32,379.08,1.164157e6,377.639978
2026-06-18T20:31:17.854,2,4,MSFT260622P00370000,MSFT,2026-06-22,put,370.0,0.63,69.0,0.83,43.0,0.73,0.72,1.0,0.2483,-0.1427,0.0228,-0.273,0.0897,-0.006,2026-06-18,377.915,381.36,373.32,379.08,1.164157e6,377.639978
2026-06-18T20:31:17.854,2,4,MSFT260622P00372500,MSFT,2026-06-22,put,372.5,1.06,118.0,1.18,43.0,1.12,1.09,40.0,0.2427,-0.204,0.0293,-0.3343,0.1128,-0.0086,2026-06-18,377.915,381.36,373.32,379.08,1.164157e6,377.639978
2026-06-18T20:31:17.854,2,4,MSFT260622P00375000,MSFT,2026-06-22,put,375.0,1.61,15.0,1.82,36.0,1.715,1.62,4.0,0.2402,-0.2844,0.0355,-0.3943,0.135,-0.012,2026-06-18,377.915,381.36,373.32,379.08,1.164157e6,377.639978
2026-06-18T20:31:17.854,2,4,MSFT260622P00377500,MSFT,2026-06-22,put,377.5,2.39,73.0,2.69,18.0,2.54,2.49,1.0,0.2385,-0.3792,0.0401,-0.4368,0.1514,-0.0161,2026-06-18,377.915,381.36,373.32,379.08,1.164157e6,377.639978
2026-06-18T20:31:17.854,2,4,MSFT260622P00380000,MSFT,2026-06-22,put,380.0,3.47,304.0,3.87,24.0,3.67,3.7,5.0,0.2403,-0.4829,0.0417,-0.4579,0.1586,-0.0205,2026-06-18,377.915,381.36,373.32,379.08,1.164157e6,377.639978
2026-06-18T20:31:17.854,2,4,MSFT260622P00382500,MSFT,2026-06-22,put,382.5,4.88,88.0,5.71,5.0,5.295,5.42,1.0,0.2573,-0.5799,0.0382,-0.478,0.1556,-0.0247,2026-06-18,377.915,381.36,373.32,379.08,1.164157e6,377.639978
2026-06-18T20:31:17.854,2,4,MSFT260622P00385000,MSFT,2026-06-22,put,385.0,6.52,236.0,7.18,39.0,6.85,6.8,2.0,0.2548,-0.6729,0.0356,-0.4314,0.1436,-0.0288,2026-06-18,377.915,381.36,373.32,379.08,1.164157e6,377.639978
2026-06-18T20:31:17.854,2,4,MSFT260622P00387500,MSFT,2026-06-22,put,387.5,8.119,123.0,9.22,10.0,8.6695,10.0,1.0,0.2557,-0.7544,0.0309,-0.3711,0.1253,-0.0324,2026-06-18,377.915,381.36,373.32,379.08,1.164157e6,377.639978
2026-06-18T20:31:17.854,2,4,MSFT260622P00390000,MSFT,2026-06-22,put,390.0,10.48,124.0,11.67,63.0,11.075,11.24,1.0,0.2934,-0.7897,0.0247,-0.39,0.1148,-0.0341,2026-06-18,377.915,381.36,373.32,379.08,1.164157e6,377.639978
2026-06-18T20:31:17.854,2,4,MSFT260622P00392500,MSFT,2026-06-22,put,392.5,12.63,137.0,14.22,151.0,13.425,13.4,2.0,0.3221,-0.8213,0.0204,-0.3861,0.1039,-0.0357,2026-06-18,377.915,381.36,373.32,379.08,1.164157e6,377.639978
2026-06-18T20:31:17.854,2,4,MSFT260622P00395000,MSFT,2026-06-22,put,395.0,15.24,90.0,16.29,70.0,15.765,15.5,1.0,0.3455,-0.8488,0.0171,-0.3693,0.0933,-0.0371,2026-06-18,377.915,381.36,373.32,379.08,1.164157e6,377.639978
2026-06-18T20:31:17.854,2,4,MSFT260622P00397500,MSFT,2026-06-22,put,397.5,16.35,11.0,20.05,47.0,18.200000000000003,19.7,1.0,0.3757,-0.8656,0.0145,-0.3703,0.0862,-0.0381,2026-06-18,377.915,381.36,373.32,379.08,1.164157e6,377.639978
2026-06-18T20:31:17.854,2,4,MSFT260622P00400000,MSFT,2026-06-22,put,400.0,20.33,98.0,21.72,87.0,21.025,20.6,1.0,0.4493,-0.8533,0.0128,-0.4792,0.0914,-0.0379,2026-06-18,377.915,381.36,373.32,379.08,1.164157e6,377.639978
2026-06-18T20:31:17.854,2,4,MSFT260622P00402500,MSFT,2026-06-22,put,402.5,21.11,33.0,24.93,16.0,23.02,24.61,10.0,0.423,-0.8961,0.0107,-0.3437,0.0718,-0.0399,2026-06-18,377.915,381.36,373.32,379.08,1.164157e6,377.639978
2026-06-18T20:31:17.854,2,4,MSFT260622P00405000,MSFT,2026-06-22,put,405.0,23.78,63.0,26.55,10.0,25.165,27.72,3.0,0.3977,-0.9321,0.0083,-0.2219,0.0522,-0.0416,2026-06-18,377.915,381.36,373.32,379.08,1.164157e6,377.639978
2026-06-18T20:31:17.854,2,4,MSFT260622P00407500,MSFT,2026-06-22,put,407.5,25.96,63.0,28.46,32.0,27.21,27.03,2.0,0.2461,-0.9962,0.0012,0.0264,0.0045,-0.0445,2026-06-18,377.915,381.36,373.32,379.08,1.164157e6,377.639978
2026-06-18T20:31:17.854,2,4,MSFT260622P00410000,MSFT,2026-06-22,put,410.0,28.28,44.0,30.68,48.0,29.48,33.03,2.0,,,,,,,2026-06-18,377.915,381.36,373.32,379.08,1.164157e6,377.639978
2026-06-18T20:31:17.854,2,4,MSFT260622P00412500,MSFT,2026-06-22,put,412.5,31.09,20.0,34.51,20.0,32.8,34.62,1.0,0.513,-0.9315,0.0065,-0.2986,0.0525,-0.0424,2026-06-18,377.915,381.36,373.32,379.08,1.164157e6,377.639978
2026-06-18T20:31:17.854,2,4,MSFT260622P00415000,MSFT,2026-06-22,put,415.0,33.43,105.0,36.14,29.0,34.785,38.54,1.0,0.3872,-0.9836,0.0027,-0.0383,0.0163,-0.0448,2026-06-18,377.915,381.36,373.32,379.08,1.164157e6,377.639978
2026-06-18T20:31:17.854,2,4,MSFT260622P00417500,MSFT,2026-06-22,put,417.5,36.1,27.0,39.18,25.0,37.64,30.02,1.0,0.5358,-0.9491,0.0049,-0.2393,0.0416,-0.0437,2026-06-18,377.915,381.36,373.32,379.08,1.164157e6,377.639978
2026-06-18T20:31:17.854,2,4,MSFT260622P00420000,MSFT,2026-06-22,put,420.0,38.94,31.0,41.64,30.0,40.29,40.97,3.0,0.5973,-0.9403,0.005,-0.3132,0.0472,-0.0436,2026-06-18,377.915,381.36,373.32,379.08,1.164157e6,377.639978
2026-06-18T20:31:17.854,2,4,MSFT260622P00422500,MSFT,2026-06-22,put,422.5,41.66,1.0,44.07,16.0,42.864999999999995,31.98,1.0,0.641,-0.9376,0.0048,-0.352,0.0489,-0.0438,2026-06-18,377.915,381.36,373.32,379.08,1.164157e6,377.639978
2026-06-18T20:31:17.854,2,4,MSFT260622P00425000,MSFT,2026-06-22,put,425.0,43.93,30.0,47.84,30.0,45.885000000000005,33.47,2.0,0.7622,-0.912,0.0053,-0.5667,0.0636,-0.043,2026-06-18,377.915,381.36,373.32,379.08,1.164157e6,377.639978
2026-06-18T20:31:17.854,2,4,MSFT260622P00427500,MSFT,2026-06-22,put,427.5,46.15,30.0,50.33,30.0,48.239999999999995,28.53,1.0,0.7679,-0.9215,0.0048,-0.5202,0.0583,-0.0437,2026-06-18,377.915,381.36,373.32,379.08,1.164157e6,377.639978
2026-06-18T20:31:17.854,2,4,MSFT260622P00430000,MSFT,2026-06-22,put,430.0,47.99,30.0,51.48,30.0,49.735,38.67,2.0,0.4765,-0.9926,0.0011,-0.0061,0.0081,-0.0468,2026-06-18,377.915,381.36,373.32,379.08,1.164157e6,377.639978
2026-06-18T20:31:17.854,2,4,MSFT260622P00432500,MSFT,2026-06-22,put,432.5,50.47,151.0,55.34,59.0,52.905,53.2,1.0,0.7592,-0.9428,0.0038,-0.3925,0.0457,-0.0451,2026-06-18,377.915,381.36,373.32,379.08,1.164157e6,377.639978
2026-06-18T20:31:17.854,2,4,MSFT260622P00435000,MSFT,2026-06-22,put,435.0,53.64,24.0,57.2,25.0,55.42,55.35,10.0,0.7893,-0.9436,0.0036,-0.4047,0.0452,-0.0454,2026-06-18,377.915,381.36,373.32,379.08,1.164157e6,377.639978
2026-06-18T20:31:17.854,2,4,MSFT260622P00437500,MSFT,2026-06-22,put,437.5,55.22,24.0,59.52,26.0,57.370000000000005,38.29,1.0,0.6413,-0.98,0.0019,-0.1119,0.0193,-0.0471,2026-06-18,377.915,381.36,373.32,379.08,1.164157e6,377.639978
2026-06-18T20:31:17.854,2,4,MSFT260622P00440000,MSFT,2026-06-22,put,440.0,59.84,23.0,61.06,30.0,60.45,47.58,1.0,0.8486,-0.9449,0.0033,-0.4288,0.0443,-0.046,2026-06-18,377.915,381.36,373.32,379.08,1.164157e6,377.639978
2026-06-18T20:31:17.854,2,4,MSFT260622P00442500,MSFT,2026-06-22,put,442.5,62.2,24.0,63.36,24.0,62.78,36.92,1.0,0.8327,-0.9549,0.0029,-0.3512,0.0378,-0.0467,2026-06-18,377.915,381.36,373.32,379.08,1.164157e6,377.639978
2026-06-18T20:31:17.854,2,4,MSFT260622P00445000,MSFT,2026-06-22,put,445.0,63.52,25.0,66.5,32.0,65.01,47.69,1.0,0.7717,-0.9716,0.0021,-0.2067,0.0259,-0.0476,2026-06-18,377.915,381.36,373.32,379.08,1.164157e6,377.639978
2026-06-18T20:31:17.854,2,4,MSFT260622P00447500,MSFT,2026-06-22,put,447.5,64.93,30.0,68.32,30.0,66.625,58.93,1.0,,,,,,,2026-06-18,377.915,381.36,373.32,379.08,1.164157e6,377.639978
2026-06-18T20:31:17.854,2,4,MSFT260622P00450000,MSFT,2026-06-22,put,450.0,68.06,30.0,70.92,39.0,69.49000000000001,61.39,1.0,,,,,,,2026-06-18,377.915,381.36,373.32,379.08,1.164157e6,377.639978
2026-06-18T20:31:17.854,2,4,MSFT260622P00452500,MSFT,2026-06-22,put,452.5,71.39,25.0,74.11,25.0,72.75,,,0.922,-0.9602,0.0023,-0.3504,0.0342,-0.048,2026-06-18,377.915,381.36,373.32,379.08,1.164157e6,377.639978
2026-06-18T20:31:17.854,2,4,MSFT260622P00455000,MSFT,2026-06-22,put,455.0,72.55,28.0,78.36,26.0,75.455,52.55,1.0,1.0014,-0.9514,0.0025,-0.4589,0.0401,-0.0479,2026-06-18,377.915,381.36,373.32,379.08,1.164157e6,377.639978
2026-06-18T20:31:17.854,2,4,MSFT260622P00457500,MSFT,2026-06-22,put,457.5,75.35,25.0,78.7,21.0,77.025,54.9,1.0,,,,,,,2026-06-18,377.915,381.36,373.32,379.08,1.164157e6,377.639978
2026-06-18T20:31:17.854,2,4,MSFT260622P00460000,MSFT,2026-06-22,put,460.0,79.58,24.0,81.06,22.0,80.32,67.41,15.0,1.0133,-0.9591,0.0022,-0.3978,0.0349,-0.0488,2026-06-18,377.915,381.36,373.32,379.08,1.164157e6,377.639978
2026-06-18T20:31:17.854,2,4,MSFT260622P00465000,MSFT,2026-06-22,put,465.0,85.06,24.0,86.37,26.0,85.715,61.9,1.0,,,,,,,2026-06-18,377.915,381.36,373.32,379.08,1.164157e6,377.639978
2026-06-18T20:31:17.854,2,4,MSFT260622P00470000,MSFT,2026-06-22,put,470.0,88.39,32.0,92.78,18.0,90.58500000000001,,,,,,,,,2026-06-18,377.915,381.36,373.32,379.08,1.164157e6,377.639978
2026-06-18T20:31:17.854,2,4,MSFT260622P00475000,MSFT,2026-06-22,put,475.0,93.42,26.0,96.62,24.0,95.02000000000001,,,,,,,,,2026-06-18,377.915,381.36,373.32,379.08,1.164157e6,377.639978
2026-06-18T20:31:17.854,2,4,MSFT260622P00480000,MSFT,2026-06-22,put,480.0,97.88,30.0,101.43,30.0,99.655,,,,,,,,,2026-06-18,377.915,381.36,373.32,379.08,1.164157e6,377.639978
2026-06-18T20:31:17.854,2,4,MSFT260622P00485000,MSFT,2026-06-22,put,485.0,104.93,30.0,107.63,38.0,106.28,,,,,,,,,2026-06-18,377.915,381.36,373.32,379.08,1.164157e6,377.639978
2026-06-18T20:31:17.854,2,4,MSFT260622P00490000,MSFT,2026-06-22,put,490.0,110.68,30.0,111.65,38.0,111.165,,,,,,,,,2026-06-18,377.915,381.36,373.32,379.08,1.164157e6,377.639978
2026-06-18T20:31:17.854,2,4,MSFT260622P00495000,MSFT,2026-06-22,put,495.0,112.13,30.0,115.62,30.0,113.875,,,,,,,,,2026-06-18,377.915,381.36,373.32,379.08,1.164157e6,377.639978
2026-06-18T20:31:17.854,2,4,MSFT260622P00500000,MSFT,2026-06-22,put,500.0,119.87,21.0,119.99,22.0,119.93,,,,,,,,,2026-06-18,377.915,381.36,373.32,379.08,1.164157e6,377.639978
2026-06-18T20:31:17.854,2,4,MSFT260622P00505000,MSFT,2026-06-22,put,505.0,125.27,37.0,129.1,37.0,127.185,,,,,,,,,2026-06-18,377.915,381.36,373.32,379.08,1.164157e6,377.639978
2026-06-18T20:31:17.854,2,4,MSFT260622P00510000,MSFT,2026-06-22,put,510.0,126.52,31.0,133.82,31.0,130.17,,,,,,,,,2026-06-18,377.915,381.36,373.32,379.08,1.164157e6,377.639978
2026-06-18T20:31:17.854,2,4,MSFT260622P00515000,MSFT,2026-06-22,put,515.0,131.43,38.0,135.55,38.0,133.49,,,,,,,,,2026-06-18,377.915,381.36,373.32,379.08,1.164157e6,377.639978
2026-06-18T20:31:17.854,2,4,MSFT260622P00520000,MSFT,2026-06-22,put,520.0,140.93,27.0,144.68,30.0,142.805,,,,,,,,,2026-06-18,377.915,381.36,373.32,379.08,1.164157e6,377.639978
2026-06-18T20:31:17.854,2,4,MSFT260622P00525000,MSFT,2026-06-22,put,525.0,143.69,26.0,149.11,9.0,146.4,,,,,,,,,2026-06-18,377.915,381.36,373.32,379.08,1.164157e6,377.639978
2026-06-18T20:31:17.854,7,6,MSFT260624C00335000,MSFT,2026-06-24,call,335.0,43.13,1.0,47.03,1.0,45.08,64.64,1.0,,,,,,,2026-06-18,377.915,381.36,373.32,379.08,1.164157e6,377.639978
2026-06-18T20:31:17.854,7,6,MSFT260624C00340000,MSFT,2026-06-24,call,340.0,38.48,15.0,41.14,32.0,39.81,39.55,1.0,,,,,,,2026-06-18,377.915,381.36,373.32,379.08,1.164157e6,377.639978
2026-06-18T20:31:17.854,7,6,MSFT260624C00345000,MSFT,2026-06-24,call,345.0,33.01,13.0,36.48,5.0,34.745,32.009,1.0,,,,,,,2026-06-18,377.915,381.36,373.32,379.08,1.164157e6,377.639978
2026-06-18T20:31:17.854,7,6,MSFT260624C00347500,MSFT,2026-06-24,call,347.5,30.59,17.0,34.18,14.0,32.385,,,,,,,,,2026-06-18,377.915,381.36,373.32,379.08,1.164157e6,377.639978
2026-06-18T20:31:17.854,7,6,MSFT260624C00350000,MSFT,2026-06-24,call,350.0,27.83,13.0,32.07,24.0,29.95,28.68,1.0,,,,,,,2026-06-18,377.915,381.36,373.32,379.08,1.164157e6,377.639978
2026-06-18T20:31:17.854,7,6,MSFT260624C00352500,MSFT,2026-06-24,call,352.5,25.46,14.0,28.84,10.0,27.15,34.49,1.0,,,,,,,2026-06-18,377.915,381.36,373.32,379.08,1.164157e6,377.639978
2026-06-18T20:31:17.854,7,6,MSFT260624C00355000,MSFT,2026-06-24,call,355.0,23.19,13.0,26.48,13.0,24.835,49.0,1.0,,,,,,,2026-06-18,377.915,381.36,373.32,379.08,1.164157e6,377.639978
2026-06-18T20:31:17.854,7,6,MSFT260624C00357500,MSFT,2026-06-24,call,357.5,21.32,11.0,24.37,60.0,22.845,19.02,1.0,,,,,,,2026-06-18,377.915,381.36,373.32,379.08,1.164157e6,377.639978
2026-06-18T20:31:17.854,7,6,MSFT260624C00360000,MSFT,2026-06-24,call,360.0,18.25,6.0,21.03,28.0,19.64,19.2,1.0,,,,,,,2026-06-18,377.915,381.36,373.32,379.08,1.164157e6,377.639978
2026-06-18T20:31:17.854,7,6,MSFT260624C00362500,MSFT,2026-06-24,call,362.5,17.41,18.0,19.08,104.0,18.244999999999997,17.41,1.0,0.2566,0.9304,0.0107,-0.1725,0.0652,0.0551,2026-06-18,377.915,381.36,373.32,379.08,1.164157e6,377.639978
2026-06-18T20:31:17.854,7,6,MSFT260624C00365000,MSFT,2026-06-24,call,365.0,14.4,337.0,16.85,326.0,15.625,15.8,1.0,0.2091,0.9396,0.0117,-0.1355,0.0584,0.0561,2026-06-18,377.915,381.36,373.32,379.08,1.164157e6,377.639978
2026-06-18T20:31:17.854,7,6,MSFT260624C00367500,MSFT,2026-06-24,call,367.5,12.68,49.0,15.37,184.0,14.024999999999999,11.62,1.0,0.2765,0.8385,0.0182,-0.3051,0.1193,0.0501,2026-06-18,377.915,381.36,373.32,379.08,1.164157e6,377.639978
2026-06-18T20:31:17.854,7,6,MSFT260624C00370000,MSFT,2026-06-24,call,370.0,10.96,14.0,12.15,57.0,11.555,11.6,4.0,0.2425,0.8171,0.0224,-0.2907,0.1292,0.0492,2026-06-18,377.915,381.36,373.32,379.08,1.164157e6,377.639978
2026-06-18T20:31:17.854,7,6,MSFT260624C00372500,MSFT,2026-06-24,call,372.5,9.07,32.0,10.62,114.0,9.844999999999999,9.07,3.0,0.2574,0.742,0.0257,-0.3647,0.1575,0.0448,2026-06-18,377.915,381.36,373.32,379.08,1.164157e6,377.639978
2026-06-18T20:31:17.854,7,6,MSFT260624C00375000,MSFT,2026-06-24,call,375.0,7.56,2.0,8.4,38.0,7.98,8.17,5.0,0.2503,0.6768,0.0294,-0.3898,0.175,0.041,2026-06-18,377.915,381.36,373.32,379.08,1.164157e6,377.639978
2026-06-18T20:31:17.854,7,6,MSFT260624C00377500,MSFT,2026-06-24,call,377.5,5.85,1.0,6.87,47.0,6.359999999999999,6.5,33.0,0.2474,0.6004,0.032,-0.4101,0.1883,0.0365,2026-06-18,377.915,381.36,373.32,379.08,1.164157e6,377.639978
2026-06-18T20:31:17.854,7,6,MSFT260624C00380000,MSFT,2026-06-24,call,380.0,5.13,47.0,5.52,327.0,5.324999999999999,5.28,1.0,0.2645,0.5181,0.0309,-0.4471,0.1942,0.0315,2026-06-18,377.915,381.36,373.32,379.08,1.164157e6,377.639978
2026-06-18T20:31:17.854,7,6,MSFT260624C00382500,MSFT,2026-06-24,call,382.5,3.88,152.0,4.45,134.0,4.165,4.14,1.0,0.2647,0.4412,0.0306,-0.4405,0.1923,0.0269,2026-06-18,377.915,381.36,373.32,379.08,1.164157e6,377.639978
2026-06-18T20:31:17.854,7,6,MSFT260624C00385000,MSFT,2026-06-24,call,385.0,2.85,80.0,3.35,142.0,3.1,3.17,1.0,0.2599,0.3644,0.0297,-0.4099,0.1831,0.0223,2026-06-18,377.915,381.36,373.32,379.08,1.164157e6,377.639978
2026-06-18T20:31:17.854,7,6,MSFT260624C00387500,MSFT,2026-06-24,call,387.5,2.48,1.0,2.77,135.0,2.625,2.48,2.0,0.2785,0.3077,0.0259,-0.4091,0.1714,0.0188,2026-06-18,377.915,381.36,373.32,379.08,1.164157e6,377.639978
2026-06-18T20:31:17.854,7,6,MSFT260624C00390000,MSFT,2026-06-24,call,390.0,1.87,1.0,1.98,29.0,1.925,1.94,3.0,0.2761,0.2454,0.0234,-0.3619,0.1534,0.015,2026-06-18,377.915,381.36,373.32,379.08,1.164157e6,377.639978
2026-06-18T20:31:17.854,7,6,MSFT260624C00392500,MSFT,2026-06-24,call,392.5,1.15,29.0,1.49,70.0,1.3199999999999998,1.42,8.0,0.2696,0.1864,0.0204,-0.3006,0.1307,0.0114,2026-06-18,377.915,381.36,373.32,379.08,1.164157e6,377.639978
2026-06-18T20:31:17.854,7,6,MSFT260624C00395000,MSFT,2026-06-24,call,395.0,1.01,1.0,1.33,190.0,1.17,1.11,1.0,0.2904,0.1598,0.0172,-0.2926,0.1185,0.0098,2026-06-18,377.915,381.36,373.32,379.08,1.164157e6,377.639978
2026-06-18T20:31:17.854,7,6,MSFT260624C00397500,MSFT,2026-06-24,call,397.5,0.79,57.0,0.89,37.0,0.8400000000000001,0.84,1.0,0.2904,0.1221,0.0143,-0.2434,0.0987,0.0075,2026-06-18,377.915,381.36,373.32,379.08,1.164157e6,377.639978
2026-06-18T20:31:17.854,7,6,MSFT260624C00400000,MSFT,2026-06-24,call,400.0,0.55,5.0,0.63,39.0,0.5900000000000001,0.62,1.0,0.2902,0.0911,0.0116,-0.1966,0.0799,0.0056,2026-06-18,377.915,381.36,373.32,379.08,1.164157e6,377.639978
2026-06-18T20:31:17.854,7,6,MSFT260624C00402500,MSFT,2026-06-24,call,402.5,0.24,421.0,0.71,408.0,0.475,0.49,1.0,0.3006,0.0737,0.0095,-0.1733,0.0681,0.0045,2026-06-18,377.915,381.36,373.32,379.08,1.164157e6,377.639978
2026-06-18T20:31:17.854,7,6,MSFT260624C00405000,MSFT,2026-06-24,call,405.0,0.31,134.0,0.65,494.0,0.48,0.4,35.0,0.3262,0.0695,0.0084,-0.1794,0.0651,0.0043,2026-06-18,377.915,381.36,373.32,379.08,1.164157e6,377.639978
2026-06-18T20:31:17.854,7,6,MSFT260624C00407500,MSFT,2026-06-24,call,407.5,0.22,153.0,0.38,632.0,0.3,0.3,200.0,0.3179,0.0474,0.0064,-0.1294,0.0482,0.0029,2026-06-18,377.915,381.36,373.32,379.08,1.164157e6,377.639978
2026-06-18T20:31:17.854,7,6,MSFT260624C00410000,MSFT,2026-06-24,call,410.0,0.21,5.0,0.34,318.0,0.275,0.23,1.0,0.3347,0.0421,0.0055,-0.1236,0.0438,0.0026,2026-06-18,377.915,381.36,373.32,379.08,1.164157e6,377.639978
2026-06-18T20:31:17.854,7,6,MSFT260624C00412500,MSFT,2026-06-24,call,412.5,0.14,234.0,0.27,206.0,0.20500000000000002,0.27,1.0,0.3383,0.0323,0.0044,-0.1005,0.0352,0.002,2026-06-18,377.915,381.36,373.32,379.08,1.164157e6,377.639978
2026-06-18T20:31:17.854,7,6,MSFT260624C00415000,MSFT,2026-06-24,call,415.0,0.01,262.0,0.18,294.0,0.095,0.15,1.0,0.3183,0.0172,0.0027,-0.0557,0.0208,0.0011,2026-06-18,377.915,381.36,373.32,379.08,1.164157e6,377.639978
2026-06-18T20:31:17.854,7,6,MSFT260624C00417500,MSFT,2026-06-24,call,417.5,0.02,89.0,0.14,77.0,0.08,0.12,50.0,0.3289,0.0143,0.0023,-0.0492,0.0178,0.0009,2026-06-18,377.915,381.36,373.32,379.08,1.164157e6,377.639978
2026-06-18T20:31:17.854,7,6,MSFT260624C00420000,MSFT,2026-06-24,call,420.0,0.08,1.0,0.17,277.0,0.125,0.12,1.0,0.3695,0.0193,0.0026,-0.0712,0.0229,0.0012,2026-06-18,377.915,381.36,373.32,379.08,1.164157e6,377.639978
2026-06-18T20:31:17.854,7,6,MSFT260624C00422500,MSFT,2026-06-24,call,422.5,0.03,291.0,0.15,318.0,0.09,0.11,1.0,0.3705,0.0143,0.002,-0.0554,0.0178,0.0009,2026-06-18,377.915,381.36,373.32,379.08,1.164157e6,377.639978
2026-06-18T20:31:17.854,7,6,MSFT260624C00425000,MSFT,2026-06-24,call,425.0,0.1,1.0,0.12,30.0,0.11,0.09,40.0,0.3992,0.0161,0.0021,-0.0658,0.0196,0.001,2026-06-18,377.915,381.36,373.32,379.08,1.164157e6,377.639978
2026-06-18T20:31:17.854,7,6,MSFT260624C00427500,MSFT,2026-06-24,call,427.5,0.01,114.0,0.32,266.0,0.165,0.17,1.0,0.4423,0.0211,0.0024,-0.0918,0.0247,0.0013,2026-06-18,377.915,381.36,373.32,379.08,1.164157e6,377.639978
2026-06-18T20:31:17.854,7,6,MSFT260624C00430000,MSFT,2026-06-24,call,430.0,0.08,1.0,0.28,370.0,0.18000000000000002,0.08,6.0,0.4669,0.0217,0.0023,-0.0994,0.0253,0.0013,2026-06-18,377.915,381.36,373.32,379.08,1.164157e6,377.639978
2026-06-18T20:31:17.854,7,6,MSFT260624C00432500,MSFT,2026-06-24,call,432.5,0.0,0.0,0.83,80.0,0.415,0.2,1.0,,,,,,,2026-06-18,377.915,381.36,373.32,379.08,1.164157e6,377.639978
2026-06-18T20:31:17.854,7,6,MSFT260624C00435000,MSFT,2026-06-24,call,435.0,0.01,58.0,0.58,173.0,0.295,0.16,1.0,0.5443,0.0295,0.0025,-0.1494,0.0327,0.0018,2026-06-18,377.915,381.36,373.32,379.08,1.164157e6,377.639978
2026-06-18T20:31:17.854,7,6,MSFT260624C00437500,MSFT,2026-06-24,call,437.5,0.0,0.0,0.1,308.0,0.05,0.08,20.0,,,,,,,2026-06-18,377.915,381.36,373.32,379.08,1.164157e6,377.639978
2026-06-18T20:31:17.854,7,6,MSFT260624C00440000,MSFT,2026-06-24,call,440.0,0.0,0.0,0.76,324.0,0.38,0.07,2.0,,,,,,,2026-06-18,377.915,381.36,373.32,379.08,1.164157e6,377.639978
2026-06-18T20:31:17.854,7,6,MSFT260624C00442500,MSFT,2026-06-24,call,442.5,0.0,0.0,1.0,62.0,0.5,0.18,1.0,,,,,,,2026-06-18,377.915,381.36,373.32,379.08,1.164157e6,377.639978
2026-06-18T20:31:17.854,7,6,MSFT260624C00445000,MSFT,2026-06-24,call,445.0,0.0,0.0,0.88,68.0,0.44,0.16,1.0,,,,,,,2026-06-18,377.915,381.36,373.32,379.08,1.164157e6,377.639978
2026-06-18T20:31:17.854,7,6,MSFT260624C00447500,MSFT,2026-06-24,call,447.5,0.0,0.0,0.55,193.0,0.275,0.15,1.0,,,,,,,2026-06-18,377.915,381.36,373.32,379.08,1.164157e6,377.639978
2026-06-18T20:31:17.854,7,6,MSFT260624C00450000,MSFT,2026-06-24,call,450.0,0.01,1.0,0.07,10.0,0.04,0.05,1.0,0.5055,0.0052,0.0006,-0.031,0.0073,0.0003,2026-06-18,377.915,381.36,373.32,379.08,1.164157e6,377.639978
2026-06-18T20:31:17.854,7,6,MSFT260624C00452500,MSFT,2026-06-24,call,452.5,0.0,0.0,1.61,189.0,0.805,0.25,1.0,,,,,,,2026-06-18,377.915,381.36,373.32,379.08,1.164157e6,377.639978
2026-06-18T20:31:17.854,7,6,MSFT260624C00455000,MSFT,2026-06-24,call,455.0,0.0,0.0,0.59,518.0,0.295,0.15,1.0,,,,,,,2026-06-18,377.915,381.36,373.32,379.08,1.164157e6,377.639978
2026-06-18T20:31:17.854,7,6,MSFT260624C00457500,MSFT,2026-06-24,call,457.5,0.0,0.0,0.99,182.0,0.495,0.18,1.0,,,,,,,2026-06-18,377.915,381.36,373.32,379.08,1.164157e6,377.639978
2026-06-18T20:31:17.854,7,6,MSFT260624C00460000,MSFT,2026-06-24,call,460.0,0.0,0.0,0.95,350.0,0.475,0.12,2.0,,,,,,,2026-06-18,377.915,381.36,373.32,379.08,1.164157e6,377.639978
2026-06-18T20:31:17.854,7,6,MSFT260624C00462500,MSFT,2026-06-24,call,462.5,0.0,0.0,0.95,92.0,0.475,,,,,,,,,2026-06-18,377.915,381.36,373.32,379.08,1.164157e6,377.639978
2026-06-18T20:31:17.854,7,6,MSFT260624C00465000,MSFT,2026-06-24,call,465.0,0.0,0.0,1.24,180.0,0.62,0.18,1.0,,,,,,,2026-06-18,377.915,381.36,373.32,379.08,1.164157e6,377.639978
2026-06-18T20:31:17.854,7,6,MSFT260624C00470000,MSFT,2026-06-24,call,470.0,0.0,0.0,1.26,296.0,0.63,0.01,1.0,,,,,,,2026-06-18,377.915,381.36,373.32,379.08,1.164157e6,377.639978
2026-06-18T20:31:17.854,7,6,MSFT260624C00475000,MSFT,2026-06-24,call,475.0,0.0,0.0,2.17,93.0,1.085,0.17,1.0,,,,,,,2026-06-18,377.915,381.36,373.32,379.08,1.164157e6,377.639978
2026-06-18T20:31:17.854,7,6,MSFT260624C00480000,MSFT,2026-06-24,call,480.0,0.0,0.0,2.16,68.0,1.08,0.15,1.0,,,,,,,2026-06-18,377.915,381.36,373.32,379.08,1.164157e6,377.639978
2026-06-18T20:31:17.854,7,6,MSFT260624C00485000,MSFT,2026-06-24,call,485.0,0.0,0.0,2.12,119.0,1.06,0.15,1.0,,,,,,,2026-06-18,377.915,381.36,373.32,379.08,1.164157e6,377.639978
2026-06-18T20:31:17.854,7,6,MSFT260624C00490000,MSFT,2026-06-24,call,490.0,0.0,0.0,2.16,8.0,1.08,,,,,,,,,2026-06-18,377.915,381.36,373.32,379.08,1.164157e6,377.639978
2026-06-18T20:31:17.854,7,6,MSFT260624C00495000,MSFT,2026-06-24,call,495.0,0.0,0.0,2.17,216.0,1.085,0.09,1.0,,,,,,,2026-06-18,377.915,381.36,373.32,379.08,1.164157e6,377.639978
2026-06-18T20:31:17.854,7,6,MSFT260624C00500000,MSFT,2026-06-24,call,500.0,0.0,0.0,2.16,18.0,1.08,,,,,,,,,2026-06-18,377.915,381.36,373.32,379.08,1.164157e6,377.639978
2026-06-18T20:31:17.854,7,6,MSFT260624C00505000,MSFT,2026-06-24,call,505.0,0.0,0.0,2.11,41.0,1.055,,,,,,,,,2026-06-18,377.915,381.36,373.32,379.08,1.164157e6,377.639978
2026-06-18T20:31:17.854,7,6,MSFT260624C00510000,MSFT,2026-06-24,call,510.0,0.0,0.0,2.17,37.0,1.085,,,,,,,,,2026-06-18,377.915,381.36,373.32,379.08,1.164157e6,377.639978
2026-06-18T20:31:17.854,7,6,MSFT260624C00515000,MSFT,2026-06-24,call,515.0,0.0,0.0,2.11,16.0,1.055,,,,,,,,,2026-06-18,377.915,381.36,373.32,379.08,1.164157e6,377.639978
2026-06-18T20:31:17.854,7,6,MSFT260624C00520000,MSFT,2026-06-24,call,520.0,0.0,0.0,2.15,44.0,1.075,0.01,20.0,,,,,,,2026-06-18,377.915,381.36,373.32,379.08,1.164157e6,377.639978
2026-06-18T20:31:17.854,7,6,MSFT260624C00525000,MSFT,2026-06-24,call,525.0,0.0,0.0,2.11,8.0,1.055,0.01,20.0,,,,,,,2026-06-18,377.915,381.36,373.32,379.08,1.164157e6,377.639978
2026-06-18T20:31:17.854,7,6,MSFT260624P00335000,MSFT,2026-06-24,put,335.0,0.0,0.0,0.14,428.0,0.07,0.07,2.0,,,,,,,2026-06-18,377.915,381.36,373.32,379.08,1.164157e6,377.639978
2026-06-18T20:31:17.854,7,6,MSFT260624P00340000,MSFT,2026-06-24,put,340.0,0.07,47.0,0.12,352.0,0.095,0.07,46.0,0.401,-0.0136,0.0018,-0.0563,0.017,-0.0009,2026-06-18,377.915,381.36,373.32,379.08,1.164157e6,377.639978
2026-06-18T20:31:17.854,7,6,MSFT260624P00345000,MSFT,2026-06-24,put,345.0,0.01,282.0,0.17,359.0,0.09000000000000001,0.12,1.0,0.3527,-0.0146,0.0022,-0.0524,0.018,-0.0009,2026-06-18,377.915,381.36,373.32,379.08,1.164157e6,377.639978
2026-06-18T20:31:17.854,7,6,MSFT260624P00347500,MSFT,2026-06-24,put,347.5,0.04,305.0,0.18,429.0,0.11,0.13,1.0,0.3399,-0.0181,0.0027,-0.0606,0.0216,-0.0011,2026-06-18,377.915,381.36,373.32,379.08,1.164157e6,377.639978
2026-06-18T20:31:17.854,7,6,MSFT260624P00350000,MSFT,2026-06-24,put,350.0,0.03,331.0,0.25,302.0,0.14,0.2,1.0,0.3288,-0.023,0.0034,-0.072,0.0266,-0.0015,2026-06-18,377.915,381.36,373.32,379.08,1.164157e6,377.639978
2026-06-18T20:31:17.854,7,6,MSFT260624P00352500,MSFT,2026-06-24,put,352.5,0.01,461.0,0.38,403.0,0.195,0.26,1.0,0.3225,-0.0314,0.0045,-0.0913,0.0344,-0.002,2026-06-18,377.915,381.36,373.32,379.08,1.164157e6,377.639978
2026-06-18T20:31:17.854,7,6,MSFT260624P00355000,MSFT,2026-06-24,put,355.0,0.08,383.0,0.42,383.0,0.25,0.37,1.0,0.3114,-0.0402,0.0057,-0.1079,0.0422,-0.0026,2026-06-18,377.915,381.36,373.32,379.08,1.164157e6,377.639978
2026-06-18T20:31:17.854,7,6,MSFT260624P00357500,MSFT,2026-06-24,put,357.5,0.32,311.0,0.43,115.0,0.375,0.42,40.0,0.3102,-0.0572,0.0076,-0.1423,0.0559,-0.0036,2026-06-18,377.915,381.36,373.32,379.08,1.164157e6,377.639978
2026-06-18T20:31:17.854,7,6,MSFT260624P00360000,MSFT,2026-06-24,put,360.0,0.46,349.0,0.67,239.0,0.5650000000000001,0.63,2.0,0.311,-0.0808,0.0099,-0.1861,0.073,-0.0051,2026-06-18,377.915,381.36,373.32,379.08,1.164157e6,377.639978
2026-06-18T20:31:17.854,7,6,MSFT260624P00362500,MSFT,2026-06-24,put,362.5,0.62,105.0,1.03,109.0,0.825,0.82,1.0,0.3117,-0.1105,0.0124,-0.2345,0.0919,-0.007,2026-06-18,377.915,381.36,373.32,379.08,1.164157e6,377.639978
2026-06-18T20:31:17.854,7,6,MSFT260624P00365000,MSFT,2026-06-24,put,365.0,1.02,234.0,1.2,230.0,1.1099999999999999,1.03,2.0,0.3066,-0.1426,0.0151,-0.2752,0.1099,-0.0091,2026-06-18,377.915,381.36,373.32,379.08,1.164157e6,377.639978
2026-06-18T20:31:17.854,7,6,MSFT260624P00367500,MSFT,2026-06-24,put,367.5,1.31,156.0,1.58,80.0,1.445,1.47,1.0,0.299,-0.1796,0.018,-0.3114,0.1277,-0.0115,2026-06-18,377.915,381.36,373.32,379.08,1.164157e6,377.639978
2026-06-18T20:31:17.854,7,6,MSFT260624P00370000,MSFT,2026-06-24,put,370.0,1.87,135.0,2.029,10.0,1.9495,1.92,1.0,0.2968,-0.2281,0.0209,-0.3555,0.1473,-0.0146,2026-06-18,377.915,381.36,373.32,379.08,1.164157e6,377.639978
2026-06-18T20:31:17.854,7,6,MSFT260624P00372500,MSFT,2026-06-24,put,372.5,2.43,272.0,2.82,48.0,2.625,2.56,4.0,0.2971,-0.2851,0.0235,-0.3988,0.1655,-0.0182,2026-06-18,377.915,381.36,373.32,379.08,1.164157e6,377.639978
2026-06-18T20:31:17.854,7,6,MSFT260624P00375000,MSFT,2026-06-24,put,375.0,3.2,338.0,3.57,37.0,3.385,3.2,1.0,0.2936,-0.3459,0.0258,-0.4264,0.1798,-0.0222,2026-06-18,377.915,381.36,373.32,379.08,1.164157e6,377.639978
2026-06-18T20:31:17.854,7,6,MSFT260624P00377500,MSFT,2026-06-24,put,377.5,4.09,312.0,4.86,1.0,4.475,4.35,3.0,0.2992,-0.4144,0.0267,-0.4575,0.1899,-0.0266,2026-06-18,377.915,381.36,373.32,379.08,1.164157e6,377.639978
2026-06-18T20:31:17.854,7,6,MSFT260624P00380000,MSFT,2026-06-24,put,380.0,5.36,188.0,5.94,178.0,5.65,5.5,1.0,0.3001,-0.4823,0.0273,-0.467,0.1942,-0.0311,2026-06-18,377.915,381.36,373.32,379.08,1.164157e6,377.639978
2026-06-18T20:31:17.854,7,6,MSFT260624P00382500,MSFT,2026-06-24,put,382.5,6.7,189.0,7.38,10.0,7.04,7.2,1.0,0.3032,-0.5495,0.0268,-0.4662,0.1929,-0.0355,2026-06-18,377.915,381.36,373.32,379.08,1.164157e6,377.639978
2026-06-18T20:31:17.854,7,6,MSFT260624P00385000,MSFT,2026-06-24,put,385.0,8.25,163.0,9.28,46.0,8.765,9.5,5.0,0.3157,-0.6099,0.0249,-0.4682,0.187,-0.0396,2026-06-18,377.915,381.36,373.32,379.08,1.164157e6,377.639978
2026-06-18T20:31:17.854,7,6,MSFT260624P00387500,MSFT,2026-06-24,put,387.5,9.74,135.0,10.6,62.0,10.17,9.88,1.0,0.3025,-0.6771,0.0243,-0.4145,0.1749,-0.044,2026-06-18,377.915,381.36,373.32,379.08,1.164157e6,377.639978
2026-06-18T20:31:17.854,7,6,MSFT260624P00390000,MSFT,2026-06-24,put,390.0,11.96,67.0,13.39,52.0,12.675,11.96,1.0,0.3456,-0.7062,0.0204,-0.4556,0.1679,-0.0462,2026-06-18,377.915,381.36,373.32,379.08,1.164157e6,377.639978
2026-06-18T20:31:17.854,7,6,MSFT260624P00392500,MSFT,2026-06-24,put,392.5,13.48,84.0,15.18,107.0,14.33,13.86,1.0,0.3321,-0.7631,0.0191,-0.3862,0.1504,-0.05,2026-06-18,377.915,381.36,373.32,379.08,1.164157e6,377.639978
2026-06-18T20:31:17.854,7,6,MSFT260624P00395000,MSFT,2026-06-24,put,395.0,15.6,80.0,17.16,36.0,16.38,16.56,1.0,0.3364,-0.8034,0.0169,-0.3467,0.135,-0.0529,2026-06-18,377.915,381.36,373.32,379.08,1.164157e6,377.639978
2026-06-18T20:31:17.854,7,6,MSFT260624P00397500,MSFT,2026-06-24,put,397.5,16.78,161.0,20.01,68.0,18.395000000000003,21.97,1.0,0.3305,-0.8458,0.0147,-0.2851,0.1157,-0.0559,2026-06-18,377.915,381.36,373.32,379.08,1.164157e6,377.639978
2026-06-18T20:31:17.854,7,6,MSFT260624P00400000,MSFT,2026-06-24,put,400.0,19.17,10.0,21.99,1.0,20.58,22.98,1.0,0.3313,-0.8777,0.0126,-0.2376,0.0988,-0.0582,2026-06-18,377.915,381.36,373.32,379.08,1.164157e6,377.639978
2026-06-18T20:31:17.854,7,6,MSFT260624P00402500,MSFT,2026-06-24,put,402.5,21.91,48.0,24.2,25.0,23.055,24.2,2.0,0.3572,-0.8873,0.011,-0.2419,0.0933,-0.0592,2026-06-18,377.915,381.36,373.32,379.08,1.164157e6,377.639978
2026-06-18T20:31:17.854,7,6,MSFT260624P00405000,MSFT,2026-06-24,put,405.0,23.95,25.0,27.04,30.0,25.494999999999997,24.92,1.0,0.3781,-0.898,0.0097,-0.2371,0.0868,-0.0603,2026-06-18,377.915,381.36,373.32,379.08,1.164157e6,377.639978
2026-06-18T20:31:17.854,7,6,MSFT260624P00407500,MSFT,2026-06-24,put,407.5,26.33,39.0,29.1,33.0,27.715,27.29,1.0,0.3683,-0.9244,0.0079,-0.1754,0.0694,-0.0623,2026-06-18,377.915,381.36,373.32,379.08,1.164157e6,377.639978
2026-06-18T20:31:17.854,7,6,MSFT260624P00410000,MSFT,2026-06-24,put,410.0,28.87,35.0,32.159,29.0,30.514499999999998,30.5,1.0,0.4336,-0.9069,0.0079,-0.2562,0.0812,-0.0617,2026-06-18,377.915,381.36,373.32,379.08,1.164157e6,377.639978
2026-06-18T20:31:17.854,7,6,MSFT260624P00412500,MSFT,2026-06-24,put,412.5,31.04,21.0,35.11,11.0,33.075,34.8,2.0,0.4671,-0.9073,0.0073,-0.2774,0.0809,-0.0621,2026-06-18,377.915,381.36,373.32,379.08,1.164157e6,377.639978
2026-06-18T20:31:17.854,7,6,MSFT260624P00415000,MSFT,2026-06-24,put,415.0,34.25,42.0,37.13,32.0,35.69,36.41,1.0,0.507,-0.9046,0.0069,-0.3115,0.0826,-0.0624,2026-06-18,377.915,381.36,373.32,379.08,1.164157e6,377.639978
2026-06-18T20:31:17.854,7,6,MSFT260624P00417500,MSFT,2026-06-24,put,417.5,35.42,23.0,39.26,23.0,37.34,39.6,2.0,0.386,-0.9684,0.0038,-0.0712,0.0346,-0.0667,2026-06-18,377.915,381.36,373.32,379.08,1.164157e6,377.639978
2026-06-18T20:31:17.854,7,6,MSFT260624P00420000,MSFT,2026-06-24,put,420.0,38.8,202.0,42.81,43.0,40.805,44.75,1.0,0.5721,-0.9057,0.006,-0.3525,0.0819,-0.0633,2026-06-18,377.915,381.36,373.32,379.08,1.164157e6,377.639978
2026-06-18T20:31:17.854,7,6,MSFT260624P00422500,MSFT,2026-06-24,put,422.5,40.32,10.0,45.57,10.0,42.945,,,0.5484,-0.9277,0.0051,-0.2673,0.0671,-0.065,2026-06-18,377.915,381.36,373.32,379.08,1.164157e6,377.639978
2026-06-18T20:31:17.854,7,6,MSFT260624P00425000,MSFT,2026-06-24,put,425.0,43.58,17.0,47.45,17.0,45.515,40.91,1.0,0.5824,-0.9263,0.0049,-0.2911,0.0681,-0.0654,2026-06-18,377.915,381.36,373.32,379.08,1.164157e6,377.639978
2026-06-18T20:31:17.854,7,6,MSFT260624P00427500,MSFT,2026-06-24,put,427.5,45.18,10.0,48.93,10.0,47.055,33.26,1.0,,,,,,,2026-06-18,377.915,381.36,373.32,379.08,1.164157e6,377.639978
2026-06-18T20:31:17.854,7,6,MSFT260624P00430000,MSFT,2026-06-24,put,430.0,48.79,14.0,53.06,16.0,50.925,51.23,1.0,0.6863,-0.9115,0.0048,-0.4077,0.0782,-0.0653,2026-06-18,377.915,381.36,373.32,379.08,1.164157e6,377.639978
2026-06-18T20:31:17.854,7,6,MSFT260624P00432500,MSFT,2026-06-24,put,432.5,52.04,14.0,54.79,25.0,53.415,,,0.709,-0.9143,0.0045,-0.4112,0.0763,-0.0659,2026-06-18,377.915,381.36,373.32,379.08,1.164157e6,377.639978
2026-06-18T20:31:17.854,7,6,MSFT260624P00435000,MSFT,2026-06-24,put,435.0,53.43,14.0,57.51,29.0,55.47,46.26,1.0,0.6671,-0.9365,0.0038,-0.2965,0.0607,-0.0676,2026-06-18,377.915,381.36,373.32,379.08,1.164157e6,377.639978
2026-06-18T20:31:17.854,7,6,MSFT260624P00437500,MSFT,2026-06-24,put,437.5,55.94,16.0,59.88,27.0,57.91,38.04,1.0,0.679,-0.9411,0.0035,-0.2827,0.0572,-0.0683,2026-06-18,377.915,381.36,373.32,379.08,1.164157e6,377.639978
2026-06-18T20:31:17.854,7,6,MSFT260624P00440000,MSFT,2026-06-24,put,440.0,57.57,15.0,62.3,16.0,59.935,52.33,1.0,0.595,-0.9693,0.0024,-0.125,0.0338,-0.0704,2026-06-18,377.915,381.36,373.32,379.08,1.164157e6,377.639978
2026-06-18T20:31:17.854,7,6,MSFT260624P00442500,MSFT,2026-06-24,put,442.5,61.43,15.0,63.53,17.0,62.480000000000004,,,0.6274,-0.9672,0.0024,-0.1442,0.0357,-0.0707,2026-06-18,377.915,381.36,373.32,379.08,1.164157e6,377.639978
2026-06-18T20:31:17.854,7,6,MSFT260624P00445000,MSFT,2026-06-24,put,445.0,63.17,16.0,66.35,30.0,64.75999999999999,58.0,1.0,0.5672,-0.9831,0.0015,-0.0533,0.0205,-0.0721,2026-06-18,377.915,381.36,373.32,379.08,1.164157e6,377.639978
2026-06-18T20:31:17.854,7,6,MSFT260624P00447500,MSFT,2026-06-24,put,447.5,66.89,1.0,70.94,2.0,68.91499999999999,59.13,1.0,0.914,-0.908,0.0037,-0.5718,0.0805,-0.0681,2026-06-18,377.915,381.36,373.32,379.08,1.164157e6,377.639978
2026-06-18T20:31:17.854,7,6,MSFT260624P00450000,MSFT,2026-06-24,put,450.0,68.24,15.0,70.84,16.0,69.53999999999999,65.0,1.0,,,,,,,2026-06-18,377.915,381.36,373.32,379.08,1.164157e6,377.639978
2026-06-18T20:31:17.854,7,6,MSFT260624P00452500,MSFT,2026-06-24,put,452.5,72.55,28.0,74.38,22.0,73.465,,,0.8984,-0.9265,0.0032,-0.4666,0.068,-0.07,2026-06-18,377.915,381.36,373.32,379.08,1.164157e6,377.639978
2026-06-18T20:31:17.854,7,6,MSFT260624P00455000,MSFT,2026-06-24,put,455.0,73.99,22.0,77.63,7.0,75.81,,,0.8962,-0.9334,0.003,-0.4276,0.063,-0.0708,2026-06-18,377.915,381.36,373.32,379.08,1.164157e6,377.639978
2026-06-18T20:31:17.854,7,6,MSFT260624P00457500,MSFT,2026-06-24,put,457.5,77.56,21.0,79.85,24.0,78.705,,,0.9764,-0.9211,0.0031,-0.5411,0.0717,-0.0705,2026-06-18,377.915,381.36,373.32,379.08,1.164157e6,377.639978
2026-06-18T20:31:17.854,7,6,MSFT260624P00460000,MSFT,2026-06-24,put,460.0,79.26,25.0,80.91,16.0,80.08500000000001,72.42,1.0,0.7905,-0.966,0.002,-0.1979,0.0368,-0.0735,2026-06-18,377.915,381.36,373.32,379.08,1.164157e6,377.639978
2026-06-18T20:31:17.854,7,6,MSFT260624P00462500,MSFT,2026-06-24,put,462.5,81.66,30.0,84.47,19.0,83.065,,,0.9161,-0.9458,0.0025,-0.365,0.0536,-0.0728,2026-06-18,377.915,381.36,373.32,379.08,1.164157e6,377.639978
2026-06-18T20:31:17.854,7,6,MSFT260624P00465000,MSFT,2026-06-24,put,465.0,85.32,24.0,87.14,22.0,86.22999999999999,,,,,,,,,2026-06-18,377.915,381.36,373.32,379.08,1.164157e6,377.639978
2026-06-18T20:31:17.854,7,6,MSFT260624P00470000,MSFT,2026-06-24,put,470.0,89.28,26.0,91.02,28.0,90.15,,,0.8822,-0.9652,0.0018,-0.2305,0.0375,-0.0751,2026-06-18,377.915,381.36,373.32,379.08,1.164157e6,377.639978
2026-06-18T20:31:17.854,7,6,MSFT260624P00475000,MSFT,2026-06-24,put,475.0,93.27,24.0,98.36,22.0,95.815,,,,,,,,,2026-06-18,377.915,381.36,373.32,379.08,1.164157e6,377.639978
2026-06-18T20:31:17.854,7,6,MSFT260624P00480000,MSFT,2026-06-24,put,480.0,98.47,30.0,103.23,25.0,100.85,,,,,,,,,2026-06-18,377.915,381.36,373.32,379.08,1.164157e6,377.639978
2026-06-18T20:31:17.854,7,6,MSFT260624P00485000,MSFT,2026-06-24,put,485.0,103.11,30.0,108.13,38.0,105.62,,,,,,,,,2026-06-18,377.915,381.36,373.32,379.08,1.164157e6,377.639978
2026-06-18T20:31:17.854,7,6,MSFT260624P00490000,MSFT,2026-06-24,put,490.0,109.63,21.0,110.49,26.0,110.06,,,,,,,,,2026-06-18,377.915,381.36,373.32,379.08,1.164157e6,377.639978
2026-06-18T20:31:17.854,7,6,MSFT260624P00495000,MSFT,2026-06-24,put,495.0,114.83,31.0,116.14,27.0,115.485,,,,,,,,,2026-06-18,377.915,381.36,373.32,379.08,1.164157e6,377.639978
2026-06-18T20:31:17.854,7,6,MSFT260624P00500000,MSFT,2026-06-24,put,500.0,118.0,27.0,121.95,34.0,119.975,,,,,,,,,2026-06-18,377.915,381.36,373.32,379.08,1.164157e6,377.639978
2026-06-18T20:31:17.854,7,6,MSFT260624P00505000,MSFT,2026-06-24,put,505.0,124.57,23.0,125.56,20.0,125.065,,,,,,,,,2026-06-18,377.915,381.36,373.32,379.08,1.164157e6,377.639978
2026-06-18T20:31:17.854,7,6,MSFT260624P00510000,MSFT,2026-06-24,put,510.0,128.94,20.0,131.44,33.0,130.19,,,,,,,,,2026-06-18,377.915,381.36,373.32,379.08,1.164157e6,377.639978
2026-06-18T20:31:17.854,7,6,MSFT260624P00515000,MSFT,2026-06-24,put,515.0,133.5,24.0,135.4,25.0,134.45,,,,,,,,,2026-06-18,377.915,381.36,373.32,379.08,1.164157e6,377.639978
2026-06-18T20:31:17.854,7,6,MSFT260624P00520000,MSFT,2026-06-24,put,520.0,140.52,30.0,142.45,24.0,141.485,,,,,,,,,2026-06-18,377.915,381.36,373.32,379.08,1.164157e6,377.639978
2026-06-18T20:31:17.854,7,6,MSFT260624P00525000,MSFT,2026-06-24,put,525.0,144.81,23.0,145.96,24.0,145.385,,,,,,,,,2026-06-18,377.915,381.36,373.32,379.08,1.164157e6,377.639978
2026-06-18T20:31:17.854,7,8,MSFT260626C00270000,MSFT,2026-06-26,call,270.0,107.22,30.0,112.55,8.0,109.88499999999999,150.25,5.0,,,,,,,2026-06-18,377.915,381.36,373.32,379.08,1.164157e6,377.639978
2026-06-18T20:31:17.854,7,8,MSFT260626C00280000,MSFT,2026-06-26,call,280.0,99.01,20.0,101.29,5.0,100.15,,,,,,,,,2026-06-18,377.915,381.36,373.32,379.08,1.164157e6,377.639978
2026-06-18T20:31:17.854,7,8,MSFT260626C00290000,MSFT,2026-06-26,call,290.0,88.9,16.0,92.51,1.0,90.70500000000001,125.0,1.0,0.8985,0.9825,0.0009,-0.1649,0.0244,0.062,2026-06-18,377.915,381.36,373.32,379.08,1.164157e6,377.639978
2026-06-18T20:31:17.854,7,8,MSFT260626C00300000,MSFT,2026-06-26,call,300.0,77.29,6.0,82.32,2.0,79.805,76.4,1.0,,,,,,,2026-06-18,377.915,381.36,373.32,379.08,1.164157e6,377.639978
2026-06-18T20:31:17.854,7,8,MSFT260626C00305000,MSFT,2026-06-26,call,305.0,72.16,17.0,76.67,5.0,74.41499999999999,112.15,1.0,,,,,,,2026-06-18,377.915,381.36,373.32,379.08,1.164157e6,377.639978
2026-06-18T20:31:17.854,7,8,MSFT260626C00310000,MSFT,2026-06-26,call,310.0,69.07,23.0,73.09,10.0,71.08,68.29,1.0,0.8006,0.963,0.0018,-0.2569,0.0455,0.0647,2026-06-18,377.915,381.36,373.32,379.08,1.164157e6,377.639978
2026-06-18T20:31:17.854,7,8,MSFT260626C00315000,MSFT,2026-06-26,call,315.0,64.2,20.0,67.39,2.0,65.795,,,0.6786,0.9731,0.0016,-0.1783,0.0349,0.0667,2026-06-18,377.915,381.36,373.32,379.08,1.164157e6,377.639978
2026-06-18T20:31:17.854,7,8,MSFT260626C00320000,MSFT,2026-06-26,call,320.0,57.67,21.0,60.79,11.0,59.230000000000004,66.32,1.0,,,,,,,2026-06-18,377.915,381.36,373.32,379.08,1.164157e6,377.639978
2026-06-18T20:31:17.854,7,8,MSFT260626C00325000,MSFT,2026-06-26,call,325.0,52.9,15.0,56.77,10.0,54.835,63.1,2.0,,,,,,,2026-06-18,377.915,381.36,373.32,379.08,1.164157e6,377.639978
2026-06-18T20:31:17.854,7,8,MSFT260626C00330000,MSFT,2026-06-26,call,330.0,49.46,16.0,50.91,1.0,50.185,48.77,8.0,,,,,,,2026-06-18,377.915,381.36,373.32,379.08,1.164157e6,377.639978
2026-06-18T20:31:17.854,7,8,MSFT260626C00335000,MSFT,2026-06-26,call,335.0,44.16,24.0,46.69,24.0,45.425,43.85,1.0,0.3214,0.9965,0.0006,-0.0449,0.0059,0.0731,2026-06-18,377.915,381.36,373.32,379.08,1.164157e6,377.639978
2026-06-18T20:31:17.854,7,8,MSFT260626C00340000,MSFT,2026-06-26,call,340.0,39.51,13.0,41.44,28.0,40.474999999999994,36.0,1.0,0.331,0.9898,0.0015,-0.0649,0.0153,0.0736,2026-06-18,377.915,381.36,373.32,379.08,1.164157e6,377.639978
2026-06-18T20:31:17.854,7,8,MSFT260626C00342500,MSFT,2026-06-26,call,342.5,36.2,21.0,39.95,10.0,38.075,,,0.3558,0.9783,0.0026,-0.0979,0.0291,0.0732,2026-06-18,377.915,381.36,373.32,379.08,1.164157e6,377.639978
2026-06-18T20:31:17.854,7,8,MSFT260626C00345000,MSFT,2026-06-26,call,345.0,33.76,15.0,36.49,12.0,35.125,32.9,1.0,,,,,,,2026-06-18,377.915,381.36,373.32,379.08,1.164157e6,377.639978
2026-06-18T20:31:17.854,7,8,MSFT260626C00347500,MSFT,2026-06-26,call,347.5,31.74,10.0,34.52,11.0,33.13,30.63,1.0,0.3284,0.9704,0.0036,-0.1109,0.0378,0.0736,2026-06-18,377.915,381.36,373.32,379.08,1.164157e6,377.639978
2026-06-18T20:31:17.854,7,8,MSFT260626C00350000,MSFT,2026-06-26,call,350.0,28.65,17.0,31.7,90.0,30.174999999999997,28.25,1.0,,,,,,,2026-06-18,377.915,381.36,373.32,379.08,1.164157e6,377.639978
2026-06-18T20:31:17.854,7,8,MSFT260626C00352500,MSFT,2026-06-26,call,352.5,26.55,22.0,29.67,41.0,28.11,28.13,3.0,0.2788,0.9692,0.0044,-0.1019,0.0392,0.0746,2026-06-18,377.915,381.36,373.32,379.08,1.164157e6,377.639978
2026-06-18T20:31:17.854,7,8,MSFT260626C00355000,MSFT,2026-06-26,call,355.0,23.81,23.0,27.66,16.0,25.735,24.45,1.0,0.2826,0.9531,0.0062,-0.1308,0.0552,0.0738,2026-06-18,377.915,381.36,373.32,379.08,1.164157e6,377.639978
2026-06-18T20:31:17.854,7,8,MSFT260626C00357500,MSFT,2026-06-26,call,357.5,22.13,14.0,24.76,76.0,23.445,20.8,6.0,0.2902,0.9291,0.0083,-0.171,0.0763,0.0723,2026-06-18,377.915,381.36,373.32,379.08,1.164157e6,377.639978
2026-06-18T20:31:17.854,7,8,MSFT260626C00360000,MSFT,2026-06-26,call,360.0,19.43,118.0,22.29,110.0,20.86,19.43,20.0,0.2536,0.9318,0.0092,-0.1504,0.074,0.0731,2026-06-18,377.915,381.36,373.32,379.08,1.164157e6,377.639978
2026-06-18T20:31:17.854,7,8,MSFT260626C00362500,MSFT,2026-06-26,call,362.5,16.95,28.0,20.59,1.0,18.77,,,0.2724,0.8884,0.0124,-0.2136,0.1069,0.0699,2026-06-18,377.915,381.36,373.32,379.08,1.164157e6,377.639978
2026-06-18T20:31:17.854,7,8,MSFT260626C00365000,MSFT,2026-06-26,call,365.0,15.39,44.0,17.46,97.0,16.425,16.97,4.0,0.2572,0.8659,0.0149,-0.2265,0.1216,0.0685,2026-06-18,377.915,381.36,373.32,379.08,1.164157e6,377.639978
2026-06-18T20:31:17.854,7,8,MSFT260626C00367500,MSFT,2026-06-26,call,367.5,14.15,73.0,14.94,92.0,14.545,14.15,1.0,0.2712,0.8111,0.0177,-0.287,0.1522,0.0644,2026-06-18,377.915,381.36,373.32,379.08,1.164157e6,377.639978
2026-06-18T20:31:17.854,7,8,MSFT260626C00370000,MSFT,2026-06-26,call,370.0,12.4,12.0,13.37,196.0,12.885,12.74,5.0,0.2869,0.7506,0.0197,-0.3472,0.1786,0.0597,2026-06-18,377.915,381.36,373.32,379.08,1.164157e6,377.639978
2026-06-18T20:31:17.854,7,8,MSFT260626C00372500,MSFT,2026-06-26,call,372.5,10.26,1.0,11.41,30.0,10.835,10.9,2.0,0.2727,0.7063,0.0224,-0.3558,0.1938,0.0565,2026-06-18,377.915,381.36,373.32,379.08,1.164157e6,377.639978
2026-06-18T20:31:17.854,7,8,MSFT260626C00375000,MSFT,2026-06-26,call,375.0,9.22,1.0,9.6,81.0,9.41,9.3,3.0,0.2837,0.6421,0.0234,-0.3958,0.2101,0.0514,2026-06-18,377.915,381.36,373.32,379.08,1.164157e6,377.639978
2026-06-18T20:31:17.854,7,8,MSFT260626C00377500,MSFT,2026-06-26,call,377.5,7.6,73.0,8.109,88.0,7.8545,7.95,2.0,0.2806,0.5822,0.0247,-0.4065,0.2197,0.0468,2026-06-18,377.915,381.36,373.32,379.08,1.164157e6,377.639978
2026-06-18T20:31:17.854,7,8,MSFT260626C00380000,MSFT,2026-06-26,call,380.0,6.14,24.0,6.53,118.0,6.335,6.38,1.0,0.2724,0.5195,0.026,-0.4007,0.2242,0.0419,2026-06-18,377.915,381.36,373.32,379.08,1.164157e6,377.639978
2026-06-18T20:31:17.854,7,8,MSFT260626C00382500,MSFT,2026-06-26,call,382.5,4.97,2.0,5.55,146.0,5.26,5.45,1.0,0.277,0.4558,0.0254,-0.4029,0.2231,0.0368,2026-06-18,377.915,381.36,373.32,379.08,1.164157e6,377.639978
2026-06-18T20:31:17.854,7,8,MSFT260626C00385000,MSFT,2026-06-26,call,385.0,4.36,1.0,4.57,22.0,4.465,4.45,2.0,0.2874,0.3979,0.0239,-0.4045,0.2171,0.0322,2026-06-18,377.915,381.36,373.32,379.08,1.164157e6,377.639978
2026-06-18T20:31:17.854,7,8,MSFT260626C00387500,MSFT,2026-06-26,call,387.5,3.17,1.0,3.68,18.0,3.425,3.68,1.0,0.2797,0.336,0.0232,-0.3711,0.2053,0.0272,2026-06-18,377.915,381.36,373.32,379.08,1.164157e6,377.639978
2026-06-18T20:31:17.854,7,8,MSFT260626C00390000,MSFT,2026-06-26,call,390.0,2.72,208.0,2.92,1.0,2.8200000000000003,2.85,1.0,0.2865,0.2864,0.0211,-0.3534,0.1915,0.0232,2026-06-18,377.915,381.36,373.32,379.08,1.164157e6,377.639978
2026-06-18T20:31:17.854,7,8,MSFT260626C00392500,MSFT,2026-06-26,call,392.5,2.27,3.0,2.42,13.0,2.3449999999999998,2.32,10.0,0.2947,0.244,0.0189,-0.3341,0.1765,0.0198,2026-06-18,377.915,381.36,373.32,379.08,1.164157e6,377.639978
2026-06-18T20:31:17.854,7,8,MSFT260626C00395000,MSFT,2026-06-26,call,395.0,1.75,1.0,1.95,22.0,1.85,1.77,1.0,0.2964,0.2022,0.0169,-0.3013,0.1586,0.0164,2026-06-18,377.915,381.36,373.32,379.08,1.164157e6,377.639978
2026-06-18T20:31:17.854,7,8,MSFT260626C00397500,MSFT,2026-06-26,call,397.5,1.29,2.0,1.59,61.0,1.44,1.49,1.0,0.2977,0.1653,0.0148,-0.2663,0.1398,0.0135,2026-06-18,377.915,381.36,373.32,379.08,1.164157e6,377.639978
2026-06-18T20:31:17.854,7,8,MSFT260626C00400000,MSFT,2026-06-26,call,400.0,1.22,1.0,1.25,23.0,1.2349999999999999,1.22,1.0,0.3091,0.1417,0.0129,-0.2493,0.1263,0.0115,2026-06-18,377.915,381.36,373.32,379.08,1.164157e6,377.639978
2026-06-18T20:31:17.854,7,8,MSFT260626C00402500,MSFT,2026-06-26,call,402.5,0.8,147.0,0.95,36.0,0.875,0.95,1.0,0.303,0.1086,0.0109,-0.2025,0.1048,0.0089,2026-06-18,377.915,381.36,373.32,379.08,1.164157e6,377.639978
2026-06-18T20:31:17.854,7,8,MSFT260626C00405000,MSFT,2026-06-26,call,405.0,0.68,115.0,0.8,315.0,0.74,0.78,10.0,0.3127,0.092,0.0094,-0.185,0.0929,0.0075,2026-06-18,377.915,381.36,373.32,379.08,1.164157e6,377.639978
2026-06-18T20:31:17.854,7,8,MSFT260626C00407500,MSFT,2026-06-26,call,407.5,0.57,3.0,0.75,53.0,0.6599999999999999,0.59,1.0,0.3259,0.0808,0.0082,-0.1747,0.0843,0.0066,2026-06-18,377.915,381.36,373.32,379.08,1.164157e6,377.639978
2026-06-18T20:31:17.854,7,8,MSFT260626C00410000,MSFT,2026-06-26,call,410.0,0.51,1.0,0.56,35.0,0.535,0.54,6.0,0.3313,0.0667,0.0069,-0.1532,0.0728,0.0054,2026-06-18,377.915,381.36,373.32,379.08,1.164157e6,377.639978
2026-06-18T20:31:17.854,7,8,MSFT260626C00412500,MSFT,2026-06-26,call,412.5,0.42,1.0,0.53,83.0,0.475,0.45,3.0,0.3431,0.0585,0.006,-0.1431,0.0657,0.0048,2026-06-18,377.915,381.36,373.32,379.08,1.164157e6,377.639978
2026-06-18T20:31:17.854,7,8,MSFT260626C00415000,MSFT,2026-06-26,call,415.0,0.31,26.0,0.34,24.0,0.325,0.34,2.0,0.3368,0.0428,0.0048,-0.1094,0.0512,0.0035,2026-06-18,377.915,381.36,373.32,379.08,1.164157e6,377.639978
2026-06-18T20:31:17.854,7,8,MSFT260626C00417500,MSFT,2026-06-26,call,417.5,0.28,137.0,0.4,176.0,0.34,0.29,1.0,0.3584,0.0422,0.0045,-0.1151,0.0507,0.0034,2026-06-18,377.915,381.36,373.32,379.08,1.164157e6,377.639978
2026-06-18T20:31:17.854,7,8,MSFT260626C00420000,MSFT,2026-06-26,call,420.0,0.2,44.0,0.23,52.0,0.21500000000000002,0.23,66.0,0.3478,0.029,0.0034,-0.082,0.0372,0.0024,2026-06-18,377.915,381.36,373.32,379.08,1.164157e6,377.639978
2026-06-18T20:31:17.854,7,8,MSFT260626C00422500,MSFT,2026-06-26,call,422.5,0.16,27.0,0.3,57.0,0.22999999999999998,0.2,1.0,0.369,0.0292,0.0032,-0.0876,0.0375,0.0024,2026-06-18,377.915,381.36,373.32,379.08,1.164157e6,377.639978
2026-06-18T20:31:17.854,7,8,MSFT260626C00425000,MSFT,2026-06-26,call,425.0,0.14,86.0,0.16,35.0,0.15000000000000002,0.16,5.0,0.3611,0.0204,0.0024,-0.0633,0.0277,0.0017,2026-06-18,377.915,381.36,373.32,379.08,1.164157e6,377.639978
2026-06-18T20:31:17.854,7,8,MSFT260626C00427500,MSFT,2026-06-26,call,427.5,0.06,112.0,0.17,122.0,0.115,0.18,1.0,0.3629,0.016,0.002,-0.0518,0.0226,0.0013,2026-06-18,377.915,381.36,373.32,379.08,1.164157e6,377.639978
2026-06-18T20:31:17.854,7,8,MSFT260626C00430000,MSFT,2026-06-26,call,430.0,0.09,139.0,0.18,322.0,0.135,0.13,1.0,0.387,0.0175,0.002,-0.0594,0.0243,0.0014,2026-06-18,377.915,381.36,373.32,379.08,1.164157e6,377.639978
2026-06-18T20:31:17.854,7,8,MSFT260626C00432500,MSFT,2026-06-26,call,432.5,0.12,55.0,0.19,187.0,0.155,0.14,1.0,0.4106,0.0188,0.002,-0.067,0.0258,0.0015,2026-06-18,377.915,381.36,373.32,379.08,1.164157e6,377.639978
2026-06-18T20:31:17.854,7,8,MSFT260626C00435000,MSFT,2026-06-26,call,435.0,0.11,1.0,0.14,35.0,0.125,0.11,1.0,0.4133,0.0154,0.0017,-0.0569,0.0218,0.0013,2026-06-18,377.915,381.36,373.32,379.08,1.164157e6,377.639978
2026-06-18T20:31:17.854,7,8,MSFT260626C00437500,MSFT,2026-06-26,call,437.5,0.03,118.0,0.17,320.0,0.1,0.1,2.0,0.4157,0.0125,0.0014,-0.0479,0.0183,0.001,2026-06-18,377.915,381.36,373.32,379.08,1.164157e6,377.639978
2026-06-18T20:31:17.854,7,8,MSFT260626C00440000,MSFT,2026-06-26,call,440.0,0.07,188.0,0.13,85.0,0.1,0.1,4.0,0.4302,0.0122,0.0013,-0.0483,0.0178,0.001,2026-06-18,377.915,381.36,373.32,379.08,1.164157e6,377.639978
2026-06-18T20:31:17.854,7,8,MSFT260626C00442500,MSFT,2026-06-26,call,442.5,0.08,65.0,0.19,449.0,0.135,0.1,30.0,0.4628,0.0149,0.0014,-0.062,0.0213,0.0012,2026-06-18,377.915,381.36,373.32,379.08,1.164157e6,377.639978
2026-06-18T20:31:17.854,7,8,MSFT260626C00445000,MSFT,2026-06-26,call,445.0,0.01,152.0,0.13,1.0,0.07,0.1,1.0,0.4389,0.0087,0.001,-0.0366,0.0132,0.0007,2026-06-18,377.915,381.36,373.32,379.08,1.164157e6,377.639978
2026-06-18T20:31:17.854,7,8,MSFT260626C00447500,MSFT,2026-06-26,call,447.5,0.05,1.0,0.72,106.0,0.385,0.09,1.0,0.5761,0.0314,0.0022,-0.1443,0.0398,0.0025,2026-06-18,377.915,381.36,373.32,379.08,1.164157e6,377.639978
2026-06-18T20:31:17.854,7,8,MSFT260626C00450000,MSFT,2026-06-26,call,450.0,0.07,2.0,0.11,27.0,0.09,0.07,10.0,0.4805,0.01,0.001,-0.0456,0.015,0.0008,2026-06-18,377.915,381.36,373.32,379.08,1.164157e6,377.639978
2026-06-18T20:31:17.854,7,8,MSFT260626C00452500,MSFT,2026-06-26,call,452.5,0.0,0.0,0.59,220.0,0.295,0.3,1.0,,,,,,,2026-06-18,377.915,381.36,373.32,379.08,1.164157e6,377.639978
2026-06-18T20:31:17.854,7,8,MSFT260626C00455000,MSFT,2026-06-26,call,455.0,0.07,66.0,0.09,30.0,0.08,0.07,1.0,0.5005,0.0087,0.0008,-0.0419,0.0133,0.0007,2026-06-18,377.915,381.36,373.32,379.08,1.164157e6,377.639978
2026-06-18T20:31:17.854,7,8,MSFT260626C00457500,MSFT,2026-06-26,call,457.5,0.01,133.0,0.63,206.0,0.32,0.09,2.0,0.6211,0.025,0.0017,-0.1286,0.0329,0.002,2026-06-18,377.915,381.36,373.32,379.08,1.164157e6,377.639978
2026-06-18T20:31:17.854,7,8,MSFT260626C00460000,MSFT,2026-06-26,call,460.0,0.03,1.0,0.26,302.0,0.14500000000000002,0.05,1.0,0.5679,0.0133,0.0011,-0.0688,0.0192,0.0011,2026-06-18,377.915,381.36,373.32,379.08,1.164157e6,377.639978
2026-06-18T20:31:17.854,7,8,MSFT260626C00465000,MSFT,2026-06-26,call,465.0,0.01,79.0,0.09,72.0,0.049999999999999996,0.05,5.0,0.5244,0.0054,0.0005,-0.0289,0.0088,0.0004,2026-06-18,377.915,381.36,373.32,379.08,1.164157e6,377.639978
2026-06-18T20:31:17.854,7,8,MSFT260626C00470000,MSFT,2026-06-26,call,470.0,0.01,1.0,0.08,17.0,0.045,0.05,1.0,0.5428,0.0048,0.0005,-0.0267,0.0078,0.0004,2026-06-18,377.915,381.36,373.32,379.08,1.164157e6,377.639978
2026-06-18T20:31:17.854,7,8,MSFT260626C00475000,MSFT,2026-06-26,call,475.0,0.01,1.0,0.51,402.0,0.26,0.09,4.0,0.7027,0.0187,0.0012,-0.1136,0.0257,0.0015,2026-06-18,377.915,381.36,373.32,379.08,1.164157e6,377.639978
2026-06-18T20:31:17.854,7,8,MSFT260626C00480000,MSFT,2026-06-26,call,480.0,0.04,57.0,0.07,24.0,0.05500000000000001,0.04,1.0,0.6029,0.0052,0.0004,-0.0322,0.0085,0.0004,2026-06-18,377.915,381.36,373.32,379.08,1.164157e6,377.639978
2026-06-18T20:31:17.854,7,8,MSFT260626C00485000,MSFT,2026-06-26,call,485.0,0.03,1.0,0.55,141.0,0.29000000000000004,0.04,1.0,0.7697,0.019,0.0011,-0.1264,0.0261,0.0015,2026-06-18,377.915,381.36,373.32,379.08,1.164157e6,377.639978
2026-06-18T20:31:17.854,7,8,MSFT260626C00490000,MSFT,2026-06-26,call,490.0,0.01,1.0,0.07,1.0,0.04,0.05,1.0,0.6288,0.0038,0.0003,-0.025,0.0063,0.0003,2026-06-18,377.915,381.36,373.32,379.08,1.164157e6,377.639978
2026-06-18T20:31:17.854,7,8,MSFT260626C00495000,MSFT,2026-06-26,call,495.0,0.03,1.0,0.11,84.0,0.07,0.07,1.0,0.6903,0.0058,0.0004,-0.0402,0.0093,0.0005,2026-06-18,377.915,381.36,373.32,379.08,1.164157e6,377.639978
2026-06-18T20:31:17.854,7,8,MSFT260626C00500000,MSFT,2026-06-26,call,500.0,0.05,50.0,0.06,14.0,0.055,0.02,2.0,0.6953,0.0046,0.0003,-0.0331,0.0076,0.0004,2026-06-18,377.915,381.36,373.32,379.08,1.164157e6,377.639978
2026-06-18T20:31:17.854,7,8,MSFT260626C00505000,MSFT,2026-06-26,call,505.0,0.0,0.0,0.12,2.0,0.06,0.01,4.0,,,,,,,2026-06-18,377.915,381.36,373.32,379.08,1.164157e6,377.639978
2026-06-18T20:31:17.854,7,8,MSFT260626C00510000,MSFT,2026-06-26,call,510.0,0.0,0.0,0.55,272.0,0.275,0.03,2.0,,,,,,,2026-06-18,377.915,381.36,373.32,379.08,1.164157e6,377.639978
2026-06-18T20:31:17.854,7,8,MSFT260626C00515000,MSFT,2026-06-26,call,515.0,0.0,0.0,0.01,1.0,0.005,0.01,2.0,,,,,,,2026-06-18,377.915,381.36,373.32,379.08,1.164157e6,377.639978
2026-06-18T20:31:17.854,7,8,MSFT260626C00520000,MSFT,2026-06-26,call,520.0,0.03,2.0,0.51,513.0,0.27,0.07,5.0,,,,,,,2026-06-18,377.915,381.36,373.32,379.08,1.164157e6,377.639978
2026-06-18T20:31:17.854,7,8,MSFT260626C00525000,MSFT,2026-06-26,call,525.0,0.0,0.0,0.12,208.0,0.06,0.03,3.0,,,,,,,2026-06-18,377.915,381.36,373.32,379.08,1.164157e6,377.639978
2026-06-18T20:31:17.854,7,8,MSFT260626C00530000,MSFT,2026-06-26,call,530.0,0.0,0.0,0.1,157.0,0.05,0.02,4.0,,,,,,,2026-06-18,377.915,381.36,373.32,379.08,1.164157e6,377.639978
2026-06-18T20:31:17.854,7,8,MSFT260626C00535000,MSFT,2026-06-26,call,535.0,0.0,0.0,0.76,206.0,0.38,0.08,1.0,,,,,,,2026-06-18,377.915,381.36,373.32,379.08,1.164157e6,377.639978
2026-06-18T20:31:17.854,7,8,MSFT260626C00540000,MSFT,2026-06-26,call,540.0,0.0,0.0,0.04,1.0,0.02,0.01,7.0,,,,,,,2026-06-18,377.915,381.36,373.32,379.08,1.164157e6,377.639978
2026-06-18T20:31:17.854,7,8,MSFT260626C00545000,MSFT,2026-06-26,call,545.0,0.0,0.0,0.34,124.0,0.17,0.03,10.0,,,,,,,2026-06-18,377.915,381.36,373.32,379.08,1.164157e6,377.639978
2026-06-18T20:31:17.854,7,8,MSFT260626C00550000,MSFT,2026-06-26,call,550.0,0.0,0.0,0.17,33.0,0.085,0.03,1.0,,,,,,,2026-06-18,377.915,381.36,373.32,379.08,1.164157e6,377.639978
2026-06-18T20:31:17.854,7,8,MSFT260626C00555000,MSFT,2026-06-26,call,555.0,0.0,0.0,0.03,20.0,0.015,0.01,1.0,,,,,,,2026-06-18,377.915,381.36,373.32,379.08,1.164157e6,377.639978
2026-06-18T20:31:17.854,7,8,MSFT260626P00270000,MSFT,2026-06-26,put,270.0,0.0,0.0,0.22,15.0,0.11,0.01,5.0,,,,,,,2026-06-18,377.915,381.36,373.32,379.08,1.164157e6,377.639978
2026-06-18T20:31:17.854,7,8,MSFT260626P00280000,MSFT,2026-06-26,put,280.0,0.0,0.0,0.18,73.0,0.09,0.12,1.0,,,,,,,2026-06-18,377.915,381.36,373.32,379.08,1.164157e6,377.639978
2026-06-18T20:31:17.854,7,8,MSFT260626P00290000,MSFT,2026-06-26,put,290.0,0.0,0.0,1.36,362.0,0.68,0.03,3.0,,,,,,,2026-06-18,377.915,381.36,373.32,379.08,1.164157e6,377.639978
2026-06-18T20:31:17.854,7,8,MSFT260626P00300000,MSFT,2026-06-26,put,300.0,0.0,0.0,0.06,437.0,0.03,0.04,3.0,,,,,,,2026-06-18,377.915,381.36,373.32,379.08,1.164157e6,377.639978
2026-06-18T20:31:17.854,7,8,MSFT260626P00305000,MSFT,2026-06-26,put,305.0,0.04,44.0,0.59,387.0,0.315,0.04,2.0,0.745,-0.0197,0.0011,-0.1247,0.027,-0.0017,2026-06-18,377.915,381.36,373.32,379.08,1.164157e6,377.639978
2026-06-18T20:31:17.854,7,8,MSFT260626P00310000,MSFT,2026-06-26,put,310.0,0.03,2.0,0.77,132.0,0.4,0.13,1.0,0.7254,-0.025,0.0014,-0.148,0.0329,-0.0022,2026-06-18,377.915,381.36,373.32,379.08,1.164157e6,377.639978
2026-06-18T20:31:17.854,7,8,MSFT260626P00315000,MSFT,2026-06-26,put,315.0,0.03,2.0,0.48,295.0,0.255,0.03,1.0,0.6293,-0.0191,0.0013,-0.1024,0.0262,-0.0016,2026-06-18,377.915,381.36,373.32,379.08,1.164157e6,377.639978
2026-06-18T20:31:17.854,7,8,MSFT260626P00320000,MSFT,2026-06-26,put,320.0,0.0,0.0,0.29,338.0,0.145,0.06,1.0,,,,,,,2026-06-18,377.915,381.36,373.32,379.08,1.164157e6,377.639978
2026-06-18T20:31:17.854,7,8,MSFT260626P00325000,MSFT,2026-06-26,put,325.0,0.01,156.0,0.08,1.0,0.045,0.06,20.0,0.4263,-0.0057,0.0007,-0.0243,0.0092,-0.0005,2026-06-18,377.915,381.36,373.32,379.08,1.164157e6,377.639978
2026-06-18T20:31:17.854,7,8,MSFT260626P00330000,MSFT,2026-06-26,put,330.0,0.0,0.0,0.15,229.0,0.075,0.1,1.0,,,,,,,2026-06-18,377.915,381.36,373.32,379.08,1.164157e6,377.639978
2026-06-18T20:31:17.854,7,8,MSFT260626P00335000,MSFT,2026-06-26,put,335.0,0.01,129.0,0.14,58.0,0.07500000000000001,0.12,2.0,0.3754,-0.0103,0.0013,-0.0356,0.0153,-0.0009,2026-06-18,377.915,381.36,373.32,379.08,1.164157e6,377.639978
2026-06-18T20:31:17.854,7,8,MSFT260626P00340000,MSFT,2026-06-26,put,340.0,0.15,42.0,0.22,316.0,0.185,0.15,1.0,0.3842,-0.0225,0.0025,-0.0715,0.0301,-0.0019,2026-06-18,377.915,381.36,373.32,379.08,1.164157e6,377.639978
2026-06-18T20:31:17.854,7,8,MSFT260626P00342500,MSFT,2026-06-26,put,342.5,0.14,110.0,0.21,34.0,0.175,0.18,2.0,0.3596,-0.0228,0.0027,-0.0674,0.0304,-0.0019,2026-06-18,377.915,381.36,373.32,379.08,1.164157e6,377.639978
2026-06-18T20:31:17.854,7,8,MSFT260626P00345000,MSFT,2026-06-26,put,345.0,0.18,51.0,0.26,1.0,0.22,0.18,24.0,0.3516,-0.0284,0.0033,-0.0793,0.0366,-0.0024,2026-06-18,377.915,381.36,373.32,379.08,1.164157e6,377.639978
2026-06-18T20:31:17.854,7,8,MSFT260626P00347500,MSFT,2026-06-26,put,347.5,0.22,69.0,0.39,89.0,0.305,0.26,6.0,0.3498,-0.038,0.0042,-0.1001,0.0465,-0.0032,2026-06-18,377.915,381.36,373.32,379.08,1.164157e6,377.639978
2026-06-18T20:31:17.854,7,8,MSFT260626P00350000,MSFT,2026-06-26,put,350.0,0.28,116.0,0.4,95.0,0.34,0.34,3.0,0.3339,-0.0435,0.0049,-0.1066,0.0519,-0.0037,2026-06-18,377.915,381.36,373.32,379.08,1.164157e6,377.639978
2026-06-18T20:31:17.854,7,8,MSFT260626P00352500,MSFT,2026-06-26,put,352.5,0.41,42.0,0.5,11.0,0.45499999999999996,0.53,15.0,0.33,-0.0564,0.0061,-0.1296,0.0639,-0.0048,2026-06-18,377.915,381.36,373.32,379.08,1.164157e6,377.639978
2026-06-18T20:31:17.854,7,8,MSFT260626P00355000,MSFT,2026-06-26,put,355.0,0.61,64.0,0.74,100.0,0.675,0.64,1.0,0.3351,-0.0778,0.0077,-0.1686,0.0819,-0.0066,2026-06-18,377.915,381.36,373.32,379.08,1.164157e6,377.639978
2026-06-18T20:31:17.854,7,8,MSFT260626P00357500,MSFT,2026-06-26,put,357.5,0.76,56.0,0.9,63.0,0.8300000000000001,0.78,30.0,0.3261,-0.0947,0.0092,-0.1897,0.0949,-0.0081,2026-06-18,377.915,381.36,373.32,379.08,1.164157e6,377.639978
2026-06-18T20:31:17.854,7,8,MSFT260626P00360000,MSFT,2026-06-26,put,360.0,0.99,41.0,1.08,1.0,1.0350000000000001,1.07,3.0,0.3183,-0.1159,0.0109,-0.2141,0.1099,-0.0099,2026-06-18,377.915,381.36,373.32,379.08,1.164157e6,377.639978
2026-06-18T20:31:17.854,7,8,MSFT260626P00362500,MSFT,2026-06-26,put,362.5,1.29,211.0,1.42,1.0,1.355,1.34,1.0,0.3157,-0.1453,0.0128,-0.2478,0.1284,-0.0124,2026-06-18,377.915,381.36,373.32,379.08,1.164157e6,377.639978
2026-06-18T20:31:17.854,7,8,MSFT260626P00365000,MSFT,2026-06-26,put,365.0,1.68,182.0,1.83,72.0,1.755,1.68,1.0,0.3133,-0.1797,0.0149,-0.2819,0.1475,-0.0154,2026-06-18,377.915,381.36,373.32,379.08,1.164157e6,377.639978
2026-06-18T20:31:17.854,7,8,MSFT260626P00367500,MSFT,2026-06-26,put,367.5,2.15,86.0,2.49,60.0,2.3200000000000003,2.27,1.0,0.3152,-0.2222,0.0168,-0.3215,0.1676,-0.019,2026-06-18,377.915,381.36,373.32,379.08,1.164157e6,377.639978
2026-06-18T20:31:17.854,7,8,MSFT260626P00370000,MSFT,2026-06-26,put,370.0,2.75,109.0,3.17,47.0,2.96,2.83,1.0,0.3148,-0.2675,0.0186,-0.354,0.1852,-0.0229,2026-06-18,377.915,381.36,373.32,379.08,1.164157e6,377.639978
2026-06-18T20:31:17.854,7,8,MSFT260626P00372500,MSFT,2026-06-26,put,372.5,3.5,231.0,3.7,96.0,3.6,3.6,1.0,0.3083,-0.3138,0.0204,-0.3724,0.1996,-0.0269,2026-06-18,377.915,381.36,373.32,379.08,1.164157e6,377.639978
2026-06-18T20:31:17.854,7,8,MSFT260626P00375000,MSFT,2026-06-26,put,375.0,4.47,76.0,4.53,30.0,4.5,4.47,1.0,0.3086,-0.3676,0.0217,-0.3948,0.212,-0.0316,2026-06-18,377.915,381.36,373.32,379.08,1.164157e6,377.639978
2026-06-18T20:31:17.854,7,8,MSFT260626P00377500,MSFT,2026-06-26,put,377.5,5.37,142.0,5.74,16.0,5.555,5.53,1.0,0.3097,-0.4238,0.0225,-0.4101,0.2204,-0.0365,2026-06-18,377.915,381.36,373.32,379.08,1.164157e6,377.639978
2026-06-18T20:31:17.854,7,8,MSFT260626P00380000,MSFT,2026-06-26,put,380.0,6.65,172.0,7.17,41.0,6.91,6.8,1.0,0.3177,-0.4808,0.0223,-0.4265,0.2243,-0.0416,2026-06-18,377.915,381.36,373.32,379.08,1.164157e6,377.639978
2026-06-18T20:31:17.854,7,8,MSFT260626P00382500,MSFT,2026-06-26,put,382.5,7.83,95.0,8.23,67.0,8.030000000000001,7.83,1.0,0.3089,-0.5379,0.0228,-0.4104,0.2235,-0.0466,2026-06-18,377.915,381.36,373.32,379.08,1.164157e6,377.639978
2026-06-18T20:31:17.854,7,8,MSFT260626P00385000,MSFT,2026-06-26,put,385.0,9.48,44.0,10.36,14.0,9.92,9.63,1.0,0.3286,-0.5873,0.0211,-0.4269,0.2191,-0.0511,2026-06-18,377.915,381.36,373.32,379.08,1.164157e6,377.639978
2026-06-18T20:31:17.854,7,8,MSFT260626P00387500,MSFT,2026-06-26,put,387.5,11.08,200.0,11.49,20.0,11.285,11.08,1.0,0.3185,-0.6429,0.0208,-0.3926,0.21,-0.056,2026-06-18,377.915,381.36,373.32,379.08,1.164157e6,377.639978
2026-06-18T20:31:17.854,7,8,MSFT260626P00390000,MSFT,2026-06-26,put,390.0,12.6,442.0,13.84,317.0,13.219999999999999,13.04,1.0,0.3298,-0.6857,0.0191,-0.3845,0.1997,-0.06,2026-06-18,377.915,381.36,373.32,379.08,1.164157e6,377.639978
2026-06-18T20:31:17.854,7,8,MSFT260626P00392500,MSFT,2026-06-26,put,392.5,14.6,202.0,15.5,51.0,15.05,15.12,1.0,0.3308,-0.7299,0.0178,-0.3558,0.1861,-0.0641,2026-06-18,377.915,381.36,373.32,379.08,1.164157e6,377.639978
2026-06-18T20:31:17.854,7,8,MSFT260626P00395000,MSFT,2026-06-26,put,395.0,17.05,123.0,17.79,16.0,17.42,17.17,5.0,0.357,-0.753,0.0157,-0.3664,0.1777,-0.0666,2026-06-18,377.915,381.36,373.32,379.08,1.164157e6,377.639978
2026-06-18T20:31:17.854,7,8,MSFT260626P00397500,MSFT,2026-06-26,put,397.5,18.07,241.0,20.35,113.0,19.21,20.53,5.0,0.3461,-0.7969,0.0145,-0.3121,0.159,-0.0706,2026-06-18,377.915,381.36,373.32,379.08,1.164157e6,377.639978
2026-06-18T20:31:17.854,7,8,MSFT260626P00400000,MSFT,2026-06-26,put,400.0,21.01,122.0,22.16,51.0,21.585,21.58,15.0,0.3672,-0.8146,0.0129,-0.3123,0.1504,-0.0726,2026-06-18,377.915,381.36,373.32,379.08,1.164157e6,377.639978
2026-06-18T20:31:17.854,7,8,MSFT260626P00402500,MSFT,2026-06-26,put,402.5,22.6,60.0,24.63,84.0,23.615000000000002,25.3,1.0,0.3615,-0.8476,0.0116,-0.2653,0.1326,-0.0758,2026-06-18,377.915,381.36,373.32,379.08,1.164157e6,377.639978
2026-06-18T20:31:17.854,7,8,MSFT260626P00405000,MSFT,2026-06-26,put,405.0,24.94,141.0,26.26,26.0,25.6,25.96,1.0,0.3444,-0.8852,0.01,-0.1989,0.1091,-0.0794,2026-06-18,377.915,381.36,373.32,379.08,1.164157e6,377.639978
2026-06-18T20:31:17.854,7,8,MSFT260626P00407500,MSFT,2026-06-26,put,407.5,27.09,82.0,29.52,92.0,28.305,29.83,22.0,0.3871,-0.879,0.0092,-0.238,0.1132,-0.0794,2026-06-18,377.915,381.36,373.32,379.08,1.164157e6,377.639978
2026-06-18T20:31:17.854,7,8,MSFT260626P00410000,MSFT,2026-06-26,put,410.0,29.94,287.0,32.32,311.0,31.130000000000003,30.82,1.0,0.4396,-0.8681,0.0086,-0.2946,0.1203,-0.0791,2026-06-18,377.915,381.36,373.32,379.08,1.164157e6,377.639978
2026-06-18T20:31:17.854,7,8,MSFT260626P00412500,MSFT,2026-06-26,put,412.5,31.89,263.0,33.44,87.0,32.665,34.67,7.0,0.3651,-0.9292,0.0066,-0.1358,0.0763,-0.0846,2026-06-18,377.915,381.36,373.32,379.08,1.164157e6,377.639978
2026-06-18T20:31:17.854,7,8,MSFT260626P00415000,MSFT,2026-06-26,put,415.0,34.3,276.0,36.23,102.0,35.265,36.23,2.0,0.3992,-0.9253,0.0063,-0.1598,0.0794,-0.0848,2026-06-18,377.915,381.36,373.32,379.08,1.164157e6,377.639978
2026-06-18T20:31:17.854,7,8,MSFT260626P00417500,MSFT,2026-06-26,put,417.5,36.82,23.0,40.58,16.0,38.7,37.67,20.0,0.518,-0.8797,0.0069,-0.3281,0.1128,-0.0818,2026-06-18,377.915,381.36,373.32,379.08,1.164157e6,377.639978
2026-06-18T20:31:17.854,7,8,MSFT260626P00420000,MSFT,2026-06-26,put,420.0,38.85,71.0,40.94,30.0,39.894999999999996,40.71,1.0,0.3823,-0.9572,0.0042,-0.0824,0.0512,-0.0885,2026-06-18,377.915,381.36,373.32,379.08,1.164157e6,377.639978
2026-06-18T20:31:17.854,7,8,MSFT260626P00422500,MSFT,2026-06-26,put,422.5,40.47,49.0,45.45,27.0,42.96,42.67,20.0,0.4866,-0.9221,0.0053,-0.2103,0.082,-0.0862,2026-06-18,377.915,381.36,373.32,379.08,1.164157e6,377.639978
2026-06-18T20:31:17.854,7,8,MSFT260626P00425000,MSFT,2026-06-26,put,425.0,43.34,40.0,46.72,10.0,45.03,45.58,1.0,0.445,-0.9503,0.0041,-0.1203,0.0577,-0.0891,2026-06-18,377.915,381.36,373.32,379.08,1.164157e6,377.639978
2026-06-18T20:31:17.854,7,8,MSFT260626P00427500,MSFT,2026-06-26,put,427.5,45.85,23.0,50.6,23.0,48.225,30.68,1.0,0.5597,-0.914,0.005,-0.2697,0.0883,-0.0867,2026-06-18,377.915,381.36,373.32,379.08,1.164157e6,377.639978
2026-06-18T20:31:17.854,7,8,MSFT260626P00430000,MSFT,2026-06-26,put,430.0,48.94,80.0,51.43,27.0,50.185,53.92,1.0,0.5088,-0.9438,0.0039,-0.1619,0.0636,-0.0896,2026-06-18,377.915,381.36,373.32,379.08,1.164157e6,377.639978
2026-06-18T20:31:17.854,7,8,MSFT260626P00432500,MSFT,2026-06-26,put,432.5,50.64,22.0,54.51,17.0,52.575,45.2,1.0,0.5093,-0.9518,0.0035,-0.1382,0.0563,-0.0908,2026-06-18,377.915,381.36,373.32,379.08,1.164157e6,377.639978
2026-06-18T20:31:17.854,7,8,MSFT260626P00435000,MSFT,2026-06-26,put,435.0,53.27,23.0,57.13,13.0,55.2,58.81,1.0,0.5492,-0.946,0.0035,-0.1706,0.0617,-0.0909,2026-06-18,377.915,381.36,373.32,379.08,1.164157e6,377.639978
2026-06-18T20:31:17.854,7,8,MSFT260626P00437500,MSFT,2026-06-26,put,437.5,56.24,27.0,59.89,23.0,58.065,53.07,1.0,0.6214,-0.9296,0.0039,-0.2539,0.0759,-0.0902,2026-06-18,377.915,381.36,373.32,379.08,1.164157e6,377.639978
2026-06-18T20:31:17.854,7,8,MSFT260626P00440000,MSFT,2026-06-26,put,440.0,59.9,60.0,61.81,24.0,60.855000000000004,65.0,4.0,0.6774,-0.9193,0.0039,-0.3161,0.0843,-0.0899,2026-06-18,377.915,381.36,373.32,379.08,1.164157e6,377.639978
2026-06-18T20:31:17.854,7,8,MSFT260626P00442500,MSFT,2026-06-26,put,442.5,60.96,60.0,63.24,15.0,62.1,64.3,5.0,0.439,-0.9891,0.0012,-0.0011,0.0162,-0.096,2026-06-18,377.915,381.36,373.32,379.08,1.164157e6,377.639978
2026-06-18T20:31:17.854,7,8,MSFT260626P00445000,MSFT,2026-06-26,put,445.0,63.52,63.0,67.19,23.0,65.355,67.1,2.0,0.6484,-0.9435,0.0031,-0.2171,0.0639,-0.0929,2026-06-18,377.915,381.36,373.32,379.08,1.164157e6,377.639978
2026-06-18T20:31:17.854,7,8,MSFT260626P00447500,MSFT,2026-06-26,put,447.5,66.99,18.0,69.77,17.0,68.38,59.3,3.0,0.7396,-0.9233,0.0035,-0.3329,0.081,-0.0919,2026-06-18,377.915,381.36,373.32,379.08,1.164157e6,377.639978
2026-06-18T20:31:17.854,7,8,MSFT260626P00450000,MSFT,2026-06-26,put,450.0,69.23,79.0,72.18,43.0,70.70500000000001,71.88,18.0,0.7362,-0.9314,0.0032,-0.3003,0.0744,-0.0931,2026-06-18,377.915,381.36,373.32,379.08,1.164157e6,377.639978
2026-06-18T20:31:17.854,7,8,MSFT260626P00452500,MSFT,2026-06-26,put,452.5,72.37,22.0,74.02,16.0,73.195,,,0.7535,-0.9331,0.0031,-0.3014,0.073,-0.0938,2026-06-18,377.915,381.36,373.32,379.08,1.164157e6,377.639978
2026-06-18T20:31:17.854,7,8,MSFT260626P00455000,MSFT,2026-06-26,put,455.0,74.41,22.0,76.43,16.0,75.42,56.67,1.0,0.7312,-0.9451,0.0027,-0.2426,0.0625,-0.0953,2026-06-18,377.915,381.36,373.32,379.08,1.164157e6,377.639978
2026-06-18T20:31:17.854,7,8,MSFT260626P00457500,MSFT,2026-06-26,put,457.5,77.16,20.0,80.16,16.0,78.66,,,0.8504,-0.9196,0.0031,-0.4041,0.084,-0.0939,2026-06-18,377.915,381.36,373.32,379.08,1.164157e6,377.639978
2026-06-18T20:31:17.854,7,8,MSFT260626P00460000,MSFT,2026-06-26,put,460.0,79.61,21.0,81.45,25.0,80.53,80.9,18.0,0.7841,-0.9427,0.0026,-0.2734,0.0647,-0.0962,2026-06-18,377.915,381.36,373.32,379.08,1.164157e6,377.639978
2026-06-18T20:31:17.854,7,8,MSFT260626P00465000,MSFT,2026-06-26,put,465.0,85.69,14.0,87.65,17.0,86.67,58.5,1.0,0.9654,-0.9087,0.003,-0.5146,0.0924,-0.0947,2026-06-18,377.915,381.36,373.32,379.08,1.164157e6,377.639978
2026-06-18T20:31:17.854,7,8,MSFT260626P00470000,MSFT,2026-06-26,put,470.0,87.36,22.0,91.46,23.0,89.41,76.45,1.0,,,,,,,2026-06-18,377.915,381.36,373.32,379.08,1.164157e6,377.639978
2026-06-18T20:31:17.854,7,8,MSFT260626P00475000,MSFT,2026-06-26,put,475.0,94.31,16.0,98.52,14.0,96.41499999999999,94.44,1.0,1.0109,-0.9205,0.0026,-0.4819,0.0833,-0.0978,2026-06-18,377.915,381.36,373.32,379.08,1.164157e6,377.639978
2026-06-18T20:31:17.854,7,8,MSFT260626P00480000,MSFT,2026-06-26,put,480.0,99.73,17.0,102.03,22.0,100.88,80.28,3.0,0.9758,-0.9378,0.0022,-0.375,0.0689,-0.1003,2026-06-18,377.915,381.36,373.32,379.08,1.164157e6,377.639978
2026-06-18T20:31:17.854,7,8,MSFT260626P00485000,MSFT,2026-06-26,put,485.0,105.54,22.0,107.5,16.0,106.52000000000001,30.56,9.0,1.095,-0.9217,0.0024,-0.5179,0.0823,-0.1001,2026-06-18,377.915,381.36,373.32,379.08,1.164157e6,377.639978
2026-06-18T20:31:17.854,7,8,MSFT260626P00490000,MSFT,2026-06-26,put,490.0,107.23,18.0,114.08,23.0,110.655,86.96,4.0,1.0074,-0.9476,0.0019,-0.3325,0.0602,-0.1032,2026-06-18,377.915,381.36,373.32,379.08,1.164157e6,377.639978
2026-06-18T20:31:17.854,7,8,MSFT260626P00495000,MSFT,2026-06-26,put,495.0,111.78,19.0,117.2,22.0,114.49000000000001,38.09,9.0,0.6152,-0.9978,0.0002,0.0338,0.0039,-0.1082,2026-06-18,377.915,381.36,373.32,379.08,1.164157e6,377.639978
2026-06-18T20:31:17.854,7,8,MSFT260626P00500000,MSFT,2026-06-26,put,500.0,117.75,22.0,123.34,22.0,120.545,67.9,1.0,,,,,,,2026-06-18,377.915,381.36,373.32,379.08,1.164157e6,377.639978
2026-06-18T20:31:17.854,7,8,MSFT260626P00505000,MSFT,2026-06-26,put,505.0,123.81,19.0,125.88,18.0,124.845,91.8,1.0,,,,,,,2026-06-18,377.915,381.36,373.32,379.08,1.164157e6,377.639978
2026-06-18T20:31:17.854,7,8,MSFT260626P00510000,MSFT,2026-06-26,put,510.0,129.91,17.0,132.04,11.0,130.975,81.85,1.0,,,,,,,2026-06-18,377.915,381.36,373.32,379.08,1.164157e6,377.639978
2026-06-18T20:31:17.854,7,8,MSFT260626P00515000,MSFT,2026-06-26,put,515.0,131.48,22.0,136.58,22.0,134.03,101.75,1.0,,,,,,,2026-06-18,377.915,381.36,373.32,379.08,1.164157e6,377.639978
2026-06-18T20:31:17.854,7,8,MSFT260626P00520000,MSFT,2026-06-26,put,520.0,138.88,20.0,141.01,22.0,139.945,59.48,1.0,,,,,,,2026-06-18,377.915,381.36,373.32,379.08,1.164157e6,377.639978
2026-06-18T20:31:17.854,7,8,MSFT260626P00525000,MSFT,2026-06-26,put,525.0,144.75,25.0,146.13,22.0,145.44,64.13,1.0,,,,,,,2026-06-18,377.915,381.36,373.32,379.08,1.164157e6,377.639978
2026-06-18T20:31:17.854,7,8,MSFT260626P00530000,MSFT,2026-06-26,put,530.0,148.88,23.0,154.84,22.0,151.86,,,,,,,,,2026-06-18,377.915,381.36,373.32,379.08,1.164157e6,377.639978
2026-06-18T20:31:17.854,7,8,MSFT260626P00535000,MSFT,2026-06-26,put,535.0,153.47,17.0,156.43,17.0,154.95,,,,,,,,,2026-06-18,377.915,381.36,373.32,379.08,1.164157e6,377.639978
2026-06-18T20:31:17.854,7,8,MSFT260626P00540000,MSFT,2026-06-26,put,540.0,157.61,17.0,160.3,22.0,158.955,137.59,1.0,,,,,,,2026-06-18,377.915,381.36,373.32,379.08,1.164157e6,377.639978
2026-06-18T20:31:17.854,7,8,MSFT260626P00545000,MSFT,2026-06-26,put,545.0,166.49,18.0,169.89,11.0,168.19,,,,,,,,,2026-06-18,377.915,381.36,373.32,379.08,1.164157e6,377.639978
2026-06-18T20:31:17.854,7,8,MSFT260626P00550000,MSFT,2026-06-26,put,550.0,168.31,24.0,173.39,16.0,170.85,85.1,1.0,,,,,,,2026-06-18,377.915,381.36,373.32,379.08,1.164157e6,377.639978
2026-06-18T20:31:17.854,7,8,MSFT260626P00555000,MSFT,2026-06-26,put,555.0,173.53,1.0,177.33,10.0,175.43,,,,,,,,,2026-06-18,377.915,381.36,373.32,379.08,1.164157e6,377.639978
2026-06-18T20:31:17.854,14,11,MSFT260629C00300000,MSFT,2026-06-29,call,300.0,77.91,1.0,81.25,1.0,79.58,,,,,,,,,2026-06-18,377.915,381.36,373.32,379.08,1.164157e6,377.639978
2026-06-18T20:31:17.854,14,11,MSFT260629C00305000,MSFT,2026-06-29,call,305.0,73.15,1.0,76.17,1.0,74.66,,,,,,,,,2026-06-18,377.915,381.36,373.32,379.08,1.164157e6,377.639978
2026-06-18T20:31:17.854,14,11,MSFT260629C00310000,MSFT,2026-06-29,call,310.0,67.82,10.0,71.41,11.0,69.615,,,,,,,,,2026-06-18,377.915,381.36,373.32,379.08,1.164157e6,377.639978
2026-06-18T20:31:17.854,14,11,MSFT260629C00315000,MSFT,2026-06-29,call,315.0,63.29,10.0,67.98,10.0,65.635,,,0.4981,0.9871,0.001,-0.0803,0.0219,0.0933,2026-06-18,377.915,381.36,373.32,379.08,1.164157e6,377.639978
2026-06-18T20:31:17.854,14,11,MSFT260629C00320000,MSFT,2026-06-29,call,320.0,58.94,10.0,61.14,17.0,60.04,,,,,,,,,2026-06-18,377.915,381.36,373.32,379.08,1.164157e6,377.639978
2026-06-18T20:31:17.854,14,11,MSFT260629C00325000,MSFT,2026-06-29,call,325.0,52.85,20.0,57.86,10.0,55.355000000000004,,,,,,,,,2026-06-18,377.915,381.36,373.32,379.08,1.164157e6,377.639978
2026-06-18T20:31:17.854,14,11,MSFT260629C00330000,MSFT,2026-06-29,call,330.0,48.24,19.0,50.97,18.0,49.605000000000004,,,,,,,,,2026-06-18,377.915,381.36,373.32,379.08,1.164157e6,377.639978
2026-06-18T20:31:17.854,14,11,MSFT260629C00335000,MSFT,2026-06-29,call,335.0,43.59,20.0,47.5,22.0,45.545,,,0.297,0.9938,0.0009,-0.0486,0.0116,0.1001,2026-06-18,377.915,381.36,373.32,379.08,1.164157e6,377.639978
2026-06-18T20:31:17.854,14,11,MSFT260629C00340000,MSFT,2026-06-29,call,340.0,38.41,24.0,41.48,23.0,39.94499999999999,,,,,,,,,2026-06-18,377.915,381.36,373.32,379.08,1.164157e6,377.639978
2026-06-18T20:31:17.854,14,11,MSFT260629C00345000,MSFT,2026-06-29,call,345.0,34.08,23.0,37.11,20.0,35.595,35.63,1.0,0.2569,0.9868,0.002,-0.0597,0.0223,0.1023,2026-06-18,377.915,381.36,373.32,379.08,1.164157e6,377.639978
2026-06-18T20:31:17.854,14,11,MSFT260629C00347500,MSFT,2026-06-29,call,347.5,30.92,33.0,34.77,26.0,32.845,33.25,1.0,,,,,,,2026-06-18,377.915,381.36,373.32,379.08,1.164157e6,377.639978
2026-06-18T20:31:17.854,14,11,MSFT260629C00350000,MSFT,2026-06-29,call,350.0,29.04,13.0,31.99,13.0,30.515,26.56,1.0,,,,,,,2026-06-18,377.915,381.36,373.32,379.08,1.164157e6,377.639978
2026-06-18T20:31:17.854,14,11,MSFT260629C00352500,MSFT,2026-06-29,call,352.5,26.78,19.0,29.41,29.0,28.095,26.5,10.0,0.2042,0.9853,0.0028,-0.0571,0.0246,0.1044,2026-06-18,377.915,381.36,373.32,379.08,1.164157e6,377.639978
2026-06-18T20:31:17.854,14,11,MSFT260629C00355000,MSFT,2026-06-29,call,355.0,24.19,19.0,27.47,10.0,25.83,,,0.2402,0.9543,0.0061,-0.1026,0.0634,0.1015,2026-06-18,377.915,381.36,373.32,379.08,1.164157e6,377.639978
2026-06-18T20:31:17.854,14,11,MSFT260629C00357500,MSFT,2026-06-29,call,357.5,22.13,94.0,25.58,1.0,23.854999999999997,,,0.2787,0.9059,0.0091,-0.172,0.1107,0.0966,2026-06-18,377.915,381.36,373.32,379.08,1.164157e6,377.639978
2026-06-18T20:31:17.854,14,11,MSFT260629C00360000,MSFT,2026-06-29,call,360.0,20.1,17.0,22.81,218.0,21.455,20.8,1.0,0.2636,0.8919,0.0107,-0.1783,0.1226,0.0957,2026-06-18,377.915,381.36,373.32,379.08,1.164157e6,377.639978
2026-06-18T20:31:17.854,14,11,MSFT260629C00362500,MSFT,2026-06-29,call,362.5,17.24,68.0,21.0,95.0,19.119999999999997,33.0,1.0,0.2517,0.8717,0.0126,-0.1892,0.1384,0.0941,2026-06-18,377.915,381.36,373.32,379.08,1.164157e6,377.639978
2026-06-18T20:31:17.854,14,11,MSFT260629C00365000,MSFT,2026-06-29,call,365.0,16.29,79.0,18.78,59.0,17.535,16.0,1.0,0.2821,0.8096,0.0146,-0.2587,0.1793,0.0875,2026-06-18,377.915,381.36,373.32,379.08,1.164157e6,377.639978
2026-06-18T20:31:17.854,14,11,MSFT260629C00367500,MSFT,2026-06-29,call,367.5,14.27,203.0,16.65,270.0,15.459999999999999,13.0,1.0,0.2752,0.7747,0.0165,-0.2754,0.198,0.0841,2026-06-18,377.915,381.36,373.32,379.08,1.164157e6,377.639978
2026-06-18T20:31:17.854,14,11,MSFT260629C00370000,MSFT,2026-06-29,call,370.0,12.6,41.0,15.17,181.0,13.885,12.15,1.0,0.2873,0.722,0.0177,-0.3149,0.2214,0.0785,2026-06-18,377.915,381.36,373.32,379.08,1.164157e6,377.639978
2026-06-18T20:31:17.854,14,11,MSFT260629C00372500,MSFT,2026-06-29,call,372.5,10.72,232.0,13.03,200.0,11.875,10.18,1.0,0.2742,0.6819,0.0197,-0.3179,0.2354,0.0745,2026-06-18,377.915,381.36,373.32,379.08,1.164157e6,377.639978
2026-06-18T20:31:17.854,14,11,MSFT260629C00375000,MSFT,2026-06-29,call,375.0,9.11,105.0,10.92,160.0,10.015,9.11,2.0,0.2636,0.6347,0.0216,-0.3202,0.2481,0.0697,2026-06-18,377.915,381.36,373.32,379.08,1.164157e6,377.639978
2026-06-18T20:31:17.854,14,11,MSFT260629C00377500,MSFT,2026-06-29,call,377.5,7.99,201.0,9.48,344.0,8.735,8.49,1.0,0.271,0.5772,0.0219,-0.3391,0.2583,0.0635,2026-06-18,377.915,381.36,373.32,379.08,1.164157e6,377.639978
2026-06-18T20:31:17.854,14,11,MSFT260629C00380000,MSFT,2026-06-29,call,380.0,6.44,390.0,7.93,569.0,7.1850000000000005,6.5,1.0,0.2625,0.5218,0.023,-0.3326,0.2629,0.0576,2026-06-18,377.915,381.36,373.32,379.08,1.164157e6,377.639978
2026-06-18T20:31:17.854,14,11,MSFT260629C00382500,MSFT,2026-06-29,call,382.5,5.07,421.0,6.52,257.0,5.795,6.52,2.0,0.2547,0.4629,0.0236,-0.3203,0.2621,0.0513,2026-06-18,377.915,381.36,373.32,379.08,1.164157e6,377.639978
2026-06-18T20:31:17.854,14,11,MSFT260629C00385000,MSFT,2026-06-29,call,385.0,4.69,1.0,5.42,2.0,5.055,5.2,1.0,0.2664,0.4098,0.0221,-0.3256,0.2565,0.0454,2026-06-18,377.915,381.36,373.32,379.08,1.164157e6,377.639978
2026-06-18T20:31:17.854,14,11,MSFT260629C00387500,MSFT,2026-06-29,call,387.5,3.17,372.0,5.58,393.0,4.375,5.58,5.0,0.2758,0.3618,0.0206,-0.3233,0.2473,0.0401,2026-06-18,377.915,381.36,373.32,379.08,1.164157e6,377.639978
2026-06-18T20:31:17.854,14,11,MSFT260629C00390000,MSFT,2026-06-29,call,390.0,3.05,113.0,3.89,287.0,3.4699999999999998,3.45,1.0,0.2713,0.3096,0.0197,-0.2982,0.2327,0.0344,2026-06-18,377.915,381.36,373.32,379.08,1.164157e6,377.639978
2026-06-18T20:31:17.854,14,11,MSFT260629C00392500,MSFT,2026-06-29,call,392.5,2.45,10.0,3.97,354.0,3.21,2.91,12.0,0.2903,0.2782,0.0175,-0.3023,0.2215,0.0309,2026-06-18,377.915,381.36,373.32,379.08,1.164157e6,377.639978
2026-06-18T20:31:17.854,14,11,MSFT260629C00395000,MSFT,2026-06-29,call,395.0,1.98,18.0,2.55,29.0,2.2649999999999997,2.32,8.0,0.2732,0.2231,0.0166,-0.2528,0.197,0.0249,2026-06-18,377.915,381.36,373.32,379.08,1.164157e6,377.639978
2026-06-18T20:31:17.854,14,11,MSFT260629C00397500,MSFT,2026-06-29,call,397.5,1.67,15.0,2.1,53.0,1.885,2.0,2.0,0.2786,0.1904,0.0148,-0.2341,0.1793,0.0212,2026-06-18,377.915,381.36,373.32,379.08,1.164157e6,377.639978
2026-06-18T20:31:17.854,14,11,MSFT260629C00400000,MSFT,2026-06-29,call,400.0,1.28,11.0,1.67,1.0,1.475,1.45,1.0,0.2782,0.1568,0.0131,-0.2061,0.1584,0.0175,2026-06-18,377.915,381.36,373.32,379.08,1.164157e6,377.639978
2026-06-18T20:31:17.854,14,11,MSFT260629C00402500,MSFT,2026-06-29,call,402.5,0.73,609.0,1.43,458.0,1.08,1.13,4.0,0.2733,0.1234,0.0113,-0.1718,0.1347,0.0138,2026-06-18,377.915,381.36,373.32,379.08,1.164157e6,377.639978
2026-06-18T20:31:17.854,14,11,MSFT260629C00405000,MSFT,2026-06-29,call,405.0,0.83,14.0,1.44,177.0,1.135,1.03,1.0,0.2984,0.1198,0.0101,-0.1832,0.1319,0.0134,2026-06-18,377.915,381.36,373.32,379.08,1.164157e6,377.639978
2026-06-18T20:31:17.854,14,11,MSFT260629C00407500,MSFT,2026-06-29,call,407.5,0.4,286.0,1.44,422.0,0.9199999999999999,0.88,1.0,0.3012,0.0999,0.0088,-0.1621,0.1157,0.0112,2026-06-18,377.915,381.36,373.32,379.08,1.164157e6,377.639978
2026-06-18T20:31:17.854,14,11,MSFT260629C00410000,MSFT,2026-06-29,call,410.0,0.63,1.0,0.91,82.0,0.77,0.65,1.0,0.3066,0.0848,0.0077,-0.146,0.1025,0.0095,2026-06-18,377.915,381.36,373.32,379.08,1.164157e6,377.639978
2026-06-18T20:31:17.854,14,11,MSFT260629C00412500,MSFT,2026-06-29,call,412.5,0.28,241.0,1.11,217.0,0.6950000000000001,0.48,1.0,0.3174,0.0756,0.0068,-0.1384,0.094,0.0085,2026-06-18,377.915,381.36,373.32,379.08,1.164157e6,377.639978
2026-06-18T20:31:17.854,14,11,MSFT260629C00415000,MSFT,2026-06-29,call,415.0,0.03,183.0,0.62,93.0,0.325,0.47,1.0,0.2864,0.0429,0.0048,-0.08,0.0602,0.0048,2026-06-18,377.915,381.36,373.32,379.08,1.164157e6,377.639978
2026-06-18T20:31:17.854,14,11,MSFT260629C00417500,MSFT,2026-06-29,call,417.5,0.12,407.0,0.65,319.0,0.385,0.42,1.0,0.3121,0.0462,0.0047,-0.0924,0.0639,0.0052,2026-06-18,377.915,381.36,373.32,379.08,1.164157e6,377.639978
2026-06-18T20:31:17.854,14,11,MSFT260629C00420000,MSFT,2026-06-29,call,420.0,0.19,224.0,0.58,221.0,0.385,0.41,1.0,0.3281,0.0443,0.0043,-0.0937,0.0617,0.005,2026-06-18,377.915,381.36,373.32,379.08,1.164157e6,377.639978
2026-06-18T20:31:17.854,14,11,MSFT260629C00422500,MSFT,2026-06-29,call,422.5,0.01,239.0,0.78,332.0,0.395,0.4,2.0,0.3455,0.0433,0.004,-0.0969,0.0607,0.0048,2026-06-18,377.915,381.36,373.32,379.08,1.164157e6,377.639978
2026-06-18T20:31:17.854,14,11,MSFT260629C00425000,MSFT,2026-06-29,call,425.0,0.03,236.0,0.68,134.0,0.35500000000000004,0.36,2.0,0.3541,0.0387,0.0036,-0.0905,0.0553,0.0043,2026-06-18,377.915,381.36,373.32,379.08,1.164157e6,377.639978
2026-06-18T20:31:17.854,14,11,MSFT260629C00427500,MSFT,2026-06-29,call,427.5,0.01,293.0,0.71,224.0,0.36,0.54,1.0,0.3701,0.0377,0.0034,-0.0925,0.0542,0.0042,2026-06-18,377.915,381.36,373.32,379.08,1.164157e6,377.639978
2026-06-18T20:31:17.854,14,11,MSFT260629C00430000,MSFT,2026-06-29,call,430.0,0.12,2.0,0.71,349.0,0.415,0.34,1.0,0.3951,0.0404,0.0033,-0.1044,0.0573,0.0045,2026-06-18,377.915,381.36,373.32,379.08,1.164157e6,377.639978
2026-06-18T20:31:17.854,14,11,MSFT260629C00432500,MSFT,2026-06-29,call,432.5,0.0,0.0,0.52,123.0,0.26,0.2,1.0,,,,,,,2026-06-18,377.915,381.36,373.32,379.08,1.164157e6,377.639978
2026-06-18T20:31:17.854,14,11,MSFT260629C00435000,MSFT,2026-06-29,call,435.0,0.03,117.0,0.39,142.0,0.21000000000000002,0.18,1.0,0.3796,0.0229,0.0022,-0.0628,0.0359,0.0026,2026-06-18,377.915,381.36,373.32,379.08,1.164157e6,377.639978
2026-06-18T20:31:17.854,14,11,MSFT260629C00437500,MSFT,2026-06-29,call,437.5,0.0,0.0,2.009,245.0,1.0045,0.55,1.0,,,,,,,2026-06-18,377.915,381.36,373.32,379.08,1.164157e6,377.639978
2026-06-18T20:31:17.854,14,11,MSFT260629C00440000,MSFT,2026-06-29,call,440.0,0.0,0.0,0.39,161.0,0.195,0.28,4.0,,,,,,,2026-06-18,377.915,381.36,373.32,379.08,1.164157e6,377.639978
2026-06-18T20:31:17.854,14,11,MSFT260629C00442500,MSFT,2026-06-29,call,442.5,0.0,0.0,0.96,186.0,0.48,0.41,37.0,,,,,,,2026-06-18,377.915,381.36,373.32,379.08,1.164157e6,377.639978
2026-06-18T20:31:17.854,14,11,MSFT260629C00445000,MSFT,2026-06-29,call,445.0,0.0,0.0,2.23,107.0,1.115,0.37,37.0,,,,,,,2026-06-18,377.915,381.36,373.32,379.08,1.164157e6,377.639978
2026-06-18T20:31:17.854,14,11,MSFT260629C00447500,MSFT,2026-06-29,call,447.5,0.0,0.0,2.23,273.0,1.115,0.51,1.0,,,,,,,2026-06-18,377.915,381.36,373.32,379.08,1.164157e6,377.639978
2026-06-18T20:31:17.854,14,11,MSFT260629C00450000,MSFT,2026-06-29,call,450.0,0.03,29.0,0.19,167.0,0.11,0.1,45.0,0.4197,0.0118,0.0011,-0.0391,0.0203,0.0013,2026-06-18,377.915,381.36,373.32,379.08,1.164157e6,377.639978
2026-06-18T20:31:17.854,14,11,MSFT260629C00452500,MSFT,2026-06-29,call,452.5,0.0,0.0,2.22,239.0,1.11,,,,,,,,,2026-06-18,377.915,381.36,373.32,379.08,1.164157e6,377.639978
2026-06-18T20:31:17.854,14,11,MSFT260629C00455000,MSFT,2026-06-29,call,455.0,0.0,0.0,2.16,84.0,1.08,0.55,1.0,,,,,,,2026-06-18,377.915,381.36,373.32,379.08,1.164157e6,377.639978
2026-06-18T20:31:17.854,14,11,MSFT260629C00457500,MSFT,2026-06-29,call,457.5,0.0,0.0,2.14,181.0,1.07,,,,,,,,,2026-06-18,377.915,381.36,373.32,379.08,1.164157e6,377.639978
2026-06-18T20:31:17.854,14,11,MSFT260629C00460000,MSFT,2026-06-29,call,460.0,0.0,0.0,0.13,206.0,0.065,0.13,1.0,,,,,,,2026-06-18,377.915,381.36,373.32,379.08,1.164157e6,377.639978
2026-06-18T20:31:17.854,14,11,MSFT260629C00465000,MSFT,2026-06-29,call,465.0,0.0,0.0,2.14,59.0,1.07,0.33,2.0,,,,,,,2026-06-18,377.915,381.36,373.32,379.08,1.164157e6,377.639978
2026-06-18T20:31:17.854,14,11,MSFT260629C00470000,MSFT,2026-06-29,call,470.0,0.0,0.0,2.13,68.0,1.065,,,,,,,,,2026-06-18,377.915,381.36,373.32,379.08,1.164157e6,377.639978
2026-06-18T20:31:17.854,14,11,MSFT260629C00475000,MSFT,2026-06-29,call,475.0,0.0,0.0,2.16,44.0,1.08,,,,,,,,,2026-06-18,377.915,381.36,373.32,379.08,1.164157e6,377.639978
2026-06-18T20:31:17.854,14,11,MSFT260629C00480000,MSFT,2026-06-29,call,480.0,0.0,0.0,2.16,15.0,1.08,,,,,,,,,2026-06-18,377.915,381.36,373.32,379.08,1.164157e6,377.639978
2026-06-18T20:31:17.854,14,11,MSFT260629C00485000,MSFT,2026-06-29,call,485.0,0.0,0.0,2.1,44.0,1.05,,,,,,,,,2026-06-18,377.915,381.36,373.32,379.08,1.164157e6,377.639978
2026-06-18T20:31:17.854,14,11,MSFT260629C00490000,MSFT,2026-06-29,call,490.0,0.0,0.0,0.39,25.0,0.195,0.09,3.0,,,,,,,2026-06-18,377.915,381.36,373.32,379.08,1.164157e6,377.639978
2026-06-18T20:31:17.854,14,11,MSFT260629C00495000,MSFT,2026-06-29,call,495.0,0.0,0.0,2.15,64.0,1.075,,,,,,,,,2026-06-18,377.915,381.36,373.32,379.08,1.164157e6,377.639978
2026-06-18T20:31:17.854,14,11,MSFT260629C00500000,MSFT,2026-06-29,call,500.0,0.0,0.0,2.15,39.0,1.075,,,,,,,,,2026-06-18,377.915,381.36,373.32,379.08,1.164157e6,377.639978
2026-06-18T20:31:17.854,14,11,MSFT260629C00505000,MSFT,2026-06-29,call,505.0,0.0,0.0,2.15,6.0,1.075,,,,,,,,,2026-06-18,377.915,381.36,373.32,379.08,1.164157e6,377.639978
2026-06-18T20:31:17.854,14,11,MSFT260629C00510000,MSFT,2026-06-29,call,510.0,0.0,0.0,2.16,15.0,1.08,,,,,,,,,2026-06-18,377.915,381.36,373.32,379.08,1.164157e6,377.639978
2026-06-18T20:31:17.854,14,11,MSFT260629C00515000,MSFT,2026-06-29,call,515.0,0.0,0.0,2.15,109.0,1.075,,,,,,,,,2026-06-18,377.915,381.36,373.32,379.08,1.164157e6,377.639978
2026-06-18T20:31:17.854,14,11,MSFT260629C00520000,MSFT,2026-06-29,call,520.0,0.0,0.0,2.16,86.0,1.08,,,,,,,,,2026-06-18,377.915,381.36,373.32,379.08,1.164157e6,377.639978
2026-06-18T20:31:17.854,14,11,MSFT260629C00525000,MSFT,2026-06-29,call,525.0,0.0,0.0,0.34,36.0,0.17,0.13,1.0,,,,,,,2026-06-18,377.915,381.36,373.32,379.08,1.164157e6,377.639978
2026-06-18T20:31:17.854,14,11,MSFT260629P00300000,MSFT,2026-06-29,put,300.0,0.0,0.0,2.11,8.0,1.055,,,,,,,,,2026-06-18,377.915,381.36,373.32,379.08,1.164157e6,377.639978
2026-06-18T20:31:17.854,14,11,MSFT260629P00305000,MSFT,2026-06-29,put,305.0,0.0,0.0,2.17,107.0,1.085,,,,,,,,,2026-06-18,377.915,381.36,373.32,379.08,1.164157e6,377.639978
2026-06-18T20:31:17.854,14,11,MSFT260629P00310000,MSFT,2026-06-29,put,310.0,0.0,0.0,2.09,58.0,1.045,,,,,,,,,2026-06-18,377.915,381.36,373.32,379.08,1.164157e6,377.639978
2026-06-18T20:31:17.854,14,11,MSFT260629P00315000,MSFT,2026-06-29,put,315.0,0.0,0.0,2.11,133.0,1.055,,,,,,,,,2026-06-18,377.915,381.36,373.32,379.08,1.164157e6,377.639978
2026-06-18T20:31:17.854,14,11,MSFT260629P00320000,MSFT,2026-06-29,put,320.0,0.0,0.0,2.12,118.0,1.06,,,,,,,,,2026-06-18,377.915,381.36,373.32,379.08,1.164157e6,377.639978
2026-06-18T20:31:17.854,14,11,MSFT260629P00325000,MSFT,2026-06-29,put,325.0,0.0,0.0,2.17,228.0,1.085,,,,,,,,,2026-06-18,377.915,381.36,373.32,379.08,1.164157e6,377.639978
2026-06-18T20:31:17.854,14,11,MSFT260629P00330000,MSFT,2026-06-29,put,330.0,0.0,0.0,0.51,175.0,0.255,0.15,1.0,,,,,,,2026-06-18,377.915,381.36,373.32,379.08,1.164157e6,377.639978
2026-06-18T20:31:17.854,14,11,MSFT260629P00335000,MSFT,2026-06-29,put,335.0,0.0,0.0,0.49,337.0,0.245,0.15,1.0,,,,,,,2026-06-18,377.915,381.36,373.32,379.08,1.164157e6,377.639978
2026-06-18T20:31:17.854,14,11,MSFT260629P00340000,MSFT,2026-06-29,put,340.0,0.03,170.0,0.38,408.0,0.20500000000000002,0.2,1.0,0.3339,-0.0242,0.0026,-0.0561,0.0376,-0.0028,2026-06-18,377.915,381.36,373.32,379.08,1.164157e6,377.639978
2026-06-18T20:31:17.854,14,11,MSFT260629P00345000,MSFT,2026-06-29,put,345.0,0.03,177.0,0.82,207.0,0.425,0.35,1.0,0.3395,-0.0451,0.0042,-0.095,0.0627,-0.0053,2026-06-18,377.915,381.36,373.32,379.08,1.164157e6,377.639978
2026-06-18T20:31:17.854,14,11,MSFT260629P00347500,MSFT,2026-06-29,put,347.5,0.06,173.0,1.0,161.0,0.53,0.49,1.0,0.3342,-0.0553,0.0051,-0.1099,0.0738,-0.0065,2026-06-18,377.915,381.36,373.32,379.08,1.164157e6,377.639978
2026-06-18T20:31:17.854,14,11,MSFT260629P00350000,MSFT,2026-06-29,put,350.0,0.47,10.0,0.65,119.0,0.56,0.55,1.0,0.317,-0.0607,0.0057,-0.112,0.0794,-0.0071,2026-06-18,377.915,381.36,373.32,379.08,1.164157e6,377.639978
2026-06-18T20:31:17.854,14,11,MSFT260629P00352500,MSFT,2026-06-29,put,352.5,0.23,161.0,1.28,158.0,0.755,0.76,1.0,0.3173,-0.0781,0.007,-0.136,0.0964,-0.0092,2026-06-18,377.915,381.36,373.32,379.08,1.164157e6,377.639978
2026-06-18T20:31:17.854,14,11,MSFT260629P00355000,MSFT,2026-06-29,put,355.0,0.36,162.0,1.11,42.0,0.7350000000000001,0.92,6.0,0.2928,-0.0818,0.0078,-0.1297,0.0998,-0.0096,2026-06-18,377.915,381.36,373.32,379.08,1.164157e6,377.639978
2026-06-18T20:31:17.854,14,11,MSFT260629P00357500,MSFT,2026-06-29,put,357.5,0.48,240.0,1.38,93.0,0.9299999999999999,1.28,1.0,0.2879,-0.101,0.0093,-0.1488,0.1167,-0.0119,2026-06-18,377.915,381.36,373.32,379.08,1.164157e6,377.639978
2026-06-18T20:31:17.854,14,11,MSFT260629P00360000,MSFT,2026-06-29,put,360.0,0.88,182.0,2.19,153.0,1.535,1.32,2.0,0.3084,-0.1437,0.0111,-0.2039,0.1495,-0.0169,2026-06-18,377.915,381.36,373.32,379.08,1.164157e6,377.639978
2026-06-18T20:31:17.854,14,11,MSFT260629P00362500,MSFT,2026-06-29,put,362.5,0.75,131.0,2.88,145.0,1.815,2.43,5.0,0.2994,-0.1683,0.0127,-0.2193,0.1659,-0.0198,2026-06-18,377.915,381.36,373.32,379.08,1.164157e6,377.639978
2026-06-18T20:31:17.854,14,11,MSFT260629P00365000,MSFT,2026-06-29,put,365.0,1.83,382.0,2.38,5.0,2.105,2.14,30.0,0.2881,-0.195,0.0145,-0.2307,0.182,-0.023,2026-06-18,377.915,381.36,373.32,379.08,1.164157e6,377.639978
2026-06-18T20:31:17.854,14,11,MSFT260629P00367500,MSFT,2026-06-29,put,367.5,1.89,177.0,3.15,141.0,2.52,3.04,1.0,0.2802,-0.2291,0.0164,-0.2458,0.1999,-0.027,2026-06-18,377.915,381.36,373.32,379.08,1.164157e6,377.639978
2026-06-18T20:31:17.854,14,11,MSFT260629P00370000,MSFT,2026-06-29,put,370.0,2.02,262.0,4.46,195.0,3.24,3.25,2.0,0.2827,-0.275,0.0179,-0.2723,0.2202,-0.0325,2026-06-18,377.915,381.36,373.32,379.08,1.164157e6,377.639978
2026-06-18T20:31:17.854,14,11,MSFT260629P00372500,MSFT,2026-06-29,put,372.5,3.83,87.0,4.67,18.0,4.25,4.65,2.0,0.292,-0.3273,0.0187,-0.3034,0.2382,-0.0388,2026-06-18,377.915,381.36,373.32,379.08,1.164157e6,377.639978
2026-06-18T20:31:17.854,14,11,MSFT260629P00375000,MSFT,2026-06-29,put,375.0,4.13,248.0,5.26,3.0,4.695,5.26,1.0,0.2728,-0.3691,0.021,-0.2943,0.249,-0.0437,2026-06-18,377.915,381.36,373.32,379.08,1.164157e6,377.639978
2026-06-18T20:31:17.854,14,11,MSFT260629P00377500,MSFT,2026-06-29,put,377.5,5.41,269.0,6.67,49.0,6.04,6.1,1.0,0.2848,-0.4255,0.0209,-0.3182,0.2587,-0.0506,2026-06-18,377.915,381.36,373.32,379.08,1.164157e6,377.639978
2026-06-18T20:31:17.854,14,11,MSFT260629P00380000,MSFT,2026-06-29,put,380.0,6.38,129.0,8.42,121.0,7.4,8.1,4.0,0.2917,-0.4784,0.0207,-0.3298,0.2629,-0.057,2026-06-18,377.915,381.36,373.32,379.08,1.164157e6,377.639978
2026-06-18T20:31:17.854,14,11,MSFT260629P00382500,MSFT,2026-06-29,put,382.5,7.28,123.0,10.0,73.0,8.64,9.59,29.0,0.2891,-0.5305,0.0209,-0.3241,0.2625,-0.0634,2026-06-18,377.915,381.36,373.32,379.08,1.164157e6,377.639978
2026-06-18T20:31:17.854,14,11,MSFT260629P00385000,MSFT,2026-06-29,put,385.0,8.49,82.0,10.54,22.0,9.515,11.33,1.0,0.2672,-0.5899,0.0221,-0.2884,0.2566,-0.0704,2026-06-18,377.915,381.36,373.32,379.08,1.164157e6,377.639978
2026-06-18T20:31:17.854,14,11,MSFT260629P00387500,MSFT,2026-06-29,put,387.5,10.34,132.0,12.84,76.0,11.59,12.93,1.0,0.287,-0.6323,0.0199,-0.2994,0.2486,-0.0759,2026-06-18,377.915,381.36,373.32,379.08,1.164157e6,377.639978
2026-06-18T20:31:17.854,14,11,MSFT260629P00390000,MSFT,2026-06-29,put,390.0,12.17,153.0,14.56,107.0,13.365,14.87,2.0,0.2908,-0.6774,0.0187,-0.2862,0.2368,-0.0816,2026-06-18,377.915,381.36,373.32,379.08,1.164157e6,377.639978
2026-06-18T20:31:17.854,14,11,MSFT260629P00392500,MSFT,2026-06-29,put,392.5,13.63,141.0,16.36,80.0,14.995000000000001,16.02,3.0,0.2836,-0.7268,0.0178,-0.254,0.2195,-0.0878,2026-06-18,377.915,381.36,373.32,379.08,1.164157e6,377.639978
2026-06-18T20:31:17.854,14,11,MSFT260629P00395000,MSFT,2026-06-29,put,395.0,15.94,108.0,18.14,82.0,17.04,18.67,1.0,0.2904,-0.7623,0.0161,-0.239,0.2041,-0.0925,2026-06-18,377.915,381.36,373.32,379.08,1.164157e6,377.639978
2026-06-18T20:31:17.854,14,11,MSFT260629P00397500,MSFT,2026-06-29,put,397.5,17.3,202.0,21.66,51.0,19.48,19.09,1.0,0.3142,-0.7798,0.0143,-0.248,0.1955,-0.0952,2026-06-18,377.915,381.36,373.32,379.08,1.164157e6,377.639978
2026-06-18T20:31:17.854,14,11,MSFT260629P00400000,MSFT,2026-06-29,put,400.0,19.75,51.0,23.23,44.0,21.490000000000002,21.75,1.0,0.3133,-0.813,0.013,-0.2198,0.1773,-0.0996,2026-06-18,377.915,381.36,373.32,379.08,1.164157e6,377.639978
2026-06-18T20:31:17.854,14,11,MSFT260629P00402500,MSFT,2026-06-29,put,402.5,22.64,54.0,25.3,38.0,23.97,25.3,2.0,0.3363,-0.8241,0.0117,-0.2274,0.1706,-0.1016,2026-06-18,377.915,381.36,373.32,379.08,1.164157e6,377.639978
2026-06-18T20:31:17.854,14,11,MSFT260629P00405000,MSFT,2026-06-29,put,405.0,24.39,78.0,27.67,41.0,26.03,25.12,1.0,0.3319,-0.8535,0.0105,-0.1938,0.1515,-0.1056,2026-06-18,377.915,381.36,373.32,379.08,1.164157e6,377.639978
2026-06-18T20:31:17.854,14,11,MSFT260629P00407500,MSFT,2026-06-29,put,407.5,27.11,12.0,29.93,19.0,28.52,,,0.3532,-0.861,0.0095,-0.1994,0.1461,-0.1072,2026-06-18,377.915,381.36,373.32,379.08,1.164157e6,377.639978
2026-06-18T20:31:17.854,14,11,MSFT260629P00410000,MSFT,2026-06-29,put,410.0,29.72,33.0,33.1,33.0,31.41,29.87,1.0,0.401,-0.8498,0.0088,-0.2456,0.154,-0.1068,2026-06-18,377.915,381.36,373.32,379.08,1.164157e6,377.639978
2026-06-18T20:31:17.854,14,11,MSFT260629P00412500,MSFT,2026-06-29,put,412.5,31.86,10.0,35.39,23.0,33.625,29.01,12.0,0.4032,-0.8679,0.008,-0.2227,0.1412,-0.1096,2026-06-18,377.915,381.36,373.32,379.08,1.164157e6,377.639978
2026-06-18T20:31:17.854,14,11,MSFT260629P00415000,MSFT,2026-06-29,put,415.0,33.65,22.0,38.03,22.0,35.84,37.77,1.0,0.4025,-0.8859,0.0073,-0.1961,0.1274,-0.1123,2026-06-18,377.915,381.36,373.32,379.08,1.164157e6,377.639978
2026-06-18T20:31:17.854,14,11,MSFT260629P00417500,MSFT,2026-06-29,put,417.5,36.63,10.0,39.5,16.0,38.065,44.1,1.0,0.3992,-0.9036,0.0065,-0.1667,0.1127,-0.115,2026-06-18,377.915,381.36,373.32,379.08,1.164157e6,377.639978
2026-06-18T20:31:17.854,14,11,MSFT260629P00420000,MSFT,2026-06-29,put,420.0,39.49,1.0,41.91,11.0,40.7,44.06,2.0,0.4301,-0.9004,0.0062,-0.1879,0.1155,-0.1154,2026-06-18,377.915,381.36,373.32,379.08,1.164157e6,377.639978
2026-06-18T20:31:17.854,14,11,MSFT260629P00422500,MSFT,2026-06-29,put,422.5,41.72,16.0,45.53,20.0,43.625,,,0.4843,-0.8852,0.0061,-0.2439,0.1279,-0.1146,2026-06-18,377.915,381.36,373.32,379.08,1.164157e6,377.639978
2026-06-18T20:31:17.854,14,11,MSFT260629P00425000,MSFT,2026-06-29,put,425.0,44.19,22.0,47.97,22.0,46.08,,,0.5001,-0.8904,0.0057,-0.2432,0.1237,-0.1159,2026-06-18,377.915,381.36,373.32,379.08,1.164157e6,377.639978
2026-06-18T20:31:17.854,14,11,MSFT260629P00427500,MSFT,2026-06-29,put,427.5,45.57,22.0,50.33,22.0,47.95,49.86,4.0,0.4617,-0.9209,0.0048,-0.1646,0.0973,-0.12,2026-06-18,377.915,381.36,373.32,379.08,1.164157e6,377.639978
2026-06-18T20:31:17.854,14,11,MSFT260629P00430000,MSFT,2026-06-29,put,430.0,47.74,23.0,51.41,22.0,49.575,32.88,1.0,0.3447,-0.9779,0.0023,-0.0128,0.0348,-0.127,2026-06-18,377.915,381.36,373.32,379.08,1.164157e6,377.639978
2026-06-18T20:31:17.854,14,11,MSFT260629P00432500,MSFT,2026-06-29,put,432.5,51.75,22.0,54.38,22.0,53.065,,,0.5087,-0.92,0.0044,-0.187,0.0981,-0.1214,2026-06-18,377.915,381.36,373.32,379.08,1.164157e6,377.639978
2026-06-18T20:31:17.854,14,11,MSFT260629P00435000,MSFT,2026-06-29,put,435.0,53.25,22.0,56.38,25.0,54.815,59.15,2.0,0.4276,-0.9612,0.003,-0.0663,0.0555,-0.1266,2026-06-18,377.915,381.36,373.32,379.08,1.164157e6,377.639978
2026-06-18T20:31:17.854,14,11,MSFT260629P00437500,MSFT,2026-06-29,put,437.5,56.34,15.0,59.63,22.0,57.985,54.44,1.0,0.5346,-0.9273,0.0039,-0.181,0.0912,-0.1237,2026-06-18,377.915,381.36,373.32,379.08,1.164157e6,377.639978
2026-06-18T20:31:17.854,14,11,MSFT260629P00440000,MSFT,2026-06-29,put,440.0,58.91,23.0,62.97,23.0,60.94,64.61,2.0,0.5979,-0.9109,0.0041,-0.2486,0.1063,-0.1227,2026-06-18,377.915,381.36,373.32,379.08,1.164157e6,377.639978
2026-06-18T20:31:17.854,14,11,MSFT260629P00442500,MSFT,2026-06-29,put,442.5,60.66,14.0,63.56,14.0,62.11,,,0.4262,-0.9773,0.0019,-0.0259,0.0355,-0.1307,2026-06-18,377.915,381.36,373.32,379.08,1.164157e6,377.639978
2026-06-18T20:31:17.854,14,11,MSFT260629P00445000,MSFT,2026-06-29,put,445.0,64.41,1.0,67.75,10.0,66.08,48.04,5.0,0.6458,-0.9098,0.0038,-0.2743,0.1074,-0.1241,2026-06-18,377.915,381.36,373.32,379.08,1.164157e6,377.639978
2026-06-18T20:31:17.854,14,11,MSFT260629P00447500,MSFT,2026-06-29,put,447.5,66.58,13.0,70.46,15.0,68.52,,,0.6573,-0.9136,0.0036,-0.2694,0.104,-0.1253,2026-06-18,377.915,381.36,373.32,379.08,1.164157e6,377.639978
2026-06-18T20:31:17.854,14,11,MSFT260629P00450000,MSFT,2026-06-29,put,450.0,68.77,22.0,72.66,22.0,70.715,50.41,1.0,0.6429,-0.9259,0.0033,-0.2286,0.0926,-0.1274,2026-06-18,377.915,381.36,373.32,379.08,1.164157e6,377.639978
2026-06-18T20:31:17.854,14,11,MSFT260629P00452500,MSFT,2026-06-29,put,452.5,70.09,12.0,73.98,11.0,72.035,,,0.4567,-0.984,0.0013,-0.0106,0.0264,-0.1344,2026-06-18,377.915,381.36,373.32,379.08,1.164157e6,377.639978
2026-06-18T20:31:17.854,14,11,MSFT260629P00455000,MSFT,2026-06-29,put,455.0,74.0,15.0,76.58,10.0,75.28999999999999,,,0.6235,-0.9448,0.0027,-0.1655,0.0736,-0.1309,2026-06-18,377.915,381.36,373.32,379.08,1.164157e6,377.639978
2026-06-18T20:31:17.854,14,11,MSFT260629P00457500,MSFT,2026-06-29,put,457.5,77.55,25.0,79.69,10.0,78.62,,,0.7339,-0.9165,0.0032,-0.2959,0.1014,-0.1287,2026-06-18,377.915,381.36,373.32,379.08,1.164157e6,377.639978
2026-06-18T20:31:17.854,14,11,MSFT260629P00460000,MSFT,2026-06-29,put,460.0,78.7,28.0,81.9,31.0,80.30000000000001,,,0.6552,-0.9463,0.0025,-0.171,0.072,-0.1326,2026-06-18,377.915,381.36,373.32,379.08,1.164157e6,377.639978
2026-06-18T20:31:17.854,14,11,MSFT260629P00465000,MSFT,2026-06-29,put,465.0,82.23,24.0,87.65,22.0,84.94,,,0.6268,-0.9631,0.002,-0.1072,0.0533,-0.1359,2026-06-18,377.915,381.36,373.32,379.08,1.164157e6,377.639978
2026-06-18T20:31:17.854,14,11,MSFT260629P00470000,MSFT,2026-06-29,put,470.0,87.0,29.0,93.76,25.0,90.38,,,0.7258,-0.9466,0.0023,-0.1922,0.0718,-0.1357,2026-06-18,377.915,381.36,373.32,379.08,1.164157e6,377.639978
2026-06-18T20:31:17.854,14,11,MSFT260629P00475000,MSFT,2026-06-29,put,475.0,94.45,10.0,97.89,29.0,96.17,,,0.8504,-0.9233,0.0026,-0.323,0.095,-0.1348,2026-06-18,377.915,381.36,373.32,379.08,1.164157e6,377.639978
2026-06-18T20:31:17.854,14,11,MSFT260629P00480000,MSFT,2026-06-29,put,480.0,98.23,29.0,103.29,20.0,100.76,,,0.8341,-0.9371,0.0022,-0.2639,0.0816,-0.1377,2026-06-18,377.915,381.36,373.32,379.08,1.164157e6,377.639978
2026-06-18T20:31:17.854,14,11,MSFT260629P00485000,MSFT,2026-06-29,put,485.0,102.44,12.0,106.12,33.0,104.28,,,,,,,,,2026-06-18,377.915,381.36,373.32,379.08,1.164157e6,377.639978
2026-06-18T20:31:17.854,14,11,MSFT260629P00490000,MSFT,2026-06-29,put,490.0,107.47,10.0,111.17,21.0,109.32,,,,,,,,,2026-06-18,377.915,381.36,373.32,379.08,1.164157e6,377.639978
2026-06-18T20:31:17.854,14,11,MSFT260629P00495000,MSFT,2026-06-29,put,495.0,115.06,10.0,117.79,29.0,116.42500000000001,,,0.9975,-0.9239,0.0022,-0.382,0.0945,-0.1409,2026-06-18,377.915,381.36,373.32,379.08,1.164157e6,377.639978
2026-06-18T20:31:17.854,14,11,MSFT260629P00500000,MSFT,2026-06-29,put,500.0,116.59,10.0,120.62,21.0,118.605,,,,,,,,,2026-06-18,377.915,381.36,373.32,379.08,1.164157e6,377.639978
2026-06-18T20:31:17.854,14,11,MSFT260629P00505000,MSFT,2026-06-29,put,505.0,124.48,1.0,125.4,19.0,124.94,,,0.8391,-0.9692,0.0013,-0.1261,0.0459,-0.1487,2026-06-18,377.915,381.36,373.32,379.08,1.164157e6,377.639978
2026-06-18T20:31:17.854,14,11,MSFT260629P00510000,MSFT,2026-06-29,put,510.0,128.8,21.0,131.75,20.0,130.275,,,,,,,,,2026-06-18,377.915,381.36,373.32,379.08,1.164157e6,377.639978
2026-06-18T20:31:17.854,14,11,MSFT260629P00515000,MSFT,2026-06-29,put,515.0,134.68,29.0,135.73,22.0,135.20499999999998,,,0.9418,-0.9615,0.0013,-0.1863,0.0551,-0.1509,2026-06-18,377.915,381.36,373.32,379.08,1.164157e6,377.639978
2026-06-18T20:31:17.854,14,11,MSFT260629P00520000,MSFT,2026-06-29,put,520.0,138.08,28.0,141.55,23.0,139.815,,,,,,,,,2026-06-18,377.915,381.36,373.32,379.08,1.164157e6,377.639978
2026-06-18T20:31:17.854,14,11,MSFT260629P00525000,MSFT,2026-06-29,put,525.0,143.09,1.0,145.07,25.0,144.07999999999998,,,,,,,,,2026-06-18,377.915,381.36,373.32,379.08,1.164157e6,377.639978
2026-06-18T20:31:17.854,14,13,MSFT260701C00330000,MSFT,2026-07-01,call,330.0,48.4,20.0,53.01,10.0,50.705,56.5,19.0,0.3547,0.9848,0.0015,-0.0695,0.0274,0.1153,2026-06-18,377.915,381.36,373.32,379.08,1.164157e6,377.639978
2026-06-18T20:31:17.854,14,13,MSFT260701C00335000,MSFT,2026-07-01,call,335.0,44.18,23.0,47.57,10.0,45.875,44.02,8.0,0.3645,0.9707,0.0026,-0.0992,0.0479,0.1151,2026-06-18,377.915,381.36,373.32,379.08,1.164157e6,377.639978
2026-06-18T20:31:17.854,14,13,MSFT260701C00340000,MSFT,2026-07-01,call,340.0,38.9,20.0,42.87,21.0,40.885,41.0,1.0,0.3296,0.9676,0.0031,-0.0984,0.0521,0.1164,2026-06-18,377.915,381.36,373.32,379.08,1.164157e6,377.639978
2026-06-18T20:31:17.854,14,13,MSFT260701C00345000,MSFT,2026-07-01,call,345.0,33.98,18.0,37.46,18.0,35.72,,,0.2561,0.9802,0.0026,-0.0673,0.0345,0.12,2026-06-18,377.915,381.36,373.32,379.08,1.164157e6,377.639978
2026-06-18T20:31:17.854,14,13,MSFT260701C00350000,MSFT,2026-07-01,call,350.0,29.72,11.0,32.29,11.0,31.005,,,0.2738,0.9504,0.0052,-0.1101,0.0735,0.1176,2026-06-18,377.915,381.36,373.32,379.08,1.164157e6,377.639978
2026-06-18T20:31:17.854,14,13,MSFT260701C00355000,MSFT,2026-07-01,call,355.0,24.36,60.0,28.23,26.0,26.295,23.5,1.0,0.2665,0.9209,0.0077,-0.1405,0.1057,0.1153,2026-06-18,377.915,381.36,373.32,379.08,1.164157e6,377.639978
2026-06-18T20:31:17.854,14,13,MSFT260701C00357500,MSFT,2026-07-01,call,357.5,22.85,60.0,25.59,57.0,24.22,,,0.2798,0.8876,0.0095,-0.1785,0.137,0.1115,2026-06-18,377.915,381.36,373.32,379.08,1.164157e6,377.639978
2026-06-18T20:31:17.854,14,13,MSFT260701C00360000,MSFT,2026-07-01,call,360.0,21.13,101.0,23.26,110.0,22.195,20.77,1.0,0.2878,0.8539,0.0111,-0.2119,0.1644,0.1077,2026-06-18,377.915,381.36,373.32,379.08,1.164157e6,377.639978
2026-06-18T20:31:17.854,14,13,MSFT260701C00365000,MSFT,2026-07-01,call,365.0,17.01,180.0,19.16,182.0,18.085,16.57,1.0,0.2841,0.7907,0.0141,-0.2534,0.2063,0.1006,2026-06-18,377.915,381.36,373.32,379.08,1.164157e6,377.639978
2026-06-18T20:31:17.854,14,13,MSFT260701C00367500,MSFT,2026-07-01,call,367.5,15.45,129.0,17.48,146.0,16.465,16.32,4.0,0.2957,0.7444,0.0152,-0.2887,0.2306,0.0949,2026-06-18,377.915,381.36,373.32,379.08,1.164157e6,377.639978
2026-06-18T20:31:17.854,14,13,MSFT260701C00370000,MSFT,2026-07-01,call,370.0,13.67,239.0,16.26,273.0,14.965,14.85,1.0,0.3062,0.6982,0.0159,-0.3194,0.2501,0.0892,2026-06-18,377.915,381.36,373.32,379.08,1.164157e6,377.639978
2026-06-18T20:31:17.854,14,13,MSFT260701C00372500,MSFT,2026-07-01,call,372.5,11.76,184.0,14.06,171.0,12.91,11.88,1.0,0.2904,0.6633,0.0175,-0.3162,0.2619,0.0852,2026-06-18,377.915,381.36,373.32,379.08,1.164157e6,377.639978
2026-06-18T20:31:17.854,14,13,MSFT260701C00375000,MSFT,2026-07-01,call,375.0,10.23,188.0,12.89,207.0,11.56,10.47,1.0,0.2976,0.6154,0.0179,-0.3358,0.2741,0.0792,2026-06-18,377.915,381.36,373.32,379.08,1.164157e6,377.639978
2026-06-18T20:31:17.854,14,13,MSFT260701C00377500,MSFT,2026-07-01,call,377.5,8.72,287.0,11.05,218.0,9.885000000000002,8.81,1.0,0.2887,0.571,0.019,-0.3333,0.2817,0.0738,2026-06-18,377.915,381.36,373.32,379.08,1.164157e6,377.639978
2026-06-18T20:31:17.854,14,13,MSFT260701C00380000,MSFT,2026-07-01,call,380.0,8.52,1.0,9.12,121.0,8.82,8.52,1.0,0.2973,0.523,0.0187,-0.3456,0.2857,0.0677,2026-06-18,377.915,381.36,373.32,379.08,1.164157e6,377.639978
2026-06-18T20:31:17.854,14,13,MSFT260701C00382500,MSFT,2026-07-01,call,382.5,6.29,117.0,8.7,121.0,7.494999999999999,7.45,1.0,0.2927,0.4756,0.019,-0.3387,0.2857,0.0617,2026-06-18,377.915,381.36,373.32,379.08,1.164157e6,377.639978
2026-06-18T20:31:17.854,14,13,MSFT260701C00385000,MSFT,2026-07-01,call,385.0,5.99,404.0,7.69,641.0,6.84,5.99,1.0,0.3075,0.4334,0.0178,-0.3495,0.2822,0.0562,2026-06-18,377.915,381.36,373.32,379.08,1.164157e6,377.639978
2026-06-18T20:31:17.854,14,13,MSFT260701C00387500,MSFT,2026-07-01,call,387.5,4.95,5.0,6.27,265.0,5.609999999999999,5.0,1.0,0.2982,0.386,0.0179,-0.3287,0.2744,0.0503,2026-06-18,377.915,381.36,373.32,379.08,1.164157e6,377.639978
2026-06-18T20:31:17.854,14,13,MSFT260701C00390000,MSFT,2026-07-01,call,390.0,4.13,593.0,5.78,681.0,4.955,4.65,1.0,0.3058,0.3473,0.0168,-0.3243,0.265,0.0453,2026-06-18,377.915,381.36,373.32,379.08,1.164157e6,377.639978
2026-06-18T20:31:17.854,14,13,MSFT260701C00392500,MSFT,2026-07-01,call,392.5,2.72,314.0,5.34,102.0,4.03,2.72,1.0,0.2995,0.3033,0.0163,-0.2997,0.2507,0.0396,2026-06-18,377.915,381.36,373.32,379.08,1.164157e6,377.639978
2026-06-18T20:31:17.854,14,13,MSFT260701C00395000,MSFT,2026-07-01,call,395.0,2.98,10.0,3.43,10.0,3.205,2.9,1.0,0.2925,0.2599,0.0155,-0.2712,0.2327,0.034,2026-06-18,377.915,381.36,373.32,379.08,1.164157e6,377.639978
2026-06-18T20:31:17.854,14,13,MSFT260701C00397500,MSFT,2026-07-01,call,397.5,1.98,211.0,3.32,153.0,2.65,2.59,1.0,0.2928,0.2245,0.0143,-0.2502,0.2149,0.0294,2026-06-18,377.915,381.36,373.32,379.08,1.164157e6,377.639978
2026-06-18T20:31:17.854,14,13,MSFT260701C00400000,MSFT,2026-07-01,call,400.0,2.08,120.0,2.51,47.0,2.295,2.35,1.0,0.2992,0.1974,0.0129,-0.2365,0.1993,0.0259,2026-06-18,377.915,381.36,373.32,379.08,1.164157e6,377.639978
2026-06-18T20:31:17.854,14,13,MSFT260701C00402500,MSFT,2026-07-01,call,402.5,1.36,197.0,2.86,134.0,2.11,1.73,2.0,0.3119,0.1789,0.0117,-0.2315,0.1875,0.0235,2026-06-18,377.915,381.36,373.32,379.08,1.164157e6,377.639978
2026-06-18T20:31:17.854,14,13,MSFT260701C00405000,MSFT,2026-07-01,call,405.0,1.41,141.0,1.9,196.0,1.6549999999999998,1.73,1.0,0.3073,0.1489,0.0105,-0.2022,0.1665,0.0196,2026-06-18,377.915,381.36,373.32,379.08,1.164157e6,377.639978
2026-06-18T20:31:17.854,14,13,MSFT260701C00410000,MSFT,2026-07-01,call,410.0,0.88,495.0,1.66,489.0,1.27,1.29,1.0,0.3211,0.1158,0.0085,-0.1771,0.14,0.0152,2026-06-18,377.915,381.36,373.32,379.08,1.164157e6,377.639978
2026-06-18T20:31:17.854,14,13,MSFT260701C00412500,MSFT,2026-07-01,call,412.5,0.43,485.0,1.67,302.0,1.05,0.9,1.0,0.3227,0.0985,0.0075,-0.1582,0.1245,0.013,2026-06-18,377.915,381.36,373.32,379.08,1.164157e6,377.639978
2026-06-18T20:31:17.854,14,13,MSFT260701C00415000,MSFT,2026-07-01,call,415.0,0.37,284.0,1.05,69.0,0.71,0.89,10.0,0.3094,0.0734,0.0063,-0.1215,0.0999,0.0097,2026-06-18,377.915,381.36,373.32,379.08,1.164157e6,377.639978
2026-06-18T20:31:17.854,14,13,MSFT260701C00420000,MSFT,2026-07-01,call,420.0,0.43,214.0,1.15,236.0,0.7899999999999999,0.6,1.0,0.35,0.0725,0.0055,-0.1359,0.099,0.0095,2026-06-18,377.915,381.36,373.32,379.08,1.164157e6,377.639978
2026-06-18T20:31:17.854,14,13,MSFT260701C00425000,MSFT,2026-07-01,call,425.0,0.21,123.0,0.64,18.0,0.425,0.58,1.0,0.3362,0.044,0.0039,-0.088,0.0668,0.0058,2026-06-18,377.915,381.36,373.32,379.08,1.164157e6,377.639978
2026-06-18T20:31:17.854,14,13,MSFT260701C00430000,MSFT,2026-07-01,call,430.0,0.07,195.0,0.82,126.0,0.44499999999999995,0.33,1.0,0.3677,0.0425,0.0034,-0.0933,0.0649,0.0056,2026-06-18,377.915,381.36,373.32,379.08,1.164157e6,377.639978
2026-06-18T20:31:17.854,14,13,MSFT260701C00435000,MSFT,2026-07-01,call,435.0,0.03,204.0,0.85,108.0,0.44,0.32,1.0,0.3947,0.0396,0.003,-0.0945,0.0613,0.0052,2026-06-18,377.915,381.36,373.32,379.08,1.164157e6,377.639978
2026-06-18T20:31:17.854,14,13,MSFT260701C00440000,MSFT,2026-07-01,call,440.0,0.01,166.0,1.03,140.0,0.52,0.35,1.0,0.4347,0.0422,0.0029,-0.1095,0.0646,0.0055,2026-06-18,377.915,381.36,373.32,379.08,1.164157e6,377.639978
2026-06-18T20:31:17.854,14,13,MSFT260701C00445000,MSFT,2026-07-01,call,445.0,0.03,37.0,0.38,86.0,0.20500000000000002,,,0.3964,0.0201,0.0017,-0.0539,0.0349,0.0027,2026-06-18,377.915,381.36,373.32,379.08,1.164157e6,377.639978
2026-06-18T20:31:17.854,14,13,MSFT260701C00450000,MSFT,2026-07-01,call,450.0,0.0,0.0,0.52,181.0,0.26,0.25,1.0,,,,,,,2026-06-18,377.915,381.36,373.32,379.08,1.164157e6,377.639978
2026-06-18T20:31:17.854,14,13,MSFT260701C00455000,MSFT,2026-07-01,call,455.0,0.0,0.0,0.45,285.0,0.225,0.25,2.0,,,,,,,2026-06-18,377.915,381.36,373.32,379.08,1.164157e6,377.639978
2026-06-18T20:31:17.854,14,13,MSFT260701C00460000,MSFT,2026-07-01,call,460.0,0.0,0.0,1.4,211.0,0.7,,,,,,,,,2026-06-18,377.915,381.36,373.32,379.08,1.164157e6,377.639978
2026-06-18T20:31:17.854,14,13,MSFT260701C00465000,MSFT,2026-07-01,call,465.0,0.0,0.0,1.94,79.0,0.97,,,,,,,,,2026-06-18,377.915,381.36,373.32,379.08,1.164157e6,377.639978
2026-06-18T20:31:17.854,14,13,MSFT260701C00470000,MSFT,2026-07-01,call,470.0,0.0,0.0,2.18,113.0,1.09,,,,,,,,,2026-06-18,377.915,381.36,373.32,379.08,1.164157e6,377.639978
2026-06-18T20:31:17.854,14,13,MSFT260701C00475000,MSFT,2026-07-01,call,475.0,0.0,0.0,2.16,39.0,1.08,0.2,5.0,,,,,,,2026-06-18,377.915,381.36,373.32,379.08,1.164157e6,377.639978
2026-06-18T20:31:17.854,14,13,MSFT260701C00485000,MSFT,2026-07-01,call,485.0,0.0,0.0,2.2,128.0,1.1,,,,,,,,,2026-06-18,377.915,381.36,373.32,379.08,1.164157e6,377.639978
2026-06-18T20:31:17.854,14,13,MSFT260701C00490000,MSFT,2026-07-01,call,490.0,0.0,0.0,2.18,98.0,1.09,,,,,,,,,2026-06-18,377.915,381.36,373.32,379.08,1.164157e6,377.639978
2026-06-18T20:31:17.854,14,13,MSFT260701C00495000,MSFT,2026-07-01,call,495.0,0.0,0.0,2.17,126.0,1.085,,,,,,,,,2026-06-18,377.915,381.36,373.32,379.08,1.164157e6,377.639978
2026-06-18T20:31:17.854,14,13,MSFT260701C00500000,MSFT,2026-07-01,call,500.0,0.0,0.0,2.19,104.0,1.095,,,,,,,,,2026-06-18,377.915,381.36,373.32,379.08,1.164157e6,377.639978
2026-06-18T20:31:17.854,14,13,MSFT260701C00505000,MSFT,2026-07-01,call,505.0,0.0,0.0,2.11,220.0,1.055,,,,,,,,,2026-06-18,377.915,381.36,373.32,379.08,1.164157e6,377.639978
2026-06-18T20:31:17.854,14,13,MSFT260701C00510000,MSFT,2026-07-01,call,510.0,0.0,0.0,2.18,81.0,1.09,,,,,,,,,2026-06-18,377.915,381.36,373.32,379.08,1.164157e6,377.639978
2026-06-18T20:31:17.854,14,13,MSFT260701C00515000,MSFT,2026-07-01,call,515.0,0.0,0.0,2.18,162.0,1.09,,,,,,,,,2026-06-18,377.915,381.36,373.32,379.08,1.164157e6,377.639978
2026-06-18T20:31:17.854,14,13,MSFT260701C00520000,MSFT,2026-07-01,call,520.0,0.0,0.0,2.17,133.0,1.085,,,,,,,,,2026-06-18,377.915,381.36,373.32,379.08,1.164157e6,377.639978
2026-06-18T20:31:17.854,14,13,MSFT260701C00525000,MSFT,2026-07-01,call,525.0,0.0,0.0,2.1,155.0,1.05,,,,,,,,,2026-06-18,377.915,381.36,373.32,379.08,1.164157e6,377.639978
2026-06-18T20:31:17.854,14,13,MSFT260701P00330000,MSFT,2026-07-01,put,330.0,0.0,0.0,0.49,239.0,0.245,0.24,1.0,,,,,,,2026-06-18,377.915,381.36,373.32,379.08,1.164157e6,377.639978
2026-06-18T20:31:17.854,14,13,MSFT260701P00335000,MSFT,2026-07-01,put,335.0,0.03,188.0,0.57,238.0,0.3,0.24,1.0,0.3638,-0.0291,0.0025,-0.0655,0.0476,-0.004,2026-06-18,377.915,381.36,373.32,379.08,1.164157e6,377.639978
2026-06-18T20:31:17.854,14,13,MSFT260701P00340000,MSFT,2026-07-01,put,340.0,0.07,172.0,0.51,83.0,0.29000000000000004,0.37,1.0,0.3262,-0.0311,0.003,-0.062,0.0503,-0.0043,2026-06-18,377.915,381.36,373.32,379.08,1.164157e6,377.639978
2026-06-18T20:31:17.854,14,13,MSFT260701P00345000,MSFT,2026-07-01,put,345.0,0.15,133.0,0.82,130.0,0.485,0.58,1.0,0.3213,-0.0493,0.0044,-0.0885,0.0732,-0.0069,2026-06-18,377.915,381.36,373.32,379.08,1.164157e6,377.639978
2026-06-18T20:31:17.854,14,13,MSFT260701P00350000,MSFT,2026-07-01,put,350.0,0.44,260.0,1.18,292.0,0.8099999999999999,1.0,1.0,0.3184,-0.0769,0.0063,-0.1238,0.1035,-0.0107,2026-06-18,377.915,381.36,373.32,379.08,1.164157e6,377.639978
2026-06-18T20:31:17.854,14,13,MSFT260701P00355000,MSFT,2026-07-01,put,355.0,0.73,143.0,1.69,62.0,1.21,1.39,1.0,0.3088,-0.1103,0.0085,-0.1562,0.1351,-0.0154,2026-06-18,377.915,381.36,373.32,379.08,1.164157e6,377.639978
2026-06-18T20:31:17.854,14,13,MSFT260701P00357500,MSFT,2026-07-01,put,357.5,0.91,140.0,2.64,100.0,1.7750000000000001,1.86,1.0,0.3232,-0.145,0.0098,-0.1976,0.1635,-0.0203,2026-06-18,377.915,381.36,373.32,379.08,1.164157e6,377.639978
2026-06-18T20:31:17.854,14,13,MSFT260701P00360000,MSFT,2026-07-01,put,360.0,1.48,196.0,2.76,201.0,2.12,2.13,1.0,0.3184,-0.1692,0.011,-0.215,0.181,-0.0237,2026-06-18,377.915,381.36,373.32,379.08,1.164157e6,377.639978
2026-06-18T20:31:17.854,14,13,MSFT260701P00362500,MSFT,2026-07-01,put,362.5,1.75,136.0,3.78,143.0,2.7649999999999997,2.57,1.0,0.3255,-0.2046,0.0122,-0.2469,0.2036,-0.0287,2026-06-18,377.915,381.36,373.32,379.08,1.164157e6,377.639978
2026-06-18T20:31:17.854,14,13,MSFT260701P00365000,MSFT,2026-07-01,put,365.0,2.72,47.0,3.48,67.0,3.1,3.12,1.0,0.3135,-0.2302,0.0135,-0.2538,0.2179,-0.0323,2026-06-18,377.915,381.36,373.32,379.08,1.164157e6,377.639978
2026-06-18T20:31:17.854,14,13,MSFT260701P00367500,MSFT,2026-07-01,put,367.5,2.84,77.0,4.83,97.0,3.835,3.6,1.0,0.3164,-0.2683,0.0145,-0.2773,0.2365,-0.0377,2026-06-18,377.915,381.36,373.32,379.08,1.164157e6,377.639978
2026-06-18T20:31:17.854,14,13,MSFT260701P00370000,MSFT,2026-07-01,put,370.0,3.78,107.0,4.48,1.0,4.13,4.38,1.0,0.2974,-0.2971,0.0162,-0.2725,0.2483,-0.0417,2026-06-18,377.915,381.36,373.32,379.08,1.164157e6,377.639978
2026-06-18T20:31:17.854,14,13,MSFT260701P00372500,MSFT,2026-07-01,put,372.5,4.27,81.0,6.24,70.0,5.255,5.35,1.0,0.308,-0.3444,0.0167,-0.2994,0.2641,-0.0485,2026-06-18,377.915,381.36,373.32,379.08,1.164157e6,377.639978
2026-06-18T20:31:17.854,14,13,MSFT260701P00375000,MSFT,2026-07-01,put,375.0,5.38,115.0,6.53,10.0,5.955,5.62,5.0,0.2982,-0.3848,0.0179,-0.2994,0.2742,-0.0542,2026-06-18,377.915,381.36,373.32,379.08,1.164157e6,377.639978
2026-06-18T20:31:17.854,14,13,MSFT260701P00377500,MSFT,2026-07-01,put,377.5,6.09,143.0,7.89,76.0,6.99,7.6,1.0,0.2969,-0.4304,0.0184,-0.3049,0.2818,-0.0608,2026-06-18,377.915,381.36,373.32,379.08,1.164157e6,377.639978
2026-06-18T20:31:17.854,14,13,MSFT260701P00380000,MSFT,2026-07-01,put,380.0,7.69,75.0,9.33,80.0,8.51,8.6,1.0,0.3085,-0.477,0.018,-0.3202,0.2857,-0.0676,2026-06-18,377.915,381.36,373.32,379.08,1.164157e6,377.639978
2026-06-18T20:31:17.854,14,13,MSFT260701P00382500,MSFT,2026-07-01,put,382.5,8.34,132.0,10.95,52.0,9.645,9.54,1.0,0.3026,-0.5228,0.0183,-0.3118,0.2857,-0.0742,2026-06-18,377.915,381.36,373.32,379.08,1.164157e6,377.639978
2026-06-18T20:31:17.854,14,13,MSFT260701P00385000,MSFT,2026-07-01,put,385.0,10.54,151.0,12.17,95.0,11.355,11.08,1.0,0.3129,-0.5651,0.0175,-0.3174,0.2824,-0.0805,2026-06-18,377.915,381.36,373.32,379.08,1.164157e6,377.639978
2026-06-18T20:31:17.854,14,13,MSFT260701P00387500,MSFT,2026-07-01,put,387.5,11.53,156.0,14.0,55.0,12.765,12.44,1.0,0.3088,-0.6094,0.0173,-0.3029,0.2754,-0.0871,2026-06-18,377.915,381.36,373.32,379.08,1.164157e6,377.639978
2026-06-18T20:31:17.854,14,13,MSFT260701P00390000,MSFT,2026-07-01,put,390.0,13.27,74.0,15.87,67.0,14.57,15.85,1.0,0.3155,-0.6475,0.0164,-0.2974,0.2664,-0.0929,2026-06-18,377.915,381.36,373.32,379.08,1.164157e6,377.639978
2026-06-18T20:31:17.854,14,13,MSFT260701P00392500,MSFT,2026-07-01,put,392.5,15.2,85.0,17.57,52.0,16.384999999999998,17.58,1.0,0.3193,-0.6842,0.0155,-0.2859,0.2551,-0.0985,2026-06-18,377.915,381.36,373.32,379.08,1.164157e6,377.639978
2026-06-18T20:31:17.854,14,13,MSFT260701P00395000,MSFT,2026-07-01,put,395.0,17.37,61.0,19.48,39.0,18.425,18.12,1.0,0.3289,-0.7143,0.0144,-0.2798,0.2439,-0.1033,2026-06-18,377.915,381.36,373.32,379.08,1.164157e6,377.639978
2026-06-18T20:31:17.854,14,13,MSFT260701P00397500,MSFT,2026-07-01,put,397.5,18.86,43.0,21.5,63.0,20.18,,,0.3236,-0.7516,0.0136,-0.2525,0.2272,-0.1089,2026-06-18,377.915,381.36,373.32,379.08,1.164157e6,377.639978
2026-06-18T20:31:17.854,14,13,MSFT260701P00400000,MSFT,2026-07-01,put,400.0,20.94,57.0,23.83,49.0,22.384999999999998,23.74,1.0,0.335,-0.7744,0.0125,-0.2463,0.2155,-0.1128,2026-06-18,377.915,381.36,373.32,379.08,1.164157e6,377.639978
2026-06-18T20:31:17.854,14,13,MSFT260701P00402500,MSFT,2026-07-01,put,402.5,22.65,47.0,26.34,40.0,24.494999999999997,,,0.3398,-0.7993,0.0115,-0.2306,0.2013,-0.1169,2026-06-18,377.915,381.36,373.32,379.08,1.164157e6,377.639978
2026-06-18T20:31:17.854,14,13,MSFT260701P00405000,MSFT,2026-07-01,put,405.0,24.72,33.0,28.51,20.0,26.615000000000002,,,0.3425,-0.8232,0.0106,-0.2115,0.1861,-0.1209,2026-06-18,377.915,381.36,373.32,379.08,1.164157e6,377.639978
2026-06-18T20:31:17.854,14,13,MSFT260701P00407500,MSFT,2026-07-01,put,407.5,27.27,32.0,30.42,22.0,28.845,29.92,1.0,0.3487,-0.8422,0.0096,-0.1974,0.173,-0.1243,2026-06-18,377.915,381.36,373.32,379.08,1.164157e6,377.639978
2026-06-18T20:31:17.854,14,13,MSFT260701P00410000,MSFT,2026-07-01,put,410.0,28.82,41.0,32.619,33.0,30.7195,32.619,1.0,0.3294,-0.8779,0.0086,-0.1479,0.1453,-0.1298,2026-06-18,377.915,381.36,373.32,379.08,1.164157e6,377.639978
2026-06-18T20:31:17.854,14,13,MSFT260701P00412500,MSFT,2026-07-01,put,412.5,31.87,13.0,35.25,18.0,33.56,,,0.3714,-0.867,0.0081,-0.1842,0.1542,-0.1293,2026-06-18,377.915,381.36,373.32,379.08,1.164157e6,377.639978
2026-06-18T20:31:17.854,14,13,MSFT260701P00415000,MSFT,2026-07-01,put,415.0,34.14,138.0,37.41,99.0,35.775,37.55,10.0,0.3709,-0.8849,0.0073,-0.1618,0.1393,-0.1326,2026-06-18,377.915,381.36,373.32,379.08,1.164157e6,377.639978
2026-06-18T20:31:17.854,14,13,MSFT260701P00420000,MSFT,2026-07-01,put,420.0,38.84,10.0,41.37,21.0,40.105000000000004,37.38,1.0,0.3496,-0.9277,0.0055,-0.0938,0.0987,-0.1399,2026-06-18,377.915,381.36,373.32,379.08,1.164157e6,377.639978
2026-06-18T20:31:17.854,14,13,MSFT260701P00425000,MSFT,2026-07-01,put,425.0,43.49,22.0,48.1,22.0,45.795,36.8,1.0,0.4441,-0.8986,0.0056,-0.1789,0.1272,-0.138,2026-06-18,377.915,381.36,373.32,379.08,1.164157e6,377.639978
2026-06-18T20:31:17.854,14,13,MSFT260701P00430000,MSFT,2026-07-01,put,430.0,49.01,10.0,52.61,10.0,50.81,52.96,1.0,0.4797,-0.9035,0.005,-0.1871,0.1226,-0.1404,2026-06-18,377.915,381.36,373.32,379.08,1.164157e6,377.639978
2026-06-18T20:31:17.854,14,13,MSFT260701P00435000,MSFT,2026-07-01,put,435.0,53.5,17.0,57.76,17.0,55.629999999999995,,,0.4974,-0.9155,0.0043,-0.1726,0.1111,-0.1438,2026-06-18,377.915,381.36,373.32,379.08,1.164157e6,377.639978
2026-06-18T20:31:17.854,14,13,MSFT260701P00440000,MSFT,2026-07-01,put,440.0,59.5,15.0,62.2,21.0,60.85,,,0.5492,-0.911,0.0041,-0.2037,0.1156,-0.145,2026-06-18,377.915,381.36,373.32,379.08,1.164157e6,377.639978
2026-06-18T20:31:17.854,14,13,MSFT260701P00445000,MSFT,2026-07-01,put,445.0,64.7,30.0,68.07,22.0,66.38499999999999,67.14,1.0,0.6255,-0.897,0.004,-0.2691,0.1287,-0.1451,2026-06-18,377.915,381.36,373.32,379.08,1.164157e6,377.639978
2026-06-18T20:31:17.854,14,13,MSFT260701P00450000,MSFT,2026-07-01,put,450.0,68.7,16.0,73.15,10.0,70.92500000000001,,,0.6191,-0.9153,0.0035,-0.2235,0.1113,-0.1492,2026-06-18,377.915,381.36,373.32,379.08,1.164157e6,377.639978
2026-06-18T20:31:17.854,14,13,MSFT260701P00455000,MSFT,2026-07-01,put,455.0,73.22,1.0,78.81,10.0,76.015,,,0.6581,-0.9154,0.0033,-0.2394,0.1112,-0.151,2026-06-18,377.915,381.36,373.32,379.08,1.164157e6,377.639978
2026-06-18T20:31:17.854,14,13,MSFT260701P00460000,MSFT,2026-07-01,put,460.0,78.53,10.0,82.17,10.0,80.35,,,0.6196,-0.9408,0.0027,-0.1582,0.0846,-0.156,2026-06-18,377.915,381.36,373.32,379.08,1.164157e6,377.639978
2026-06-18T20:31:17.854,14,13,MSFT260701P00465000,MSFT,2026-07-01,put,465.0,82.65,10.0,87.27,10.0,84.96000000000001,,,0.5945,-0.958,0.0021,-0.1024,0.0643,-0.16,2026-06-18,377.915,381.36,373.32,379.08,1.164157e6,377.639978
2026-06-18T20:31:17.854,14,13,MSFT260701P00470000,MSFT,2026-07-01,put,470.0,87.58,25.0,90.95,19.0,89.265,,,0.3694,-0.9986,0.0002,0.0418,0.0033,-0.167,2026-06-18,377.915,381.36,373.32,379.08,1.164157e6,377.639978
2026-06-18T20:31:17.854,14,13,MSFT260701P00475000,MSFT,2026-07-01,put,475.0,92.75,29.0,97.27,22.0,95.00999999999999,,,0.6547,-0.9583,0.0019,-0.1156,0.064,-0.1636,2026-06-18,377.915,381.36,373.32,379.08,1.164157e6,377.639978
2026-06-18T20:31:17.854,14,13,MSFT260701P00480000,MSFT,2026-07-01,put,480.0,98.94,25.0,101.22,22.0,100.08,,,0.6912,-0.9566,0.0019,-0.1295,0.066,-0.1652,2026-06-18,377.915,381.36,373.32,379.08,1.164157e6,377.639978
2026-06-18T20:31:17.854,14,13,MSFT260701P00485000,MSFT,2026-07-01,put,485.0,101.72,27.0,107.03,20.0,104.375,,,0.5464,-0.9892,0.0007,0.0048,0.0204,-0.1711,2026-06-18,377.915,381.36,373.32,379.08,1.164157e6,377.639978
2026-06-18T20:31:17.854,14,13,MSFT260701P00490000,MSFT,2026-07-01,put,490.0,107.3,22.0,113.46,24.0,110.38,,,0.7848,-0.9486,0.0019,-0.1817,0.0757,-0.1677,2026-06-18,377.915,381.36,373.32,379.08,1.164157e6,377.639978
2026-06-18T20:31:17.854,14,13,MSFT260701P00495000,MSFT,2026-07-01,put,495.0,114.85,27.0,116.54,10.0,115.695,,,0.8498,-0.9404,0.0019,-0.231,0.085,-0.1685,2026-06-18,377.915,381.36,373.32,379.08,1.164157e6,377.639978
2026-06-18T20:31:17.854,14,13,MSFT260701P00500000,MSFT,2026-07-01,put,500.0,119.78,26.0,121.71,23.0,120.745,,,0.8815,-0.9402,0.0019,-0.2415,0.0852,-0.1703,2026-06-18,377.915,381.36,373.32,379.08,1.164157e6,377.639978
2026-06-18T20:31:17.854,14,13,MSFT260701P00505000,MSFT,2026-07-01,put,505.0,125.75,29.0,126.01,17.0,125.88,,,0.9226,-0.9378,0.0019,-0.264,0.0879,-0.1718,2026-06-18,377.915,381.36,373.32,379.08,1.164157e6,377.639978
2026-06-18T20:31:17.854,14,13,MSFT260701P00510000,MSFT,2026-07-01,put,510.0,126.24,26.0,133.54,19.0,129.89,,,0.8045,-0.9679,0.0012,-0.1103,0.0516,-0.1773,2026-06-18,377.915,381.36,373.32,379.08,1.164157e6,377.639978
2026-06-18T20:31:17.854,14,13,MSFT260701P00515000,MSFT,2026-07-01,put,515.0,135.79,19.0,137.7,22.0,136.745,,,1.063,-0.9203,0.0019,-0.3867,0.1064,-0.1733,2026-06-18,377.915,381.36,373.32,379.08,1.164157e6,377.639978
2026-06-18T20:31:17.854,14,13,MSFT260701P00520000,MSFT,2026-07-01,put,520.0,141.1,29.0,144.61,23.0,142.85500000000002,,,,,,,,,2026-06-18,377.915,381.36,373.32,379.08,1.164157e6,377.639978
2026-06-18T20:31:17.854,14,13,MSFT260701P00525000,MSFT,2026-07-01,put,525.0,142.46,24.0,146.51,23.0,144.485,,,0.7687,-0.984,0.0007,-0.0335,0.0287,-0.1847,2026-06-18,377.915,381.36,373.32,379.08,1.164157e6,377.639978
2026-06-18T20:31:17.854,14,14,MSFT260702C00270000,MSFT,2026-07-02,call,270.0,108.43,19.0,110.24,3.0,109.33500000000001,115.77,1.0,,,,,,,2026-06-18,377.915,381.36,373.32,379.08,1.164157e6,377.639978
2026-06-18T20:31:17.854,14,14,MSFT260702C00280000,MSFT,2026-07-02,call,280.0,98.1,11.0,103.89,1.0,100.995,155.81,1.0,0.7961,0.9797,0.0008,-0.1307,0.0365,0.1041,2026-06-18,377.915,381.36,373.32,379.08,1.164157e6,377.639978
2026-06-18T20:31:17.854,14,14,MSFT260702C00290000,MSFT,2026-07-02,call,290.0,88.13,5.0,93.64,4.0,90.88499999999999,154.54,33.0,0.6828,0.9822,0.0009,-0.1076,0.0327,0.1084,2026-06-18,377.915,381.36,373.32,379.08,1.164157e6,377.639978
2026-06-18T20:31:17.854,14,14,MSFT260702C00300000,MSFT,2026-07-02,call,300.0,77.28,8.0,81.75,1.0,79.515,83.25,1.0,,,,,,,2026-06-18,377.915,381.36,373.32,379.08,1.164157e6,377.639978
2026-06-18T20:31:17.854,14,14,MSFT260702C00305000,MSFT,2026-07-02,call,305.0,73.35,25.0,76.97,33.0,75.16,70.98,1.0,,,,,,,2026-06-18,377.915,381.36,373.32,379.08,1.164157e6,377.639978
2026-06-18T20:31:17.854,14,14,MSFT260702C00310000,MSFT,2026-07-02,call,310.0,67.56,23.0,73.38,23.0,70.47,80.0,1.0,,,,,,,2026-06-18,377.915,381.36,373.32,379.08,1.164157e6,377.639978
2026-06-18T20:31:17.854,14,14,MSFT260702C00315000,MSFT,2026-07-02,call,315.0,64.33,20.0,67.52,14.0,65.925,70.18,1.0,0.5013,0.976,0.0015,-0.1055,0.042,0.117,2026-06-18,377.915,381.36,373.32,379.08,1.164157e6,377.639978
2026-06-18T20:31:17.854,14,14,MSFT260702C00320000,MSFT,2026-07-02,call,320.0,58.62,23.0,63.51,10.0,61.065,66.76,1.0,0.4928,0.9676,0.002,-0.1253,0.0539,0.1177,2026-06-18,377.915,381.36,373.32,379.08,1.164157e6,377.639978
2026-06-18T20:31:17.854,14,14,MSFT260702C00325000,MSFT,2026-07-02,call,325.0,54.55,37.0,57.41,17.0,55.98,53.68,3.0,0.4388,0.9701,0.0021,-0.1101,0.0505,0.12,2026-06-18,377.915,381.36,373.32,379.08,1.164157e6,377.639978
2026-06-18T20:31:17.854,14,14,MSFT260702C00330000,MSFT,2026-07-02,call,330.0,48.19,10.0,53.18,1.0,50.685,49.88,1.0,0.3205,0.9895,0.0012,-0.056,0.0207,0.1248,2026-06-18,377.915,381.36,373.32,379.08,1.164157e6,377.639978
2026-06-18T20:31:17.854,14,14,MSFT260702C00335000,MSFT,2026-07-02,call,335.0,43.56,21.0,48.09,23.0,45.825,54.68,1.0,0.3331,0.9768,0.0022,-0.0809,0.0409,0.1248,2026-06-18,377.915,381.36,373.32,379.08,1.164157e6,377.639978
2026-06-18T20:31:17.854,14,14,MSFT260702C00340000,MSFT,2026-07-02,call,340.0,38.54,18.0,41.78,14.0,40.16,49.84,1.0,,,,,,,2026-06-18,377.915,381.36,373.32,379.08,1.164157e6,377.639978
2026-06-18T20:31:17.854,14,14,MSFT260702C00345000,MSFT,2026-07-02,call,345.0,34.76,22.0,37.79,18.0,36.275,45.23,1.0,0.3306,0.9397,0.0049,-0.137,0.0891,0.1231,2026-06-18,377.915,381.36,373.32,379.08,1.164157e6,377.639978
2026-06-18T20:31:17.854,14,14,MSFT260702C00350000,MSFT,2026-07-02,call,350.0,30.56,14.0,32.83,22.0,31.695,27.75,1.0,0.3297,0.9087,0.0067,-0.1749,0.1222,0.1203,2026-06-18,377.915,381.36,373.32,379.08,1.164157e6,377.639978
2026-06-18T20:31:17.854,14,14,MSFT260702C00355000,MSFT,2026-07-02,call,355.0,25.35,20.0,28.06,53.0,26.705,23.52,1.0,0.2879,0.8973,0.0083,-0.1681,0.1332,0.1206,2026-06-18,377.915,381.36,373.32,379.08,1.164157e6,377.639978
2026-06-18T20:31:17.854,14,14,MSFT260702C00360000,MSFT,2026-07-02,call,360.0,21.44,40.0,22.81,50.0,22.125,21.65,9.0,0.2714,0.8592,0.0111,-0.1914,0.1663,0.1168,2026-06-18,377.915,381.36,373.32,379.08,1.164157e6,377.639978
2026-06-18T20:31:17.854,14,14,MSFT260702C00362500,MSFT,2026-07-02,call,362.5,19.27,48.0,21.68,60.0,20.475,19.0,3.0,0.2931,0.8108,0.0124,-0.2394,0.2015,0.1104,2026-06-18,377.915,381.36,373.32,379.08,1.164157e6,377.639978
2026-06-18T20:31:17.854,14,14,MSFT260702C00365000,MSFT,2026-07-02,call,365.0,18.0,63.0,19.23,1.0,18.615000000000002,18.0,1.0,0.2967,0.7741,0.0136,-0.2644,0.2238,0.1057,2026-06-18,377.915,381.36,373.32,379.08,1.164157e6,377.639978
2026-06-18T20:31:17.854,14,14,MSFT260702C00367500,MSFT,2026-07-02,call,367.5,16.39,41.0,17.3,45.0,16.845,16.45,1.0,0.2996,0.7354,0.0147,-0.2867,0.2436,0.1008,2026-06-18,377.915,381.36,373.32,379.08,1.164157e6,377.639978
2026-06-18T20:31:17.854,14,14,MSFT260702C00370000,MSFT,2026-07-02,call,370.0,14.27,51.0,15.37,81.0,14.82,14.7,1.0,0.2885,0.7024,0.0161,-0.2907,0.2579,0.0967,2026-06-18,377.915,381.36,373.32,379.08,1.164157e6,377.639978
2026-06-18T20:31:17.854,14,14,MSFT260702C00372500,MSFT,2026-07-02,call,372.5,12.51,74.0,13.52,55.0,13.015,13.1,1.0,0.2828,0.6625,0.0174,-0.2984,0.272,0.0916,2026-06-18,377.915,381.36,373.32,379.08,1.164157e6,377.639978
2026-06-18T20:31:17.854,14,14,MSFT260702C00375000,MSFT,2026-07-02,call,375.0,11.2,101.0,12.46,113.0,11.83,11.2,1.0,0.2955,0.6134,0.0174,-0.3226,0.2849,0.0849,2026-06-18,377.915,381.36,373.32,379.08,1.164157e6,377.639978
2026-06-18T20:31:17.854,14,14,MSFT260702C00377500,MSFT,2026-07-02,call,377.5,9.93,3.0,10.22,3.0,10.075,10.22,2.0,0.284,0.5707,0.0186,-0.317,0.2923,0.0793,2026-06-18,377.915,381.36,373.32,379.08,1.164157e6,377.639978
2026-06-18T20:31:17.854,14,14,MSFT260702C00380000,MSFT,2026-07-02,call,380.0,8.43,5.0,8.98,1.0,8.705,8.98,2.0,0.282,0.5237,0.019,-0.3175,0.2965,0.073,2026-06-18,377.915,381.36,373.32,379.08,1.164157e6,377.639978
2026-06-18T20:31:17.854,14,14,MSFT260702C00382500,MSFT,2026-07-02,call,382.5,7.23,10.0,8.14,106.0,7.6850000000000005,7.85,3.0,0.2878,0.4773,0.0186,-0.3221,0.2965,0.0666,2026-06-18,377.915,381.36,373.32,379.08,1.164157e6,377.639978
2026-06-18T20:31:17.854,14,14,MSFT260702C00385000,MSFT,2026-07-02,call,385.0,6.56,183.0,7.31,262.0,6.935,6.8,7.0,0.2991,0.4349,0.0177,-0.3287,0.293,0.0608,2026-06-18,377.915,381.36,373.32,379.08,1.164157e6,377.639978
2026-06-18T20:31:17.854,14,14,MSFT260702C00387500,MSFT,2026-07-02,call,387.5,5.58,10.0,6.41,13.0,5.995,5.65,1.0,0.3003,0.3924,0.0172,-0.3211,0.2861,0.0549,2026-06-18,377.915,381.36,373.32,379.08,1.164157e6,377.639978
2026-06-18T20:31:17.854,14,14,MSFT260702C00390000,MSFT,2026-07-02,call,390.0,4.79,37.0,5.08,91.0,4.9350000000000005,4.98,1.0,0.2935,0.3473,0.0169,-0.3008,0.275,0.0487,2026-06-18,377.915,381.36,373.32,379.08,1.164157e6,377.639978
2026-06-18T20:31:17.854,14,14,MSFT260702C00392500,MSFT,2026-07-02,call,392.5,4.27,6.0,4.39,190.0,4.33,4.3,2.0,0.2996,0.3113,0.0158,-0.2929,0.2631,0.0437,2026-06-18,377.915,381.36,373.32,379.08,1.164157e6,377.639978
2026-06-18T20:31:17.854,14,14,MSFT260702C00395000,MSFT,2026-07-02,call,395.0,3.49,60.0,3.87,383.0,3.68,3.69,22.0,0.3009,0.275,0.0149,-0.2769,0.2484,0.0387,2026-06-18,377.915,381.36,373.32,379.08,1.164157e6,377.639978
2026-06-18T20:31:17.854,14,14,MSFT260702C00397500,MSFT,2026-07-02,call,397.5,2.85,48.0,3.61,374.0,3.23,3.3,10.0,0.3071,0.2453,0.0138,-0.2658,0.2342,0.0345,2026-06-18,377.915,381.36,373.32,379.08,1.164157e6,377.639978
2026-06-18T20:31:17.854,14,14,MSFT260702C00400000,MSFT,2026-07-02,call,400.0,2.63,8.0,2.72,9.0,2.675,2.68,1.0,0.3059,0.2127,0.0128,-0.244,0.2162,0.03,2026-06-18,377.915,381.36,373.32,379.08,1.164157e6,377.639978
2026-06-18T20:31:17.854,14,14,MSFT260702C00402500,MSFT,2026-07-02,call,402.5,2.22,1.0,2.61,163.0,2.415,2.22,5.0,0.3156,0.1918,0.0116,-0.236,0.2032,0.027,2026-06-18,377.915,381.36,373.32,379.08,1.164157e6,377.639978
2026-06-18T20:31:17.854,14,14,MSFT260702C00405000,MSFT,2026-07-02,call,405.0,1.68,67.0,2.08,59.0,1.88,2.0,1.0,0.3085,0.1598,0.0106,-0.2053,0.181,0.0226,2026-06-18,377.915,381.36,373.32,379.08,1.164157e6,377.639978
2026-06-18T20:31:17.854,14,14,MSFT260702C00407500,MSFT,2026-07-02,call,407.5,1.42,291.0,2.09,464.0,1.755,1.45,1.0,0.3212,0.1465,0.0096,-0.2013,0.1709,0.0207,2026-06-18,377.915,381.36,373.32,379.08,1.164157e6,377.639978
2026-06-18T20:31:17.854,14,14,MSFT260702C00410000,MSFT,2026-07-02,call,410.0,1.3,202.0,1.55,184.0,1.425,1.3,5.0,0.3196,0.1241,0.0086,-0.1786,0.1525,0.0175,2026-06-18,377.915,381.36,373.32,379.08,1.164157e6,377.639978
2026-06-18T20:31:17.854,14,14,MSFT260702C00412500,MSFT,2026-07-02,call,412.5,1.05,61.0,1.39,147.0,1.22,1.39,1.0,0.3234,0.1081,0.0077,-0.1637,0.1383,0.0153,2026-06-18,377.915,381.36,373.32,379.08,1.164157e6,377.639978
2026-06-18T20:31:17.854,14,14,MSFT260702C00415000,MSFT,2026-07-02,call,415.0,1.12,1.0,1.18,72.0,1.15,1.14,1.0,0.3354,0.1,0.007,-0.1601,0.1306,0.0141,2026-06-18,377.915,381.36,373.32,379.08,1.164157e6,377.639978
2026-06-18T20:31:17.854,14,14,MSFT260702C00420000,MSFT,2026-07-02,call,420.0,0.82,1.0,0.93,333.0,0.875,0.88,1.0,0.345,0.0776,0.0057,-0.1361,0.1082,0.011,2026-06-18,377.915,381.36,373.32,379.08,1.164157e6,377.639978
2026-06-18T20:31:17.854,14,14,MSFT260702C00425000,MSFT,2026-07-02,call,425.0,0.69,59.0,0.72,96.0,0.705,0.7,5.0,0.3585,0.0626,0.0046,-0.1196,0.0916,0.0089,2026-06-18,377.915,381.36,373.32,379.08,1.164157e6,377.639978
2026-06-18T20:31:17.854,14,14,MSFT260702C00430000,MSFT,2026-07-02,call,430.0,0.55,60.0,0.58,3.0,0.565,0.58,2.0,0.3707,0.0503,0.0038,-0.104,0.0771,0.0071,2026-06-18,377.915,381.36,373.32,379.08,1.164157e6,377.639978
2026-06-18T20:31:17.854,14,14,MSFT260702C00435000,MSFT,2026-07-02,call,435.0,0.43,18.0,0.49,183.0,0.45999999999999996,0.48,2.0,0.3832,0.0409,0.0031,-0.0909,0.0653,0.0058,2026-06-18,377.915,381.36,373.32,379.08,1.164157e6,377.639978
2026-06-18T20:31:17.854,14,14,MSFT260702C00440000,MSFT,2026-07-02,call,440.0,0.34,140.0,0.44,77.0,0.39,0.4,5.0,0.3977,0.0343,0.0026,-0.0816,0.0566,0.0049,2026-06-18,377.915,381.36,373.32,379.08,1.164157e6,377.639978
2026-06-18T20:31:17.854,14,14,MSFT260702C00445000,MSFT,2026-07-02,call,445.0,0.27,74.0,0.53,244.0,0.4,0.35,1.0,0.4246,0.0332,0.0023,-0.0847,0.055,0.0047,2026-06-18,377.915,381.36,373.32,379.08,1.164157e6,377.639978
2026-06-18T20:31:17.854,14,14,MSFT260702C00450000,MSFT,2026-07-02,call,450.0,0.28,39.0,0.42,236.0,0.35,0.3,1.0,0.4394,0.0286,0.002,-0.0775,0.0487,0.004,2026-06-18,377.915,381.36,373.32,379.08,1.164157e6,377.639978
2026-06-18T20:31:17.854,14,14,MSFT260702C00455000,MSFT,2026-07-02,call,455.0,0.1,224.0,0.33,140.0,0.21500000000000002,0.25,10.0,0.4299,0.0189,0.0014,-0.0535,0.0344,0.0027,2026-06-18,377.915,381.36,373.32,379.08,1.164157e6,377.639978
2026-06-18T20:31:17.854,14,14,MSFT260702C00460000,MSFT,2026-07-02,call,460.0,0.2,19.0,0.24,185.0,0.22,0.21,54.0,0.4535,0.0185,0.0013,-0.0552,0.0337,0.0026,2026-06-18,377.915,381.36,373.32,379.08,1.164157e6,377.639978
2026-06-18T20:31:17.854,14,14,MSFT260702C00465000,MSFT,2026-07-02,call,465.0,0.1,131.0,0.23,133.0,0.165,0.16,3.0,0.4567,0.0142,0.0011,-0.0443,0.0269,0.002,2026-06-18,377.915,381.36,373.32,379.08,1.164157e6,377.639978
2026-06-18T20:31:17.854,14,14,MSFT260702C00470000,MSFT,2026-07-02,call,470.0,0.13,10.0,0.29,139.0,0.21,0.16,1.0,0.4934,0.0165,0.0011,-0.0544,0.0305,0.0023,2026-06-18,377.915,381.36,373.32,379.08,1.164157e6,377.639978
2026-06-18T20:31:17.854,14,14,MSFT260702C00475000,MSFT,2026-07-02,call,475.0,0.06,186.0,0.21,167.0,0.135,0.23,1.0,0.4851,0.0112,0.0008,-0.0384,0.0219,0.0016,2026-06-18,377.915,381.36,373.32,379.08,1.164157e6,377.639978
2026-06-18T20:31:17.854,14,14,MSFT260702C00480000,MSFT,2026-07-02,call,480.0,0.08,55.0,0.17,64.0,0.125,0.12,3.0,0.4999,0.0102,0.0007,-0.0364,0.0202,0.0014,2026-06-18,377.915,381.36,373.32,379.08,1.164157e6,377.639978
2026-06-18T20:31:17.854,14,14,MSFT260702C00485000,MSFT,2026-07-02,call,485.0,0.03,194.0,0.21,224.0,0.12,0.05,3.0,0.5166,0.0095,0.0007,-0.0355,0.0191,0.0013,2026-06-18,377.915,381.36,373.32,379.08,1.164157e6,377.639978
2026-06-18T20:31:17.854,14,14,MSFT260702C00490000,MSFT,2026-07-02,call,490.0,0.03,86.0,0.12,2.0,0.075,0.08,1.0,0.507,0.0063,0.0005,-0.0243,0.0133,0.0009,2026-06-18,377.915,381.36,373.32,379.08,1.164157e6,377.639978
2026-06-18T20:31:17.854,14,14,MSFT260702C00495000,MSFT,2026-07-02,call,495.0,0.08,6.0,0.63,199.0,0.355,0.06,2.0,0.6399,0.021,0.0011,-0.0867,0.0376,0.0029,2026-06-18,377.915,381.36,373.32,379.08,1.164157e6,377.639978
2026-06-18T20:31:17.854,14,14,MSFT260702C00500000,MSFT,2026-07-02,call,500.0,0.06,2.0,0.18,60.0,0.12,0.08,2.0,0.5722,0.0087,0.0006,-0.0363,0.0176,0.0012,2026-06-18,377.915,381.36,373.32,379.08,1.164157e6,377.639978
2026-06-18T20:31:17.854,14,14,MSFT260702C00505000,MSFT,2026-07-02,call,505.0,0.01,10.0,0.37,53.0,0.19,0.03,1.0,0.6246,0.0123,0.0007,-0.0533,0.0237,0.0017,2026-06-18,377.915,381.36,373.32,379.08,1.164157e6,377.639978
2026-06-18T20:31:17.854,14,14,MSFT260702C00510000,MSFT,2026-07-02,call,510.0,0.01,105.0,0.38,2.0,0.195,0.08,1.0,0.6453,0.0122,0.0007,-0.0548,0.0236,0.0017,2026-06-18,377.915,381.36,373.32,379.08,1.164157e6,377.639978
2026-06-18T20:31:17.854,14,14,MSFT260702C00515000,MSFT,2026-07-02,call,515.0,0.0,0.0,1.1,145.0,0.55,0.1,1.0,,,,,,,2026-06-18,377.915,381.36,373.32,379.08,1.164157e6,377.639978
2026-06-18T20:31:17.854,14,14,MSFT260702C00520000,MSFT,2026-07-02,call,520.0,0.0,0.0,0.15,195.0,0.075,0.13,2.0,,,,,,,2026-06-18,377.915,381.36,373.32,379.08,1.164157e6,377.639978
2026-06-18T20:31:17.854,14,14,MSFT260702C00525000,MSFT,2026-07-02,call,525.0,0.0,0.0,1.4,19.0,0.7,0.08,1.0,,,,,,,2026-06-18,377.915,381.36,373.32,379.08,1.164157e6,377.639978
2026-06-18T20:31:17.854,14,14,MSFT260702C00530000,MSFT,2026-07-02,call,530.0,0.01,1.0,0.07,1.0,0.04,0.07,2.0,0.6031,0.003,0.0002,-0.015,0.0069,0.0004,2026-06-18,377.915,381.36,373.32,379.08,1.164157e6,377.639978
2026-06-18T20:31:17.854,14,14,MSFT260702C00535000,MSFT,2026-07-02,call,535.0,0.0,0.0,0.27,202.0,0.135,0.05,3.0,,,,,,,2026-06-18,377.915,381.36,373.32,379.08,1.164157e6,377.639978
2026-06-18T20:31:17.854,14,14,MSFT260702C00540000,MSFT,2026-07-02,call,540.0,0.03,10.0,0.07,1.0,0.05,0.03,2.0,0.6471,0.0035,0.0002,-0.0183,0.0079,0.0005,2026-06-18,377.915,381.36,373.32,379.08,1.164157e6,377.639978
2026-06-18T20:31:17.854,14,14,MSFT260702C00545000,MSFT,2026-07-02,call,545.0,0.0,0.0,0.58,88.0,0.29,0.07,2.0,,,,,,,2026-06-18,377.915,381.36,373.32,379.08,1.164157e6,377.639978
2026-06-18T20:31:17.854,14,14,MSFT260702C00550000,MSFT,2026-07-02,call,550.0,0.0,0.0,0.08,26.0,0.04,0.04,6.0,,,,,,,2026-06-18,377.915,381.36,373.32,379.08,1.164157e6,377.639978
2026-06-18T20:31:17.854,14,14,MSFT260702C00555000,MSFT,2026-07-02,call,555.0,0.03,50.0,0.1,1.0,0.065,0.08,2.0,0.71,0.0041,0.0002,-0.0231,0.0091,0.0006,2026-06-18,377.915,381.36,373.32,379.08,1.164157e6,377.639978
2026-06-18T20:31:17.854,14,14,MSFT260702C00560000,MSFT,2026-07-02,call,560.0,0.0,0.0,0.73,56.0,0.365,0.05,2.0,,,,,,,2026-06-18,377.915,381.36,373.32,379.08,1.164157e6,377.639978
2026-06-18T20:31:17.854,14,14,MSFT260702P00270000,MSFT,2026-07-02,put,270.0,0.01,5.0,0.03,1.0,0.02,0.03,1.0,0.6034,-0.0015,0.0001,-0.0078,0.0037,-0.0002,2026-06-18,377.915,381.36,373.32,379.08,1.164157e6,377.639978
2026-06-18T20:31:17.854,14,14,MSFT260702P00280000,MSFT,2026-07-02,put,280.0,0.0,0.0,0.79,138.0,0.395,0.05,1.0,,,,,,,2026-06-18,377.915,381.36,373.32,379.08,1.164157e6,377.639978
2026-06-18T20:31:17.854,14,14,MSFT260702P00290000,MSFT,2026-07-02,put,290.0,0.01,2.0,0.72,348.0,0.365,0.06,2.0,0.6895,-0.0187,0.0009,-0.0829,0.034,-0.0029,2026-06-18,377.915,381.36,373.32,379.08,1.164157e6,377.639978
2026-06-18T20:31:17.854,14,14,MSFT260702P00300000,MSFT,2026-07-02,put,300.0,0.01,2.0,0.53,215.0,0.27,0.08,1.0,0.5867,-0.0166,0.0009,-0.0637,0.0307,-0.0025,2026-06-18,377.915,381.36,373.32,379.08,1.164157e6,377.639978
2026-06-18T20:31:17.854,14,14,MSFT260702P00305000,MSFT,2026-07-02,put,305.0,0.05,15.0,0.5,144.0,0.275,0.15,1.0,0.5527,-0.0178,0.0011,-0.0638,0.0327,-0.0027,2026-06-18,377.915,381.36,373.32,379.08,1.164157e6,377.639978
2026-06-18T20:31:17.854,14,14,MSFT260702P00310000,MSFT,2026-07-02,put,310.0,0.0,0.0,1.34,134.0,0.67,0.11,10.0,,,,,,,2026-06-18,377.915,381.36,373.32,379.08,1.164157e6,377.639978
2026-06-18T20:31:17.854,14,14,MSFT260702P00315000,MSFT,2026-07-02,put,315.0,0.01,151.0,0.35,170.0,0.18,0.18,1.0,0.4529,-0.0147,0.0011,-0.0441,0.0276,-0.0022,2026-06-18,377.915,381.36,373.32,379.08,1.164157e6,377.639978
2026-06-18T20:31:17.854,14,14,MSFT260702P00320000,MSFT,2026-07-02,put,320.0,0.01,119.0,0.2,117.0,0.10500000000000001,0.15,1.0,0.3898,-0.0104,0.0009,-0.0281,0.0205,-0.0016,2026-06-18,377.915,381.36,373.32,379.08,1.164157e6,377.639978
2026-06-18T20:31:17.854,14,14,MSFT260702P00325000,MSFT,2026-07-02,put,325.0,0.01,231.0,0.21,186.0,0.11,0.16,1.0,0.3613,-0.0116,0.0011,-0.0287,0.0226,-0.0017,2026-06-18,377.915,381.36,373.32,379.08,1.164157e6,377.639978
2026-06-18T20:31:17.854,14,14,MSFT260702P00330000,MSFT,2026-07-02,put,330.0,0.05,332.0,0.41,215.0,0.22999999999999998,0.32,24.0,0.3687,-0.022,0.0019,-0.0506,0.0391,-0.0033,2026-06-18,377.915,381.36,373.32,379.08,1.164157e6,377.639978
2026-06-18T20:31:17.854,14,14,MSFT260702P00335000,MSFT,2026-07-02,put,335.0,0.22,336.0,0.37,299.0,0.295,0.37,2.0,0.3498,-0.0287,0.0025,-0.0599,0.0489,-0.0043,2026-06-18,377.915,381.36,373.32,379.08,1.164157e6,377.639978
2026-06-18T20:31:17.854,14,14,MSFT260702P00340000,MSFT,2026-07-02,put,340.0,0.35,91.0,0.5,25.0,0.425,0.44,1.0,0.3376,-0.0408,0.0035,-0.077,0.0652,-0.0061,2026-06-18,377.915,381.36,373.32,379.08,1.164157e6,377.639978
2026-06-18T20:31:17.854,14,14,MSFT260702P00345000,MSFT,2026-07-02,put,345.0,0.58,181.0,0.94,177.0,0.76,0.76,1.0,0.3418,-0.0664,0.0051,-0.1146,0.096,-0.01,2026-06-18,377.915,381.36,373.32,379.08,1.164157e6,377.639978
2026-06-18T20:31:17.854,14,14,MSFT260702P00350000,MSFT,2026-07-02,put,350.0,0.84,136.0,1.34,151.0,1.09,1.07,2.0,0.3314,-0.0923,0.0067,-0.1422,0.1232,-0.0139,2026-06-18,377.915,381.36,373.32,379.08,1.164157e6,377.639978
2026-06-18T20:31:17.854,14,14,MSFT260702P00355000,MSFT,2026-07-02,put,355.0,1.3,189.0,1.8,193.0,1.55,1.55,1.0,0.321,-0.1267,0.0087,-0.1724,0.1547,-0.0191,2026-06-18,377.915,381.36,373.32,379.08,1.164157e6,377.639978
2026-06-18T20:31:17.854,14,14,MSFT260702P00360000,MSFT,2026-07-02,put,360.0,1.84,203.0,2.49,270.0,2.165,2.1,1.0,0.3095,-0.1707,0.011,-0.2022,0.1889,-0.0257,2026-06-18,377.915,381.36,373.32,379.08,1.164157e6,377.639978
2026-06-18T20:31:17.854,14,14,MSFT260702P00362500,MSFT,2026-07-02,put,362.5,2.42,132.0,2.86,22.0,2.6399999999999997,2.94,3.0,0.3081,-0.2003,0.0122,-0.2217,0.2086,-0.0302,2026-06-18,377.915,381.36,373.32,379.08,1.164157e6,377.639978
2026-06-18T20:31:17.854,14,14,MSFT260702P00365000,MSFT,2026-07-02,put,365.0,3.1,121.0,3.58,128.0,3.34,3.25,1.0,0.313,-0.2369,0.0132,-0.2477,0.2298,-0.0358,2026-06-18,377.915,381.36,373.32,379.08,1.164157e6,377.639978
2026-06-18T20:31:17.854,14,14,MSFT260702P00367500,MSFT,2026-07-02,put,367.5,3.47,234.0,4.32,197.0,3.8950000000000005,3.55,1.0,0.3077,-0.2695,0.0144,-0.2598,0.2459,-0.0408,2026-06-18,377.915,381.36,373.32,379.08,1.164157e6,377.639978
2026-06-18T20:31:17.854,14,14,MSFT260702P00370000,MSFT,2026-07-02,put,370.0,4.22,119.0,4.9,135.0,4.5600000000000005,4.45,26.0,0.3036,-0.3058,0.0155,-0.2711,0.2611,-0.0463,2026-06-18,377.915,381.36,373.32,379.08,1.164157e6,377.639978
2026-06-18T20:31:17.854,14,14,MSFT260702P00372500,MSFT,2026-07-02,put,372.5,4.82,240.0,6.06,140.0,5.4399999999999995,5.82,1.0,0.3041,-0.3468,0.0163,-0.2848,0.2748,-0.0526,2026-06-18,377.915,381.36,373.32,379.08,1.164157e6,377.639978
2026-06-18T20:31:17.854,14,14,MSFT260702P00375000,MSFT,2026-07-02,put,375.0,6.27,144.0,6.67,12.0,6.47,6.53,1.0,0.306,-0.3896,0.0168,-0.2967,0.2856,-0.0593,2026-06-18,377.915,381.36,373.32,379.08,1.164157e6,377.639978
2026-06-18T20:31:17.854,14,14,MSFT260702P00377500,MSFT,2026-07-02,put,377.5,7.32,232.0,8.17,49.0,7.745,7.6,3.0,0.3125,-0.4336,0.0169,-0.3098,0.2929,-0.0662,2026-06-18,377.915,381.36,373.32,379.08,1.164157e6,377.639978
2026-06-18T20:31:17.854,14,14,MSFT260702P00380000,MSFT,2026-07-02,put,380.0,8.43,153.0,9.17,114.0,8.8,8.88,1.0,0.3077,-0.4764,0.0174,-0.307,0.2965,-0.0728,2026-06-18,377.915,381.36,373.32,379.08,1.164157e6,377.639978
2026-06-18T20:31:17.854,14,14,MSFT260702P00382500,MSFT,2026-07-02,put,382.5,9.32,122.0,10.91,115.0,10.115,9.8,1.0,0.3081,-0.5197,0.0174,-0.3058,0.2966,-0.0797,2026-06-18,377.915,381.36,373.32,379.08,1.164157e6,377.639978
2026-06-18T20:31:17.854,14,14,MSFT260702P00385000,MSFT,2026-07-02,put,385.0,10.7,1.0,12.25,126.0,11.475,12.25,1.0,0.3064,-0.563,0.0173,-0.2986,0.2933,-0.0865,2026-06-18,377.915,381.36,373.32,379.08,1.164157e6,377.639978
2026-06-18T20:31:17.854,14,14,MSFT260702P00387500,MSFT,2026-07-02,put,387.5,12.07,203.0,14.16,128.0,13.115,14.16,5.0,0.3107,-0.6033,0.0167,-0.2944,0.287,-0.093,2026-06-18,377.915,381.36,373.32,379.08,1.164157e6,377.639978
2026-06-18T20:31:17.854,14,14,MSFT260702P00390000,MSFT,2026-07-02,put,390.0,13.86,223.0,15.53,120.0,14.695,14.9,3.0,0.3095,-0.644,0.0162,-0.2809,0.2774,-0.0995,2026-06-18,377.915,381.36,373.32,379.08,1.164157e6,377.639978
2026-06-18T20:31:17.854,14,14,MSFT260702P00392500,MSFT,2026-07-02,put,392.5,15.68,82.0,17.74,73.0,16.71,17.67,1.0,0.3209,-0.6757,0.0151,-0.2797,0.2677,-0.1049,2026-06-18,377.915,381.36,373.32,379.08,1.164157e6,377.639978
2026-06-18T20:31:17.854,14,14,MSFT260702P00395000,MSFT,2026-07-02,put,395.0,17.16,192.0,19.63,106.0,18.395,18.15,1.0,0.3169,-0.7138,0.0144,-0.2579,0.2533,-0.1111,2026-06-18,377.915,381.36,373.32,379.08,1.164157e6,377.639978
2026-06-18T20:31:17.854,14,14,MSFT260702P00397500,MSFT,2026-07-02,put,397.5,19.04,72.0,21.54,72.0,20.29,19.5,3.0,0.3178,-0.7467,0.0135,-0.2402,0.2382,-0.1167,2026-06-18,377.915,381.36,373.32,379.08,1.164157e6,377.639978
2026-06-18T20:31:17.854,14,14,MSFT260702P00400000,MSFT,2026-07-02,put,400.0,21.14,131.0,23.16,70.0,22.15,23.16,1.0,0.3137,-0.781,0.0126,-0.2147,0.2199,-0.1224,2026-06-18,377.915,381.36,373.32,379.08,1.164157e6,377.639978
2026-06-18T20:31:17.854,14,14,MSFT260702P00402500,MSFT,2026-07-02,put,402.5,23.0,61.0,26.39,45.0,24.695,27.75,6.0,0.3385,-0.7905,0.0114,-0.2268,0.2143,-0.1247,2026-06-18,377.915,381.36,373.32,379.08,1.164157e6,377.639978
2026-06-18T20:31:17.854,14,14,MSFT260702P00405000,MSFT,2026-07-02,put,405.0,25.39,154.0,27.99,59.0,26.689999999999998,28.81,5.0,0.3356,-0.8185,0.0106,-0.2019,0.1964,-0.1296,2026-06-18,377.915,381.36,373.32,379.08,1.164157e6,377.639978
2026-06-18T20:31:17.854,14,14,MSFT260702P00407500,MSFT,2026-07-02,put,407.5,27.37,56.0,30.96,36.0,29.165,32.61,1.0,0.3552,-0.8275,0.0097,-0.2071,0.1901,-0.1318,2026-06-18,377.915,381.36,373.32,379.08,1.164157e6,377.639978
2026-06-18T20:31:17.854,14,14,MSFT260702P00410000,MSFT,2026-07-02,put,410.0,30.28,142.0,32.689,29.0,31.4845,33.33,5.0,0.3656,-0.8415,0.0089,-0.2002,0.18,-0.1348,2026-06-18,377.915,381.36,373.32,379.08,1.164157e6,377.639978
2026-06-18T20:31:17.854,14,14,MSFT260702P00412500,MSFT,2026-07-02,put,412.5,32.96,21.0,35.42,18.0,34.19,35.82,1.0,0.3968,-0.84,0.0082,-0.2216,0.1811,-0.1356,2026-06-18,377.915,381.36,373.32,379.08,1.164157e6,377.639978
2026-06-18T20:31:17.854,14,14,MSFT260702P00415000,MSFT,2026-07-02,put,415.0,34.92,49.0,38.28,37.0,36.6,36.35,1.0,0.4112,-0.8489,0.0077,-0.2205,0.1744,-0.1378,2026-06-18,377.915,381.36,373.32,379.08,1.164157e6,377.639978
2026-06-18T20:31:17.854,14,14,MSFT260702P00420000,MSFT,2026-07-02,put,420.0,38.58,36.0,42.64,33.0,40.61,42.97,1.0,0.3831,-0.8985,0.0062,-0.1428,0.1321,-0.1466,2026-06-18,377.915,381.36,373.32,379.08,1.164157e6,377.639978
2026-06-18T20:31:17.854,14,14,MSFT260702P00425000,MSFT,2026-07-02,put,425.0,44.45,48.0,46.55,28.0,45.5,47.8,1.0,0.4077,-0.9098,0.0054,-0.1375,0.1211,-0.1501,2026-06-18,377.915,381.36,373.32,379.08,1.164157e6,377.639978
2026-06-18T20:31:17.854,14,14,MSFT260702P00430000,MSFT,2026-07-02,put,430.0,48.61,78.0,51.85,27.0,50.230000000000004,51.34,1.0,0.4153,-0.9275,0.0045,-0.1124,0.1027,-0.1545,2026-06-18,377.915,381.36,373.32,379.08,1.164157e6,377.639978
2026-06-18T20:31:17.854,14,14,MSFT260702P00435000,MSFT,2026-07-02,put,435.0,53.71,29.0,55.73,34.0,54.72,58.45,1.0,0.3837,-0.9589,0.0031,-0.0483,0.0656,-0.1608,2026-06-18,377.915,381.36,373.32,379.08,1.164157e6,377.639978
2026-06-18T20:31:17.854,14,14,MSFT260702P00440000,MSFT,2026-07-02,put,440.0,59.07,44.0,60.77,42.0,59.92,63.1,3.0,0.4395,-0.9495,0.0032,-0.0798,0.0774,-0.1614,2026-06-18,377.915,381.36,373.32,379.08,1.164157e6,377.639978
2026-06-18T20:31:17.854,14,14,MSFT260702P00445000,MSFT,2026-07-02,put,445.0,63.43,162.0,67.43,30.0,65.43,67.85,1.0,0.5252,-0.9288,0.0035,-0.1485,0.1013,-0.1605,2026-06-18,377.915,381.36,373.32,379.08,1.164157e6,377.639978
2026-06-18T20:31:17.854,14,14,MSFT260702P00450000,MSFT,2026-07-02,put,450.0,69.57,125.0,72.86,33.0,71.215,70.5,1.0,0.624,-0.9046,0.0037,-0.2402,0.1263,-0.1592,2026-06-18,377.915,381.36,373.32,379.08,1.164157e6,377.639978
2026-06-18T20:31:17.854,14,14,MSFT260702P00455000,MSFT,2026-07-02,put,455.0,73.27,41.0,75.88,24.0,74.57499999999999,79.0,8.0,0.4624,-0.9729,0.0018,-0.0329,0.0466,-0.1705,2026-06-18,377.915,381.36,373.32,379.08,1.164157e6,377.639978
2026-06-18T20:31:17.854,14,14,MSFT260702P00460000,MSFT,2026-07-02,put,460.0,79.15,16.0,82.32,1.0,80.735,74.43,1.0,0.6415,-0.9256,0.0029,-0.197,0.1047,-0.1659,2026-06-18,377.915,381.36,373.32,379.08,1.164157e6,377.639978
2026-06-18T20:31:17.854,14,14,MSFT260702P00465000,MSFT,2026-07-02,put,465.0,84.81,17.0,86.56,24.0,85.685,73.93,1.0,0.6647,-0.9295,0.0027,-0.1951,0.1005,-0.1684,2026-06-18,377.915,381.36,373.32,379.08,1.164157e6,377.639978
2026-06-18T20:31:17.854,14,14,MSFT260702P00470000,MSFT,2026-07-02,put,470.0,90.25,26.0,91.19,10.0,90.72,72.81,1.0,0.6958,-0.9304,0.0026,-0.2032,0.0995,-0.1705,2026-06-18,377.915,381.36,373.32,379.08,1.164157e6,377.639978
2026-06-18T20:31:17.854,14,14,MSFT260702P00475000,MSFT,2026-07-02,put,475.0,95.31,28.0,98.16,23.0,96.735,94.57,1.0,0.8136,-0.9049,0.0028,-0.3223,0.126,-0.169,2026-06-18,377.915,381.36,373.32,379.08,1.164157e6,377.639978
2026-06-18T20:31:17.854,14,14,MSFT260702P00480000,MSFT,2026-07-02,put,480.0,96.94,23.0,101.94,22.0,99.44,91.53,12.0,0.5466,-0.9827,0.0011,-0.0154,0.0319,-0.1814,2026-06-18,377.915,381.36,373.32,379.08,1.164157e6,377.639978
2026-06-18T20:31:17.854,14,14,MSFT260702P00485000,MSFT,2026-07-02,put,485.0,105.06,21.0,105.84,20.0,105.45,82.13,2.0,0.7455,-0.9436,0.002,-0.1788,0.0844,-0.178,2026-06-18,377.915,381.36,373.32,379.08,1.164157e6,377.639978
2026-06-18T20:31:17.854,14,14,MSFT260702P00490000,MSFT,2026-07-02,put,490.0,108.37,29.0,110.96,22.0,109.66499999999999,87.85,1.0,0.6496,-0.9726,0.0013,-0.0613,0.0469,-0.1839,2026-06-18,377.915,381.36,373.32,379.08,1.164157e6,377.639978
2026-06-18T20:31:17.854,14,14,MSFT260702P00495000,MSFT,2026-07-02,put,495.0,112.52,26.0,115.44,16.0,113.97999999999999,63.6,1.0,,,,,,,2026-06-18,377.915,381.36,373.32,379.08,1.164157e6,377.639978
2026-06-18T20:31:17.854,14,14,MSFT260702P00500000,MSFT,2026-07-02,put,500.0,118.88,24.0,124.2,11.0,121.53999999999999,57.35,1.0,0.9336,-0.9192,0.0022,-0.325,0.1115,-0.1806,2026-06-18,377.915,381.36,373.32,379.08,1.164157e6,377.639978
2026-06-18T20:31:17.854,14,14,MSFT260702P00505000,MSFT,2026-07-02,put,505.0,124.2,31.0,127.25,23.0,125.725,,,0.8771,-0.9405,0.0018,-0.2279,0.088,-0.1854,2026-06-18,377.915,381.36,373.32,379.08,1.164157e6,377.639978
2026-06-18T20:31:17.854,14,14,MSFT260702P00510000,MSFT,2026-07-02,put,510.0,129.91,24.0,132.83,22.0,131.37,81.95,1.0,0.9688,-0.926,0.0019,-0.313,0.1043,-0.1854,2026-06-18,377.915,381.36,373.32,379.08,1.164157e6,377.639978
2026-06-18T20:31:17.854,14,14,MSFT260702P00515000,MSFT,2026-07-02,put,515.0,133.76,20.0,139.16,22.0,136.45999999999998,87.45,1.0,,,,,,,2026-06-18,377.915,381.36,373.32,379.08,1.164157e6,377.639978
2026-06-18T20:31:17.854,14,14,MSFT260702P00520000,MSFT,2026-07-02,put,520.0,136.66,17.0,140.22,16.0,138.44,139.19,11.0,,,,,,,2026-06-18,377.915,381.36,373.32,379.08,1.164157e6,377.639978
2026-06-18T20:31:17.854,14,14,MSFT260702P00525000,MSFT,2026-07-02,put,525.0,144.27,20.0,147.57,22.0,145.92000000000002,137.85,1.0,0.9948,-0.9397,0.0016,-0.2662,0.089,-0.193,2026-06-18,377.915,381.36,373.32,379.08,1.164157e6,377.639978
2026-06-18T20:31:17.854,14,14,MSFT260702P00530000,MSFT,2026-07-02,put,530.0,146.69,19.0,153.89,23.0,150.29,,,0.9376,-0.9564,0.0013,-0.1793,0.0688,-0.1971,2026-06-18,377.915,381.36,373.32,379.08,1.164157e6,377.639978
2026-06-18T20:31:17.854,14,14,MSFT260702P00535000,MSFT,2026-07-02,put,535.0,156.59,24.0,157.54,22.0,157.065,,,,,,,,,2026-06-18,377.915,381.36,373.32,379.08,1.164157e6,377.639978
2026-06-18T20:31:17.854,14,14,MSFT260702P00540000,MSFT,2026-07-02,put,540.0,161.83,24.0,165.28,22.0,163.555,166.72,1.0,,,,,,,2026-06-18,377.915,381.36,373.32,379.08,1.164157e6,377.639978
2026-06-18T20:31:17.854,14,14,MSFT260702P00545000,MSFT,2026-07-02,put,545.0,163.37,20.0,169.25,10.0,166.31,148.43,1.0,,,,,,,2026-06-18,377.915,381.36,373.32,379.08,1.164157e6,377.639978
2026-06-18T20:31:17.854,14,14,MSFT260702P00550000,MSFT,2026-07-02,put,550.0,165.37,31.0,174.55,20.0,169.96,,,,,,,,,2026-06-18,377.915,381.36,373.32,379.08,1.164157e6,377.639978
2026-06-18T20:31:17.854,14,14,MSFT260702P00555000,MSFT,2026-07-02,put,555.0,170.73,16.0,175.3,23.0,173.015,173.61,1.0,,,,,,,2026-06-18,377.915,381.36,373.32,379.08,1.164157e6,377.639978
2026-06-18T20:31:17.854,14,14,MSFT260702P00560000,MSFT,2026-07-02,put,560.0,176.97,29.0,183.31,17.0,180.14,,,,,,,,,2026-06-18,377.915,381.36,373.32,379.08,1.164157e6,377.639978
2026-06-18T20:31:17.854,30,29,MSFT260717C00215000,MSFT,2026-07-17,call,215.0,163.72,60.0,169.29,1.0,166.505,175.2,1.0,,,,,,,2026-06-18,377.915,381.36,373.32,379.08,1.164157e6,377.639978
2026-06-18T20:31:17.854,30,29,MSFT260717C00220000,MSFT,2026-07-17,call,220.0,158.67,52.0,163.45,61.0,161.06,166.05,1.0,,,,,,,2026-06-18,377.915,381.36,373.32,379.08,1.164157e6,377.639978
2026-06-18T20:31:17.854,30,29,MSFT260717C00225000,MSFT,2026-07-17,call,225.0,150.56,1.0,154.36,1.0,152.46,164.54,2.0,,,,,,,2026-06-18,377.915,381.36,373.32,379.08,1.164157e6,377.639978
2026-06-18T20:31:17.854,30,29,MSFT260717C00230000,MSFT,2026-07-17,call,230.0,149.38,1.0,153.95,2.0,151.665,174.24,1.0,,,,,,,2026-06-18,377.915,381.36,373.32,379.08,1.164157e6,377.639978
2026-06-18T20:31:17.854,30,29,MSFT260717C00235000,MSFT,2026-07-17,call,235.0,143.05,49.0,147.17,66.0,145.11,154.39,2.0,,,,,,,2026-06-18,377.915,381.36,373.32,379.08,1.164157e6,377.639978
2026-06-18T20:31:17.854,30,29,MSFT260717C00240000,MSFT,2026-07-17,call,240.0,139.4,1.0,140.8,1.0,140.10000000000002,148.62,2.0,,,,,,,2026-06-18,377.915,381.36,373.32,379.08,1.164157e6,377.639978
2026-06-18T20:31:17.854,30,29,MSFT260717C00245000,MSFT,2026-07-17,call,245.0,132.0,60.0,135.3,66.0,133.65,141.04,2.0,,,,,,,2026-06-18,377.915,381.36,373.32,379.08,1.164157e6,377.639978
2026-06-18T20:31:17.854,30,29,MSFT260717C00250000,MSFT,2026-07-17,call,250.0,129.77,1.0,130.02,2.0,129.895,131.12,100.0,,,,,,,2026-06-18,377.915,381.36,373.32,379.08,1.164157e6,377.639978
2026-06-18T20:31:17.854,30,29,MSFT260717C00255000,MSFT,2026-07-17,call,255.0,125.73,1.0,126.33,1.0,126.03,133.86,2.0,0.6015,0.993,0.0003,-0.0467,0.0209,0.1998,2026-06-18,377.915,381.36,373.32,379.08,1.164157e6,377.639978
2026-06-18T20:31:17.854,30,29,MSFT260717C00260000,MSFT,2026-07-17,call,260.0,117.24,59.0,120.74,60.0,118.99,144.0,2.0,,,,,,,2026-06-18,377.915,381.36,373.32,379.08,1.164157e6,377.639978
2026-06-18T20:31:17.854,30,29,MSFT260717C00265000,MSFT,2026-07-17,call,265.0,111.95,1.0,117.78,1.0,114.86500000000001,125.3,2.0,,,,,,,2026-06-18,377.915,381.36,373.32,379.08,1.164157e6,377.639978
2026-06-18T20:31:17.854,30,29,MSFT260717C00270000,MSFT,2026-07-17,call,270.0,109.54,1.0,111.16,3.0,110.35,118.74,2.0,,,,,,,2026-06-18,377.915,381.36,373.32,379.08,1.164157e6,377.639978
2026-06-18T20:31:17.854,30,29,MSFT260717C00275000,MSFT,2026-07-17,call,275.0,104.8,46.0,105.72,61.0,105.25999999999999,113.67,2.0,,,,,,,2026-06-18,377.915,381.36,373.32,379.08,1.164157e6,377.639978
2026-06-18T20:31:17.854,30,29,MSFT260717C00280000,MSFT,2026-07-17,call,280.0,99.54,1.0,103.98,1.0,101.76,98.6,1.0,0.6108,0.9699,0.001,-0.1036,0.0732,0.2121,2026-06-18,377.915,381.36,373.32,379.08,1.164157e6,377.639978
2026-06-18T20:31:17.854,30,29,MSFT260717C00285000,MSFT,2026-07-17,call,285.0,93.55,44.0,98.6,61.0,96.07499999999999,119.85,2.0,0.4329,0.9928,0.0004,-0.044,0.0215,0.2235,2026-06-18,377.915,381.36,373.32,379.08,1.164157e6,377.639978
2026-06-18T20:31:17.854,30,29,MSFT260717C00290000,MSFT,2026-07-17,call,290.0,89.07,70.0,91.69,64.0,90.38,88.7,7.0,,,,,,,2026-06-18,377.915,381.36,373.32,379.08,1.164157e6,377.639978
2026-06-18T20:31:17.854,30,29,MSFT260717C00295000,MSFT,2026-07-17,call,295.0,82.48,14.0,86.17,1.0,84.325,97.04,1.0,,,,,,,2026-06-18,377.915,381.36,373.32,379.08,1.164157e6,377.639978
2026-06-18T20:31:17.854,30,29,MSFT260717C00300000,MSFT,2026-07-17,call,300.0,79.72,71.0,84.35,148.0,82.035,79.39,4.0,0.5175,0.9569,0.0017,-0.1156,0.0981,0.2238,2026-06-18,377.915,381.36,373.32,379.08,1.164157e6,377.639978
2026-06-18T20:31:17.854,30,29,MSFT260717C00305000,MSFT,2026-07-17,call,305.0,75.02,10.0,77.39,2.0,76.205,83.74,2.0,0.365,0.9868,0.0009,-0.0526,0.0363,0.2375,2026-06-18,377.915,381.36,373.32,379.08,1.164157e6,377.639978
2026-06-18T20:31:17.854,30,29,MSFT260717C00310000,MSFT,2026-07-17,call,310.0,69.84,19.0,74.31,36.0,72.075,67.0,1.0,0.4599,0.9516,0.002,-0.1142,0.1077,0.2301,2026-06-18,377.915,381.36,373.32,379.08,1.164157e6,377.639978
2026-06-18T20:31:17.854,30,29,MSFT260717C00315000,MSFT,2026-07-17,call,315.0,64.319,11.0,68.77,46.0,66.5445,68.0,2.0,0.3728,0.9692,0.0017,-0.078,0.0746,0.2398,2026-06-18,377.915,381.36,373.32,379.08,1.164157e6,377.639978
2026-06-18T20:31:17.854,30,29,MSFT260717C00320000,MSFT,2026-07-17,call,320.0,60.92,33.0,62.41,22.0,61.665,65.31,1.0,0.3596,0.9623,0.0021,-0.0848,0.088,0.2416,2026-06-18,377.915,381.36,373.32,379.08,1.164157e6,377.639978
2026-06-18T20:31:17.854,30,29,MSFT260717C00325000,MSFT,2026-07-17,call,325.0,54.12,33.0,58.28,49.0,56.2,61.42,1.0,0.2572,0.9874,0.0012,-0.0473,0.035,0.2536,2026-06-18,377.915,381.36,373.32,379.08,1.164157e6,377.639978
2026-06-18T20:31:17.854,30,29,MSFT260717C00330000,MSFT,2026-07-17,call,330.0,49.73,43.0,54.54,86.0,52.135,50.7,2.0,0.345,0.9373,0.0033,-0.1088,0.1321,0.2417,2026-06-18,377.915,381.36,373.32,379.08,1.164157e6,377.639978
2026-06-18T20:31:17.854,30,29,MSFT260717C00335000,MSFT,2026-07-17,call,335.0,45.4,15.0,48.97,20.0,47.185,45.53,1.0,0.3191,0.9309,0.0039,-0.1088,0.1424,0.2437,2026-06-18,377.915,381.36,373.32,379.08,1.164157e6,377.639978
2026-06-18T20:31:17.854,30,29,MSFT260717C00340000,MSFT,2026-07-17,call,340.0,40.98,76.0,44.65,96.0,42.815,41.7,3.0,0.3267,0.9013,0.005,-0.1347,0.1862,0.2382,2026-06-18,377.915,381.36,373.32,379.08,1.164157e6,377.639978
2026-06-18T20:31:17.854,30,29,MSFT260717C00345000,MSFT,2026-07-17,call,345.0,37.26,28.0,39.96,33.0,38.61,39.0,8.0,0.3321,0.8673,0.006,-0.1606,0.2299,0.2313,2026-06-18,377.915,381.36,373.32,379.08,1.164157e6,377.639978
2026-06-18T20:31:17.854,30,29,MSFT260717C00350000,MSFT,2026-07-17,call,350.0,32.6,62.0,35.7,113.0,34.150000000000006,33.78,1.0,0.3194,0.8401,0.0071,-0.1719,0.2607,0.2266,2026-06-18,377.915,381.36,373.32,379.08,1.164157e6,377.639978
2026-06-18T20:31:17.854,30,29,MSFT260717C00355000,MSFT,2026-07-17,call,355.0,28.09,65.0,31.06,106.0,29.575,31.0,1.0,0.2987,0.813,0.0084,-0.1761,0.2879,0.2221,2026-06-18,377.915,381.36,373.32,379.08,1.164157e6,377.639978
2026-06-18T20:31:17.854,30,29,MSFT260717C00360000,MSFT,2026-07-17,call,360.0,24.89,15.0,25.86,31.0,25.375,24.95,2.0,0.2867,0.7732,0.0098,-0.1863,0.3228,0.2134,2026-06-18,377.915,381.36,373.32,379.08,1.164157e6,377.639978
2026-06-18T20:31:17.854,30,29,MSFT260717C00365000,MSFT,2026-07-17,call,365.0,21.42,91.0,22.48,127.0,21.950000000000003,20.99,1.0,0.2913,0.7161,0.0109,-0.2073,0.3631,0.1988,2026-06-18,377.915,381.36,373.32,379.08,1.164157e6,377.639978
2026-06-18T20:31:17.854,30,29,MSFT260717C00370000,MSFT,2026-07-17,call,370.0,18.63,1.0,19.37,71.0,19.0,18.92,1.0,0.2996,0.6541,0.0115,-0.227,0.3951,0.1825,2026-06-18,377.915,381.36,373.32,379.08,1.164157e6,377.639978
2026-06-18T20:31:17.854,30,29,MSFT260717C00375000,MSFT,2026-07-17,call,375.0,15.13,15.0,15.98,41.0,15.555,15.8,1.0,0.2877,0.5964,0.0126,-0.2268,0.4149,0.1678,2026-06-18,377.915,381.36,373.32,379.08,1.164157e6,377.639978
2026-06-18T20:31:17.854,30,29,MSFT260717C00380000,MSFT,2026-07-17,call,380.0,12.66,39.0,13.23,127.0,12.945,13.2,1.0,0.2887,0.5321,0.0129,-0.2309,0.4261,0.1504,2026-06-18,377.915,381.36,373.32,379.08,1.164157e6,377.639978
2026-06-18T20:31:17.854,30,29,MSFT260717C00385000,MSFT,2026-07-17,call,385.0,10.23,16.0,10.78,156.0,10.504999999999999,10.78,2.0,0.2862,0.4676,0.013,-0.2268,0.4261,0.1329,2026-06-18,377.915,381.36,373.32,379.08,1.164157e6,377.639978
2026-06-18T20:31:17.854,30,29,MSFT260717C00390000,MSFT,2026-07-17,call,390.0,8.75,10.0,8.83,6.0,8.79,8.83,3.0,0.2934,0.4077,0.0123,-0.225,0.416,0.1162,2026-06-18,377.915,381.36,373.32,379.08,1.164157e6,377.639978
2026-06-18T20:31:17.854,30,29,MSFT260717C00395000,MSFT,2026-07-17,call,395.0,7.17,1.0,7.24,86.0,7.205,7.24,1.0,0.2971,0.3514,0.0117,-0.2162,0.3975,0.1004,2026-06-18,377.915,381.36,373.32,379.08,1.164157e6,377.639978
2026-06-18T20:31:17.854,30,29,MSFT260717C00400000,MSFT,2026-07-17,call,400.0,5.78,5.0,5.84,97.0,5.8100000000000005,5.8,5.0,0.2991,0.2988,0.0108,-0.2025,0.3719,0.0856,2026-06-18,377.915,381.36,373.32,379.08,1.164157e6,377.639978
2026-06-18T20:31:17.854,30,29,MSFT260717C00405000,MSFT,2026-07-17,call,405.0,4.68,36.0,4.93,54.0,4.805,4.8,13.0,0.3056,0.255,0.0098,-0.1905,0.3441,0.0732,2026-06-18,377.915,381.36,373.32,379.08,1.164157e6,377.639978
2026-06-18T20:31:17.854,30,29,MSFT260717C00410000,MSFT,2026-07-17,call,410.0,3.82,2.0,3.92,34.0,3.87,3.9,2.0,0.3088,0.2142,0.0088,-0.174,0.3124,0.0616,2026-06-18,377.915,381.36,373.32,379.08,1.164157e6,377.639978
2026-06-18T20:31:17.854,30,29,MSFT260717C00415000,MSFT,2026-07-17,call,415.0,3.07,36.0,3.2,60.0,3.135,3.2,2.0,0.3131,0.1795,0.0078,-0.158,0.2807,0.0517,2026-06-18,377.915,381.36,373.32,379.08,1.164157e6,377.639978
2026-06-18T20:31:17.854,30,29,MSFT260717C00420000,MSFT,2026-07-17,call,420.0,2.54,20.0,2.72,23.0,2.63,2.55,1.0,0.3212,0.1529,0.0069,-0.1456,0.253,0.0441,2026-06-18,377.915,381.36,373.32,379.08,1.164157e6,377.639978
2026-06-18T20:31:17.854,30,29,MSFT260717C00425000,MSFT,2026-07-17,call,425.0,1.94,37.0,2.24,62.0,2.09,2.12,1.0,0.3236,0.126,0.006,-0.1283,0.2218,0.0364,2026-06-18,377.915,381.36,373.32,379.08,1.164157e6,377.639978
2026-06-18T20:31:17.854,30,29,MSFT260717C00430000,MSFT,2026-07-17,call,430.0,1.75,42.0,1.83,1.0,1.79,1.81,1.0,0.333,0.1084,0.0052,-0.1184,0.1993,0.0313,2026-06-18,377.915,381.36,373.32,379.08,1.164157e6,377.639978
2026-06-18T20:31:17.854,30,29,MSFT260717C00435000,MSFT,2026-07-17,call,435.0,1.5,1.0,1.58,389.0,1.54,1.54,1.0,0.3422,0.0935,0.0046,-0.109,0.179,0.027,2026-06-18,377.915,381.36,373.32,379.08,1.164157e6,377.639978
2026-06-18T20:31:17.854,30,29,MSFT260717C00440000,MSFT,2026-07-17,call,440.0,1.28,40.0,1.36,45.0,1.32,1.34,2.0,0.3505,0.0805,0.004,-0.0997,0.1601,0.0233,2026-06-18,377.915,381.36,373.32,379.08,1.164157e6,377.639978
2026-06-18T20:31:17.854,30,29,MSFT260717C00445000,MSFT,2026-07-17,call,445.0,1.08,71.0,1.17,73.0,1.125,1.15,1.0,0.3579,0.0691,0.0035,-0.0904,0.1425,0.02,2026-06-18,377.915,381.36,373.32,379.08,1.164157e6,377.639978
2026-06-18T20:31:17.854,30,29,MSFT260717C00450000,MSFT,2026-07-17,call,450.0,0.92,41.0,0.98,50.0,0.95,0.98,5.0,0.3642,0.0589,0.003,-0.0812,0.1259,0.017,2026-06-18,377.915,381.36,373.32,379.08,1.164157e6,377.639978
2026-06-18T20:31:17.854,30,29,MSFT260717C00455000,MSFT,2026-07-17,call,455.0,0.86,1.0,0.95,98.0,0.905,0.89,1.0,0.3792,0.0547,0.0027,-0.0795,0.1186,0.0158,2026-06-18,377.915,381.36,373.32,379.08,1.164157e6,377.639978
2026-06-18T20:31:17.854,30,29,MSFT260717C00460000,MSFT,2026-07-17,call,460.0,0.78,11.0,0.8,115.0,0.79,0.8,1.0,0.3871,0.0478,0.0024,-0.0729,0.1066,0.0138,2026-06-18,377.915,381.36,373.32,379.08,1.164157e6,377.639978
2026-06-18T20:31:17.854,30,29,MSFT260717C00465000,MSFT,2026-07-17,call,465.0,0.61,42.0,0.74,10.0,0.675,0.72,2.0,0.393,0.0411,0.0021,-0.0655,0.0945,0.0119,2026-06-18,377.915,381.36,373.32,379.08,1.164157e6,377.639978
2026-06-18T20:31:17.854,30,29,MSFT260717C00470000,MSFT,2026-07-17,call,470.0,0.58,59.0,0.7,236.0,0.6399999999999999,0.66,1.0,0.406,0.0382,0.0019,-0.0637,0.089,0.011,2026-06-18,377.915,381.36,373.32,379.08,1.164157e6,377.639978
2026-06-18T20:31:17.854,30,29,MSFT260717C00475000,MSFT,2026-07-17,call,475.0,0.52,56.0,0.66,319.0,0.5900000000000001,0.59,20.0,0.4165,0.0348,0.0017,-0.0605,0.0825,0.0101,2026-06-18,377.915,381.36,373.32,379.08,1.164157e6,377.639978
2026-06-18T20:31:17.854,30,29,MSFT260717C00480000,MSFT,2026-07-17,call,480.0,0.48,1.0,0.58,104.0,0.53,0.52,1.0,0.4248,0.0312,0.0015,-0.0562,0.0753,0.009,2026-06-18,377.915,381.36,373.32,379.08,1.164157e6,377.639978
2026-06-18T20:31:17.854,30,29,MSFT260717C00485000,MSFT,2026-07-17,call,485.0,0.41,41.0,0.48,22.0,0.44499999999999995,0.48,1.0,0.4281,0.0265,0.0013,-0.0496,0.0658,0.0077,2026-06-18,377.915,381.36,373.32,379.08,1.164157e6,377.639978
2026-06-18T20:31:17.854,30,29,MSFT260717C00490000,MSFT,2026-07-17,call,490.0,0.41,28.0,0.5,172.0,0.45499999999999996,0.48,100.0,0.4447,0.0262,0.0013,-0.0509,0.0651,0.0076,2026-06-18,377.915,381.36,373.32,379.08,1.164157e6,377.639978
2026-06-18T20:31:17.854,30,29,MSFT260717C00495000,MSFT,2026-07-17,call,495.0,0.34,117.0,0.43,234.0,0.385,0.4,1.0,0.4479,0.0225,0.0011,-0.045,0.0572,0.0065,2026-06-18,377.915,381.36,373.32,379.08,1.164157e6,377.639978
2026-06-18T20:31:17.854,30,29,MSFT260717C00500000,MSFT,2026-07-17,call,500.0,0.37,10.0,0.41,6.0,0.39,0.37,10.0,0.463,0.0221,0.0011,-0.0458,0.0564,0.0064,2026-06-18,377.915,381.36,373.32,379.08,1.164157e6,377.639978
2026-06-18T20:31:17.854,30,29,MSFT260717C00505000,MSFT,2026-07-17,call,505.0,0.25,41.0,0.37,125.0,0.31,0.34,2.0,0.4615,0.018,0.0009,-0.0385,0.0475,0.0052,2026-06-18,377.915,381.36,373.32,379.08,1.164157e6,377.639978
2026-06-18T20:31:17.854,30,29,MSFT260717C00510000,MSFT,2026-07-17,call,510.0,0.29,71.0,0.38,451.0,0.33499999999999996,0.35,1.0,0.4803,0.0187,0.0009,-0.0412,0.049,0.0054,2026-06-18,377.915,381.36,373.32,379.08,1.164157e6,377.639978
2026-06-18T20:31:17.854,30,29,MSFT260717C00515000,MSFT,2026-07-17,call,515.0,0.24,34.0,0.43,91.0,0.33499999999999996,0.23,1.0,0.4938,0.0183,0.0008,-0.0415,0.048,0.0052,2026-06-18,377.915,381.36,373.32,379.08,1.164157e6,377.639978
2026-06-18T20:31:17.854,30,29,MSFT260717C00520000,MSFT,2026-07-17,call,520.0,0.23,2.0,0.32,13.0,0.275,0.29,1.0,0.4934,0.0153,0.0007,-0.0357,0.0413,0.0044,2026-06-18,377.915,381.36,373.32,379.08,1.164157e6,377.639978
2026-06-18T20:31:17.854,30,29,MSFT260717C00525000,MSFT,2026-07-17,call,525.0,0.2,70.0,0.29,113.0,0.245,0.27,1.0,0.4985,0.0137,0.0007,-0.0327,0.0375,0.0039,2026-06-18,377.915,381.36,373.32,379.08,1.164157e6,377.639978
2026-06-18T20:31:17.854,30,29,MSFT260717C00530000,MSFT,2026-07-17,call,530.0,0.17,49.0,0.27,45.0,0.22000000000000003,0.24,1.0,0.504,0.0123,0.0006,-0.0301,0.0342,0.0035,2026-06-18,377.915,381.36,373.32,379.08,1.164157e6,377.639978
2026-06-18T20:31:17.854,30,29,MSFT260717C00535000,MSFT,2026-07-17,call,535.0,0.09,243.0,0.3,145.0,0.195,0.12,10.0,0.5084,0.0109,0.0005,-0.0275,0.0309,0.0031,2026-06-18,377.915,381.36,373.32,379.08,1.164157e6,377.639978
2026-06-18T20:31:17.854,30,29,MSFT260717C00540000,MSFT,2026-07-17,call,540.0,0.2,13.0,0.28,106.0,0.24000000000000002,0.25,1.0,0.5341,0.0126,0.0006,-0.0327,0.035,0.0036,2026-06-18,377.915,381.36,373.32,379.08,1.164157e6,377.639978
2026-06-18T20:31:17.854,30,29,MSFT260717C00545000,MSFT,2026-07-17,call,545.0,0.07,153.0,0.26,55.0,0.165,0.24,1.0,0.5215,0.0092,0.0004,-0.0242,0.0265,0.0026,2026-06-18,377.915,381.36,373.32,379.08,1.164157e6,377.639978
2026-06-18T20:31:17.854,30,29,MSFT260717C00550000,MSFT,2026-07-17,call,550.0,0.09,241.0,0.38,325.0,0.235,0.31,1.0,0.5565,0.012,0.0005,-0.0325,0.0334,0.0034,2026-06-18,377.915,381.36,373.32,379.08,1.164157e6,377.639978
2026-06-18T20:31:17.854,30,29,MSFT260717C00555000,MSFT,2026-07-17,call,555.0,0.01,185.0,0.27,147.0,0.14,0.15,1.0,0.5339,0.0078,0.0004,-0.0213,0.0229,0.0022,2026-06-18,377.915,381.36,373.32,379.08,1.164157e6,377.639978
2026-06-18T20:31:17.854,30,29,MSFT260717C00560000,MSFT,2026-07-17,call,560.0,0.0,0.0,1.08,296.0,0.54,0.17,52.0,,,,,,,2026-06-18,377.915,381.36,373.32,379.08,1.164157e6,377.639978
2026-06-18T20:31:17.854,30,29,MSFT260717C00565000,MSFT,2026-07-17,call,565.0,0.01,288.0,0.78,340.0,0.395,0.12,1.0,0.6326,0.0171,0.0006,-0.0502,0.0455,0.0049,2026-06-18,377.915,381.36,373.32,379.08,1.164157e6,377.639978
2026-06-18T20:31:17.854,30,29,MSFT260717C00570000,MSFT,2026-07-17,call,570.0,0.12,29.0,0.42,135.0,0.27,0.1,8.0,0.6129,0.0125,0.0005,-0.0371,0.0347,0.0036,2026-06-18,377.915,381.36,373.32,379.08,1.164157e6,377.639978
2026-06-18T20:31:17.854,30,29,MSFT260717C00575000,MSFT,2026-07-17,call,575.0,0.03,280.0,0.99,342.0,0.51,0.07,12.0,0.6799,0.0203,0.0007,-0.0622,0.0525,0.0057,2026-06-18,377.915,381.36,373.32,379.08,1.164157e6,377.639978
2026-06-18T20:31:17.854,30,29,MSFT260717C00580000,MSFT,2026-07-17,call,580.0,0.12,1.0,0.41,142.0,0.265,0.14,1.0,0.6339,0.0119,0.0005,-0.0368,0.0333,0.0034,2026-06-18,377.915,381.36,373.32,379.08,1.164157e6,377.639978
2026-06-18T20:31:17.854,30,29,MSFT260717C00585000,MSFT,2026-07-17,call,585.0,0.0,0.0,1.15,559.0,0.575,0.31,1.0,,,,,,,2026-06-18,377.915,381.36,373.32,379.08,1.164157e6,377.639978
2026-06-18T20:31:17.854,30,29,MSFT260717C00590000,MSFT,2026-07-17,call,590.0,0.0,0.0,0.84,293.0,0.42,0.15,1.0,,,,,,,2026-06-18,377.915,381.36,373.32,379.08,1.164157e6,377.639978
2026-06-18T20:31:17.854,30,29,MSFT260717C00595000,MSFT,2026-07-17,call,595.0,0.0,0.0,0.2,200.0,0.1,0.13,1.0,,,,,,,2026-06-18,377.915,381.36,373.32,379.08,1.164157e6,377.639978
2026-06-18T20:31:17.854,30,29,MSFT260717C00600000,MSFT,2026-07-17,call,600.0,0.05,3.0,0.11,19.0,0.08,0.1,1.0,0.5925,0.0042,0.0002,-0.0138,0.0134,0.0012,2026-06-18,377.915,381.36,373.32,379.08,1.164157e6,377.639978
2026-06-18T20:31:17.854,30,29,MSFT260717C00620000,MSFT,2026-07-17,call,620.0,0.03,1.0,0.15,44.0,0.09,0.07,20.0,0.6374,0.0044,0.0002,-0.0155,0.0139,0.0013,2026-06-18,377.915,381.36,373.32,379.08,1.164157e6,377.639978
2026-06-18T20:31:17.854,30,29,MSFT260717C00640000,MSFT,2026-07-17,call,640.0,0.0,0.0,0.06,10.0,0.03,0.06,1.0,,,,,,,2026-06-18,377.915,381.36,373.32,379.08,1.164157e6,377.639978
2026-06-18T20:31:17.854,30,29,MSFT260717C00660000,MSFT,2026-07-17,call,660.0,0.01,1.0,0.37,15.0,0.19,0.18,1.0,,,,,,,2026-06-18,377.915,381.36,373.32,379.08,1.164157e6,377.639978
2026-06-18T20:31:17.854,30,29,MSFT260717C00680000,MSFT,2026-07-17,call,680.0,0.04,50.0,0.07,14.0,0.05500000000000001,0.04,25.0,0.7083,0.0026,0.0001,-0.0105,0.0085,0.0007,2026-06-18,377.915,381.36,373.32,379.08,1.164157e6,377.639978
2026-06-18T20:31:17.854,30,29,MSFT260717C00700000,MSFT,2026-07-17,call,700.0,0.0,0.0,0.11,18.0,0.055,0.04,5.0,,,,,,,2026-06-18,377.915,381.36,373.32,379.08,1.164157e6,377.639978
2026-06-18T20:31:17.854,30,29,MSFT260717C00720000,MSFT,2026-07-17,call,720.0,0.0,0.0,0.07,3.0,0.035,0.03,1.0,,,,,,,2026-06-18,377.915,381.36,373.32,379.08,1.164157e6,377.639978
2026-06-18T20:31:17.854,30,29,MSFT260717P00215000,MSFT,2026-07-17,put,215.0,0.0,0.0,0.02,1.0,0.01,0.02,20.0,,,,,,,2026-06-18,377.915,381.36,373.32,379.08,1.164157e6,377.639978
2026-06-18T20:31:17.854,30,29,MSFT260717P00220000,MSFT,2026-07-17,put,220.0,0.01,10.0,0.1,19.0,0.055,0.06,3.0,0.7137,-0.0023,0.0001,-0.0094,0.0077,-0.0007,2026-06-18,377.915,381.36,373.32,379.08,1.164157e6,377.639978
2026-06-18T20:31:17.854,30,29,MSFT260717P00225000,MSFT,2026-07-17,put,225.0,0.01,1.0,0.08,23.0,0.045,0.05,1.0,0.6731,-0.002,0.0001,-0.0079,0.0069,-0.0006,2026-06-18,377.915,381.36,373.32,379.08,1.164157e6,377.639978
2026-06-18T20:31:17.854,30,29,MSFT260717P00230000,MSFT,2026-07-17,put,230.0,0.01,10.0,0.18,111.0,0.095,0.05,2.0,0.6991,-0.0039,0.0002,-0.0147,0.0123,-0.0012,2026-06-18,377.915,381.36,373.32,379.08,1.164157e6,377.639978
2026-06-18T20:31:17.854,30,29,MSFT260717P00235000,MSFT,2026-07-17,put,235.0,0.01,1.0,0.08,82.0,0.045,0.05,1.0,0.6214,-0.0022,0.0001,-0.0078,0.0074,-0.0007,2026-06-18,377.915,381.36,373.32,379.08,1.164157e6,377.639978
2026-06-18T20:31:17.854,30,29,MSFT260717P00240000,MSFT,2026-07-17,put,240.0,0.06,10.0,0.31,82.0,0.185,0.14,1.0,0.6977,-0.0071,0.0003,-0.0252,0.0212,-0.0023,2026-06-18,377.915,381.36,373.32,379.08,1.164157e6,377.639978
2026-06-18T20:31:17.854,30,29,MSFT260717P00245000,MSFT,2026-07-17,put,245.0,0.0,0.0,1.0,329.0,0.5,0.05,1.0,,,,,,,2026-06-18,377.915,381.36,373.32,379.08,1.164157e6,377.639978
2026-06-18T20:31:17.854,30,29,MSFT260717P00250000,MSFT,2026-07-17,put,250.0,0.03,10.0,0.12,5.0,0.075,0.06,2.0,0.5775,-0.0038,0.0002,-0.0118,0.012,-0.0012,2026-06-18,377.915,381.36,373.32,379.08,1.164157e6,377.639978
2026-06-18T20:31:17.854,30,29,MSFT260717P00255000,MSFT,2026-07-17,put,255.0,0.0,0.0,0.23,118.0,0.115,0.08,2.0,,,,,,,2026-06-18,377.915,381.36,373.32,379.08,1.164157e6,377.639978
2026-06-18T20:31:17.854,30,29,MSFT260717P00260000,MSFT,2026-07-17,put,260.0,0.0,0.0,0.59,248.0,0.295,0.1,1.0,,,,,,,2026-06-18,377.915,381.36,373.32,379.08,1.164157e6,377.639978
2026-06-18T20:31:17.854,30,29,MSFT260717P00265000,MSFT,2026-07-17,put,265.0,0.0,0.0,0.27,413.0,0.135,0.1,1.0,,,,,,,2026-06-18,377.915,381.36,373.32,379.08,1.164157e6,377.639978
2026-06-18T20:31:17.854,30,29,MSFT260717P00270000,MSFT,2026-07-17,put,270.0,0.0,0.0,0.84,306.0,0.42,0.11,1.0,,,,,,,2026-06-18,377.915,381.36,373.32,379.08,1.164157e6,377.639978
2026-06-18T20:31:17.854,30,29,MSFT260717P00275000,MSFT,2026-07-17,put,275.0,0.0,0.0,1.21,344.0,0.605,0.08,1.0,,,,,,,2026-06-18,377.915,381.36,373.32,379.08,1.164157e6,377.639978
2026-06-18T20:31:17.854,30,29,MSFT260717P00280000,MSFT,2026-07-17,put,280.0,0.08,1.0,0.48,383.0,0.27999999999999997,0.23,1.0,0.514,-0.0138,0.0006,-0.0329,0.0378,-0.0044,2026-06-18,377.915,381.36,373.32,379.08,1.164157e6,377.639978
2026-06-18T20:31:17.854,30,29,MSFT260717P00285000,MSFT,2026-07-17,put,285.0,0.04,2.0,1.27,337.0,0.655,0.2,1.0,0.5589,-0.0271,0.001,-0.0634,0.067,-0.0087,2026-06-18,377.915,381.36,373.32,379.08,1.164157e6,377.639978
2026-06-18T20:31:17.854,30,29,MSFT260717P00290000,MSFT,2026-07-17,put,290.0,0.03,205.0,0.18,38.0,0.105,0.17,1.0,0.4055,-0.0071,0.0005,-0.0146,0.0212,-0.0022,2026-06-18,377.915,381.36,373.32,379.08,1.164157e6,377.639978
2026-06-18T20:31:17.854,30,29,MSFT260717P00295000,MSFT,2026-07-17,put,295.0,0.02,153.0,0.38,144.0,0.2,0.21,1.0,0.4164,-0.0124,0.0007,-0.0243,0.0345,-0.0039,2026-06-18,377.915,381.36,373.32,379.08,1.164157e6,377.639978
2026-06-18T20:31:17.854,30,29,MSFT260717P00300000,MSFT,2026-07-17,put,300.0,0.2,11.0,0.32,207.0,0.26,0.25,1.0,0.4075,-0.016,0.0009,-0.0296,0.043,-0.005,2026-06-18,377.915,381.36,373.32,379.08,1.164157e6,377.639978
2026-06-18T20:31:17.854,30,29,MSFT260717P00305000,MSFT,2026-07-17,put,305.0,0.25,283.0,0.43,302.0,0.33999999999999997,0.33,10.0,0.3993,-0.0207,0.0012,-0.036,0.0535,-0.0065,2026-06-18,377.915,381.36,373.32,379.08,1.164157e6,377.639978
2026-06-18T20:31:17.854,30,29,MSFT260717P00310000,MSFT,2026-07-17,put,310.0,0.33,24.0,0.42,34.0,0.375,0.39,1.0,0.3802,-0.0236,0.0014,-0.0382,0.0598,-0.0074,2026-06-18,377.915,381.36,373.32,379.08,1.164157e6,377.639978
2026-06-18T20:31:17.854,30,29,MSFT260717P00315000,MSFT,2026-07-17,put,315.0,0.34,192.0,0.52,85.0,0.43000000000000005,0.46,1.0,0.3634,-0.0278,0.0016,-0.0418,0.0684,-0.0087,2026-06-18,377.915,381.36,373.32,379.08,1.164157e6,377.639978
2026-06-18T20:31:17.854,30,29,MSFT260717P00320000,MSFT,2026-07-17,put,320.0,0.39,105.0,0.65,33.0,0.52,0.61,1.0,0.3498,-0.034,0.002,-0.0474,0.0808,-0.0107,2026-06-18,377.915,381.36,373.32,379.08,1.164157e6,377.639978
2026-06-18T20:31:17.854,30,29,MSFT260717P00325000,MSFT,2026-07-17,put,325.0,0.54,141.0,0.87,136.0,0.7050000000000001,0.75,20.0,0.3437,-0.0449,0.0026,-0.0583,0.1015,-0.0141,2026-06-18,377.915,381.36,373.32,379.08,1.164157e6,377.639978
2026-06-18T20:31:17.854,30,29,MSFT260717P00330000,MSFT,2026-07-17,put,330.0,0.83,453.0,1.0,60.0,0.915,0.93,5.0,0.3349,-0.0575,0.0032,-0.069,0.1234,-0.0181,2026-06-18,377.915,381.36,373.32,379.08,1.164157e6,377.639978
2026-06-18T20:31:17.854,30,29,MSFT260717P00335000,MSFT,2026-07-17,put,335.0,1.14,144.0,1.27,88.0,1.205,1.22,2.0,0.3276,-0.074,0.004,-0.0819,0.1502,-0.0233,2026-06-18,377.915,381.36,373.32,379.08,1.164157e6,377.639978
2026-06-18T20:31:17.854,30,29,MSFT260717P00340000,MSFT,2026-07-17,put,340.0,1.48,190.0,1.73,41.0,1.605,1.58,10.0,0.3218,-0.0955,0.0049,-0.0971,0.1819,-0.0301,2026-06-18,377.915,381.36,373.32,379.08,1.164157e6,377.639978
2026-06-18T20:31:17.854,30,29,MSFT260717P00345000,MSFT,2026-07-17,put,345.0,1.99,136.0,2.21,33.0,2.1,2.1,1.0,0.3152,-0.1213,0.006,-0.1126,0.216,-0.0383,2026-06-18,377.915,381.36,373.32,379.08,1.164157e6,377.639978
2026-06-18T20:31:17.854,30,29,MSFT260717P00350000,MSFT,2026-07-17,put,350.0,2.8,33.0,2.9,20.0,2.8499999999999996,2.8,1.0,0.3135,-0.1558,0.0071,-0.1323,0.2563,-0.0493,2026-06-18,377.915,381.36,373.32,379.08,1.164157e6,377.639978
2026-06-18T20:31:17.854,30,29,MSFT260717P00355000,MSFT,2026-07-17,put,355.0,3.53,145.0,3.78,26.0,3.655,3.65,4.0,0.307,-0.1929,0.0083,-0.1477,0.2935,-0.0612,2026-06-18,377.915,381.36,373.32,379.08,1.164157e6,377.639978
2026-06-18T20:31:17.854,30,29,MSFT260717P00360000,MSFT,2026-07-17,put,360.0,4.67,51.0,4.88,32.0,4.775,4.67,3.0,0.3044,-0.2385,0.0095,-0.1647,0.332,-0.0758,2026-06-18,377.915,381.36,373.32,379.08,1.164157e6,377.639978
2026-06-18T20:31:17.854,30,29,MSFT260717P00365000,MSFT,2026-07-17,put,365.0,5.82,218.0,6.34,105.0,6.08,5.97,1.0,0.3001,-0.2888,0.0106,-0.1779,0.3661,-0.0921,2026-06-18,377.915,381.36,373.32,379.08,1.164157e6,377.639978
2026-06-18T20:31:17.854,30,29,MSFT260717P00370000,MSFT,2026-07-17,put,370.0,7.65,60.0,8.109,10.0,7.8795,7.81,1.0,0.3017,-0.3467,0.0114,-0.1919,0.3955,-0.111,2026-06-18,377.915,381.36,373.32,379.08,1.164157e6,377.639978
2026-06-18T20:31:17.854,30,29,MSFT260717P00375000,MSFT,2026-07-17,put,375.0,9.67,25.0,9.97,28.0,9.82,9.97,2.0,0.2994,-0.4061,0.0121,-0.1982,0.4156,-0.1304,2026-06-18,377.915,381.36,373.32,379.08,1.164157e6,377.639978
2026-06-18T20:31:17.854,30,29,MSFT260717P00380000,MSFT,2026-07-17,put,380.0,12.09,174.0,12.44,133.0,12.265,12.3,1.0,0.3017,-0.4678,0.0123,-0.2027,0.4261,-0.151,2026-06-18,377.915,381.36,373.32,379.08,1.164157e6,377.639978
2026-06-18T20:31:17.854,30,29,MSFT260717P00385000,MSFT,2026-07-17,put,385.0,14.95,97.0,15.16,39.0,15.055,14.95,1.0,0.3049,-0.5284,0.0122,-0.2027,0.4264,-0.1716,2026-06-18,377.915,381.36,373.32,379.08,1.164157e6,377.639978
2026-06-18T20:31:17.854,30,29,MSFT260717P00390000,MSFT,2026-07-17,put,390.0,17.4,234.0,18.56,14.0,17.979999999999997,18.91,30.0,0.3043,-0.5879,0.0119,-0.1948,0.4171,-0.1918,2026-06-18,377.915,381.36,373.32,379.08,1.164157e6,377.639978
2026-06-18T20:31:17.854,30,29,MSFT260717P00395000,MSFT,2026-07-17,put,395.0,20.6,203.0,22.11,13.0,21.355,22.11,1.0,0.3078,-0.6426,0.0113,-0.1858,0.3999,-0.211,2026-06-18,377.915,381.36,373.32,379.08,1.164157e6,377.639978
2026-06-18T20:31:17.854,30,29,MSFT260717P00400000,MSFT,2026-07-17,put,400.0,24.36,111.0,25.47,127.0,24.915,24.75,1.0,0.3097,-0.6938,0.0106,-0.172,0.376,-0.2293,2026-06-18,377.915,381.36,373.32,379.08,1.164157e6,377.639978
2026-06-18T20:31:17.854,30,29,MSFT260717P00405000,MSFT,2026-07-17,put,405.0,27.84,267.0,30.0,120.0,28.92,29.14,1.0,0.3178,-0.7357,0.0096,-0.1613,0.3505,-0.2452,2026-06-18,377.915,381.36,373.32,379.08,1.164157e6,377.639978
2026-06-18T20:31:17.854,30,29,MSFT260717P00410000,MSFT,2026-07-17,put,410.0,32.049,110.0,34.1,80.0,33.0745,33.28,1.0,0.3253,-0.7726,0.0087,-0.1489,0.3233,-0.2596,2026-06-18,377.915,381.36,373.32,379.08,1.164157e6,377.639978
2026-06-18T20:31:17.854,30,29,MSFT260717P00415000,MSFT,2026-07-17,put,415.0,36.45,61.0,38.96,43.0,37.705,37.63,1.0,0.344,-0.7957,0.0077,-0.1464,0.3038,-0.2703,2026-06-18,377.915,381.36,373.32,379.08,1.164157e6,377.639978
2026-06-18T20:31:17.854,30,29,MSFT260717P00420000,MSFT,2026-07-17,put,420.0,41.75,42.0,42.67,41.0,42.21,42.01,1.0,0.3559,-0.8199,0.0069,-0.1374,0.2813,-0.2812,2026-06-18,377.915,381.36,373.32,379.08,1.164157e6,377.639978
2026-06-18T20:31:17.854,30,29,MSFT260717P00425000,MSFT,2026-07-17,put,425.0,45.73,49.0,46.98,42.0,46.355,46.61,1.0,0.3505,-0.8533,0.0061,-0.1119,0.2462,-0.2945,2026-06-18,377.915,381.36,373.32,379.08,1.164157e6,377.639978
2026-06-18T20:31:17.854,30,29,MSFT260717P00430000,MSFT,2026-07-17,put,430.0,51.47,63.0,52.83,35.0,52.15,52.5,1.0,0.4078,-0.8388,0.0056,-0.1473,0.262,-0.2948,2026-06-18,377.915,381.36,373.32,379.08,1.164157e6,377.639978
2026-06-18T20:31:17.854,30,29,MSFT260717P00435000,MSFT,2026-07-17,put,435.0,54.41,97.0,56.62,37.0,55.515,56.43,1.0,0.3617,-0.893,0.0048,-0.0839,0.1975,-0.3138,2026-06-18,377.915,381.36,373.32,379.08,1.164157e6,377.639978
2026-06-18T20:31:17.854,30,29,MSFT260717P00440000,MSFT,2026-07-17,put,440.0,59.59,107.0,62.07,27.0,60.83,60.96,8.0,0.4006,-0.8874,0.0045,-0.1019,0.2048,-0.3164,2026-06-18,377.915,381.36,373.32,379.08,1.164157e6,377.639978
2026-06-18T20:31:17.854,30,29,MSFT260717P00445000,MSFT,2026-07-17,put,445.0,63.39,178.0,66.44,44.0,64.91499999999999,66.81,2.0,0.3721,-0.9225,0.0036,-0.0585,0.1555,-0.3302,2026-06-18,377.915,381.36,373.32,379.08,1.164157e6,377.639978
2026-06-18T20:31:17.854,30,29,MSFT260717P00450000,MSFT,2026-07-17,put,450.0,69.97,92.0,72.52,39.0,71.245,69.58,1.0,0.4665,-0.884,0.0039,-0.1278,0.2093,-0.3236,2026-06-18,377.915,381.36,373.32,379.08,1.164157e6,377.639978
2026-06-18T20:31:17.854,30,29,MSFT260717P00455000,MSFT,2026-07-17,put,455.0,74.56,170.0,77.41,32.0,75.985,77.61,1.0,0.476,-0.8946,0.0036,-0.119,0.1954,-0.3306,2026-06-18,377.915,381.36,373.32,379.08,1.164157e6,377.639978
2026-06-18T20:31:17.854,30,29,MSFT260717P00460000,MSFT,2026-07-17,put,460.0,80.13,162.0,82.06,35.0,81.095,80.66,1.0,0.5034,-0.8948,0.0034,-0.1274,0.195,-0.3347,2026-06-18,377.915,381.36,373.32,379.08,1.164157e6,377.639978
2026-06-18T20:31:17.854,30,29,MSFT260717P00465000,MSFT,2026-07-17,put,465.0,83.63,165.0,85.22,22.0,84.425,87.37,5.0,0.4152,-0.9493,0.0023,-0.0357,0.1117,-0.3538,2026-06-18,377.915,381.36,373.32,379.08,1.164157e6,377.639978
2026-06-18T20:31:17.854,30,29,MSFT260717P00470000,MSFT,2026-07-17,put,470.0,89.16,11.0,91.7,90.0,90.43,90.59,1.0,0.5077,-0.9179,0.0028,-0.0985,0.1625,-0.3491,2026-06-18,377.915,381.36,373.32,379.08,1.164157e6,377.639978
2026-06-18T20:31:17.854,30,29,MSFT260717P00475000,MSFT,2026-07-17,put,475.0,95.17,55.0,97.59,71.0,96.38,97.3,5.0,0.5814,-0.8961,0.0029,-0.1503,0.1933,-0.3472,2026-06-18,377.915,381.36,373.32,379.08,1.164157e6,377.639978
2026-06-18T20:31:17.854,30,29,MSFT260717P00480000,MSFT,2026-07-17,put,480.0,97.86,71.0,103.82,102.0,100.84,99.78,14.0,0.5721,-0.9112,0.0026,-0.1255,0.1723,-0.3553,2026-06-18,377.915,381.36,373.32,379.08,1.164157e6,377.639978
2026-06-18T20:31:17.854,30,29,MSFT260717P00485000,MSFT,2026-07-17,put,485.0,104.59,1.0,106.65,61.0,105.62,103.53,10.0,0.5785,-0.9185,0.0024,-0.116,0.1616,-0.3613,2026-06-18,377.915,381.36,373.32,379.08,1.164157e6,377.639978
2026-06-18T20:31:17.854,30,29,MSFT260717P00490000,MSFT,2026-07-17,put,490.0,108.1,60.0,110.6,10.0,109.35,95.92,1.0,0.4993,-0.9566,0.0017,-0.0378,0.0986,-0.3758,2026-06-18,377.915,381.36,373.32,379.08,1.164157e6,377.639978
2026-06-18T20:31:17.854,30,29,MSFT260717P00495000,MSFT,2026-07-17,put,495.0,111.69,1.0,116.0,60.0,113.845,116.93,20.0,0.4523,-0.9764,0.0011,0.0017,0.0596,-0.3854,2026-06-18,377.915,381.36,373.32,379.08,1.164157e6,377.639978
2026-06-18T20:31:17.854,30,29,MSFT260717P00500000,MSFT,2026-07-17,put,500.0,119.55,60.0,122.68,19.0,121.11500000000001,123.35,2.0,0.6654,-0.9118,0.0022,-0.15,0.1714,-0.3716,2026-06-18,377.915,381.36,373.32,379.08,1.164157e6,377.639978
2026-06-18T20:31:17.854,30,29,MSFT260717P00505000,MSFT,2026-07-17,put,505.0,121.35,10.0,125.17,68.0,123.25999999999999,122.7,10.0,,,,,,,2026-06-18,377.915,381.36,373.32,379.08,1.164157e6,377.639978
2026-06-18T20:31:17.854,30,29,MSFT260717P00510000,MSFT,2026-07-17,put,510.0,126.84,1.0,132.57,11.0,129.70499999999998,83.07,1.0,0.6021,-0.9484,0.0016,-0.0689,0.1133,-0.3895,2026-06-18,377.915,381.36,373.32,379.08,1.164157e6,377.639978
2026-06-18T20:31:17.854,30,29,MSFT260717P00515000,MSFT,2026-07-17,put,515.0,133.92,69.0,135.37,69.0,134.64499999999998,87.95,1.0,0.6137,-0.9507,0.0016,-0.0662,0.1092,-0.3941,2026-06-18,377.915,381.36,373.32,379.08,1.164157e6,377.639978
2026-06-18T20:31:17.854,30,29,MSFT260717P00520000,MSFT,2026-07-17,put,520.0,137.83,69.0,142.75,70.0,140.29000000000002,110.33,2.0,0.6834,-0.9351,0.0017,-0.1105,0.1356,-0.3939,2026-06-18,377.915,381.36,373.32,379.08,1.164157e6,377.639978
2026-06-18T20:31:17.854,30,29,MSFT260717P00525000,MSFT,2026-07-17,put,525.0,141.98,1.0,147.08,71.0,144.53,115.98,1.0,0.636,-0.955,0.0014,-0.0609,0.1016,-0.4033,2026-06-18,377.915,381.36,373.32,379.08,1.164157e6,377.639978
2026-06-18T20:31:17.854,30,29,MSFT260717P00530000,MSFT,2026-07-17,put,530.0,147.4,82.0,150.13,82.0,148.765,151.81,1.0,0.5525,-0.9792,0.0008,0.0007,0.0536,-0.4139,2026-06-18,377.915,381.36,373.32,379.08,1.164157e6,377.639978
2026-06-18T20:31:17.854,30,29,MSFT260717P00535000,MSFT,2026-07-17,put,535.0,151.96,1.0,154.46,71.0,153.21,89.75,1.0,,,,,,,2026-06-18,377.915,381.36,373.32,379.08,1.164157e6,377.639978
2026-06-18T20:31:17.854,30,29,MSFT260717P00540000,MSFT,2026-07-17,put,540.0,158.18,1.0,161.35,10.0,159.765,96.6,1.0,0.7067,-0.9503,0.0014,-0.0821,0.1099,-0.414,2026-06-18,377.915,381.36,373.32,379.08,1.164157e6,377.639978
2026-06-18T20:31:17.854,30,29,MSFT260717P00545000,MSFT,2026-07-17,put,545.0,163.62,61.0,166.45,71.0,165.035,101.34,13.0,0.7462,-0.9445,0.0014,-0.1023,0.12,-0.4164,2026-06-18,377.915,381.36,373.32,379.08,1.164157e6,377.639978
2026-06-18T20:31:17.854,30,29,MSFT260717P00550000,MSFT,2026-07-17,put,550.0,165.66,70.0,170.91,71.0,168.285,120.7,75.0,0.4045,-0.9992,0.0001,0.0525,0.0029,-0.4355,2026-06-18,377.915,381.36,373.32,379.08,1.164157e6,377.639978
2026-06-18T20:31:17.854,30,29,MSFT260717P00555000,MSFT,2026-07-17,put,555.0,170.43,1.0,177.14,71.0,173.785,125.75,10.0,0.6335,-0.978,0.0008,-0.0072,0.0563,-0.4335,2026-06-18,377.915,381.36,373.32,379.08,1.164157e6,377.639978
2026-06-18T20:31:17.854,30,29,MSFT260717P00560000,MSFT,2026-07-17,put,560.0,180.39,62.0,181.11,62.0,180.75,149.55,1.0,0.8486,-0.9316,0.0015,-0.1535,0.1413,-0.425,2026-06-18,377.915,381.36,373.32,379.08,1.164157e6,377.639978
2026-06-18T20:31:17.854,30,29,MSFT260717P00565000,MSFT,2026-07-17,put,565.0,184.89,71.0,190.82,71.0,187.855,136.95,1.0,0.991,-0.8977,0.0017,-0.274,0.1912,-0.4204,2026-06-18,377.915,381.36,373.32,379.08,1.164157e6,377.639978
2026-06-18T20:31:17.854,30,29,MSFT260717P00570000,MSFT,2026-07-17,put,570.0,185.03,61.0,192.9,70.0,188.965,159.1,1.0,0.7071,-0.9725,0.0008,-0.0272,0.0679,-0.4438,2026-06-18,377.915,381.36,373.32,379.08,1.164157e6,377.639978
2026-06-18T20:31:17.854,30,29,MSFT260717P00575000,MSFT,2026-07-17,put,575.0,195.19,1.0,201.09,71.0,198.14,116.31,1.0,,,,,,,2026-06-18,377.915,381.36,373.32,379.08,1.164157e6,377.639978
2026-06-18T20:31:17.854,30,29,MSFT260717P00580000,MSFT,2026-07-17,put,580.0,202.28,1.0,205.83,66.0,204.055,,,1.1006,-0.8844,0.0017,-0.3423,0.2087,-0.4293,2026-06-18,377.915,381.36,373.32,379.08,1.164157e6,377.639978
2026-06-18T20:31:17.854,30,29,MSFT260717P00585000,MSFT,2026-07-17,put,585.0,205.66,1.0,209.41,60.0,207.535,,,1.0384,-0.906,0.0015,-0.2668,0.1797,-0.4385,2026-06-18,377.915,381.36,373.32,379.08,1.164157e6,377.639978
2026-06-18T20:31:17.854,30,29,MSFT260717P00590000,MSFT,2026-07-17,put,590.0,205.24,1.0,214.82,69.0,210.03,136.75,1.0,0.8828,-0.9485,0.0011,-0.1155,0.1131,-0.4533,2026-06-18,377.915,381.36,373.32,379.08,1.164157e6,377.639978
2026-06-18T20:31:17.854,30,29,MSFT260717P00595000,MSFT,2026-07-17,put,595.0,209.7,10.0,217.65,62.0,213.675,,,0.7302,-0.9803,0.0006,-0.0062,0.0512,-0.4658,2026-06-18,377.915,381.36,373.32,379.08,1.164157e6,377.639978
2026-06-18T20:31:17.854,30,29,MSFT260717P00600000,MSFT,2026-07-17,put,600.0,221.55,65.0,225.25,61.0,223.4,213.25,1.0,,,,,,,2026-06-18,377.915,381.36,373.32,379.08,1.164157e6,377.639978
2026-06-18T20:31:17.854,30,29,MSFT260717P00620000,MSFT,2026-07-17,put,620.0,240.89,61.0,244.49,71.0,242.69,248.75,1.0,,,,,,,2026-06-18,377.915,381.36,373.32,379.08,1.164157e6,377.639978
2026-06-18T20:31:17.854,30,29,MSFT260717P00640000,MSFT,2026-07-17,put,640.0,258.149,71.0,265.05,71.0,261.59950000000003,245.68,1.0,,,,,,,2026-06-18,377.915,381.36,373.32,379.08,1.164157e6,377.639978
2026-06-18T20:31:17.854,30,29,MSFT260717P00660000,MSFT,2026-07-17,put,660.0,275.0,71.0,284.54,71.0,279.77,278.38,1.0,,,,,,,2026-06-18,377.915,381.36,373.32,379.08,1.164157e6,377.639978
2026-06-18T20:31:17.854,30,29,MSFT260717P00680000,MSFT,2026-07-17,put,680.0,299.41,71.0,302.91,71.0,301.16,,,,,,,,,2026-06-18,377.915,381.36,373.32,379.08,1.164157e6,377.639978
2026-06-18T20:31:17.854,30,29,MSFT260717P00700000,MSFT,2026-07-17,put,700.0,324.02,70.0,327.62,70.0,325.82,,,,,,,,,2026-06-18,377.915,381.36,373.32,379.08,1.164157e6,377.639978
2026-06-18T20:31:17.854,30,29,MSFT260717P00720000,MSFT,2026-07-17,put,720.0,345.11,62.0,348.73,66.0,346.92,,,,,,,,,2026-06-18,377.915,381.36,373.32,379.08,1.164157e6,377.639978
2026-06-18T20:31:17.854,45,43,MSFT260731C00270000,MSFT,2026-07-31,call,270.0,107.79,10.0,111.49,1.0,109.64,110.34,1.0,,,,,,,2026-06-18,377.915,381.36,373.32,379.08,1.164157e6,377.639978
2026-06-18T20:31:17.854,45,43,MSFT260731C00280000,MSFT,2026-07-31,call,280.0,101.49,10.0,101.58,10.0,101.535,101.36,2.0,0.4033,0.9895,0.0005,-0.0444,0.0362,0.3235,2026-06-18,377.915,381.36,373.32,379.08,1.164157e6,377.639978
2026-06-18T20:31:17.854,45,43,MSFT260731C00290000,MSFT,2026-07-31,call,290.0,90.55,20.0,92.6,22.0,91.57499999999999,91.55,1.0,0.3619,0.9886,0.0006,-0.0448,0.0391,0.3348,2026-06-18,377.915,381.36,373.32,379.08,1.164157e6,377.639978
2026-06-18T20:31:17.854,45,43,MSFT260731C00300000,MSFT,2026-07-31,call,300.0,79.45,20.0,84.63,10.0,82.03999999999999,80.92,1.0,0.3871,0.97,0.0013,-0.0686,0.0888,0.3377,2026-06-18,377.915,381.36,373.32,379.08,1.164157e6,377.639978
2026-06-18T20:31:17.854,45,43,MSFT260731C00305000,MSFT,2026-07-31,call,305.0,77.46,10.0,78.95,1.0,78.205,81.29,1.0,0.4534,0.9358,0.0021,-0.114,0.1638,0.327,2026-06-18,377.915,381.36,373.32,379.08,1.164157e6,377.639978
2026-06-18T20:31:17.854,45,43,MSFT260731C00310000,MSFT,2026-07-31,call,310.0,71.0,10.0,73.57,10.0,72.285,77.17,1.0,0.3615,0.9591,0.0019,-0.0773,0.1144,0.3444,2026-06-18,377.915,381.36,373.32,379.08,1.164157e6,377.639978
2026-06-18T20:31:17.854,45,43,MSFT260731C00315000,MSFT,2026-07-31,call,315.0,67.65,10.0,70.7,1.0,69.17500000000001,73.13,1.0,0.4483,0.9076,0.0028,-0.1401,0.216,0.325,2026-06-18,377.915,381.36,373.32,379.08,1.164157e6,377.639978
2026-06-18T20:31:17.854,45,43,MSFT260731C00320000,MSFT,2026-07-31,call,320.0,62.31,10.0,66.26,17.0,64.285,67.44,1.0,0.4245,0.9005,0.0032,-0.1404,0.2282,0.3275,2026-06-18,377.915,381.36,373.32,379.08,1.164157e6,377.639978
2026-06-18T20:31:17.854,45,43,MSFT260731C00325000,MSFT,2026-07-31,call,325.0,58.06,37.0,60.94,38.0,59.5,56.78,1.0,0.4048,0.8903,0.0036,-0.1431,0.2448,0.3286,2026-06-18,377.915,381.36,373.32,379.08,1.164157e6,377.639978
2026-06-18T20:31:17.854,45,43,MSFT260731C00330000,MSFT,2026-07-31,call,330.0,53.91,123.0,56.38,99.0,55.144999999999996,53.91,1.0,0.4002,0.8707,0.004,-0.1555,0.275,0.325,2026-06-18,377.915,381.36,373.32,379.08,1.164157e6,377.639978
2026-06-18T20:31:17.854,45,43,MSFT260731C00335000,MSFT,2026-07-31,call,335.0,49.56,10.0,51.89,11.0,50.725,45.86,1.0,0.3901,0.8515,0.0045,-0.1643,0.3021,0.3216,2026-06-18,377.915,381.36,373.32,379.08,1.164157e6,377.639978
2026-06-18T20:31:17.854,45,43,MSFT260731C00340000,MSFT,2026-07-31,call,340.0,44.47,56.0,49.09,130.0,46.78,44.7,1.0,0.3917,0.8236,0.0051,-0.1805,0.338,0.3137,2026-06-18,377.915,381.36,373.32,379.08,1.164157e6,377.639978
2026-06-18T20:31:17.854,45,43,MSFT260731C00345000,MSFT,2026-07-31,call,345.0,40.36,14.0,44.06,1.0,42.21,41.18,1.0,0.3716,0.8045,0.0057,-0.182,0.3603,0.3106,2026-06-18,377.915,381.36,373.32,379.08,1.164157e6,377.639978
2026-06-18T20:31:17.854,45,43,MSFT260731C00350000,MSFT,2026-07-31,call,350.0,37.79,30.0,41.22,196.0,39.504999999999995,39.0,1.0,0.3973,0.7597,0.006,-0.2124,0.4059,0.2937,2026-06-18,377.915,381.36,373.32,379.08,1.164157e6,377.639978
2026-06-18T20:31:17.854,45,43,MSFT260731C00355000,MSFT,2026-07-31,call,355.0,33.35,10.0,36.9,1.0,35.125,35.39,1.0,0.3762,0.7349,0.0067,-0.2114,0.4275,0.2877,2026-06-18,377.915,381.36,373.32,379.08,1.164157e6,377.639978
2026-06-18T20:31:17.854,45,43,MSFT260731C00360000,MSFT,2026-07-31,call,360.0,31.21,14.0,33.38,22.0,32.295,30.2,1.0,0.3875,0.6943,0.0069,-0.2292,0.4575,0.2729,2026-06-18,377.915,381.36,373.32,379.08,1.164157e6,377.639978
2026-06-18T20:31:17.854,45,43,MSFT260731C00365000,MSFT,2026-07-31,call,365.0,27.61,62.0,30.75,115.0,29.18,28.85,1.0,0.3876,0.657,0.0073,-0.2382,0.4797,0.2599,2026-06-18,377.915,381.36,373.32,379.08,1.164157e6,377.639978
2026-06-18T20:31:17.854,45,43,MSFT260731C00370000,MSFT,2026-07-31,call,370.0,24.62,17.0,26.48,202.0,25.55,25.47,2.0,0.3733,0.6212,0.0078,-0.2365,0.4963,0.2481,2026-06-18,377.915,381.36,373.32,379.08,1.164157e6,377.639978
2026-06-18T20:31:17.854,45,43,MSFT260731C00375000,MSFT,2026-07-31,call,375.0,21.04,51.0,23.63,41.0,22.335,22.75,1.0,0.3641,0.5815,0.0082,-0.2356,0.5096,0.2341,2026-06-18,377.915,381.36,373.32,379.08,1.164157e6,377.639978
2026-06-18T20:31:17.854,45,43,MSFT260731C00380000,MSFT,2026-07-31,call,380.0,19.27,58.0,20.85,10.0,20.060000000000002,20.3,1.0,0.3693,0.5399,0.0082,-0.2409,0.5179,0.2181,2026-06-18,377.915,381.36,373.32,379.08,1.164157e6,377.639978
2026-06-18T20:31:17.854,45,43,MSFT260731C00385000,MSFT,2026-07-31,call,385.0,17.44,41.0,18.73,23.0,18.085,18.33,1.0,0.3762,0.4998,0.0081,-0.2448,0.5205,0.2025,2026-06-18,377.915,381.36,373.32,379.08,1.164157e6,377.639978
2026-06-18T20:31:17.854,45,43,MSFT260731C00390000,MSFT,2026-07-31,call,390.0,15.06,166.0,17.23,153.0,16.145,16.1,1.0,0.3799,0.4609,0.008,-0.2447,0.518,0.1874,2026-06-18,377.915,381.36,373.32,379.08,1.164157e6,377.639978
2026-06-18T20:31:17.854,45,43,MSFT260731C00395000,MSFT,2026-07-31,call,395.0,13.5,32.0,15.0,51.0,14.25,14.2,1.0,0.3809,0.4226,0.0079,-0.2408,0.5107,0.1725,2026-06-18,377.915,381.36,373.32,379.08,1.164157e6,377.639978
2026-06-18T20:31:17.854,45,43,MSFT260731C00400000,MSFT,2026-07-31,call,400.0,11.99,23.0,13.18,48.0,12.585,12.65,1.0,0.3829,0.3862,0.0077,-0.2356,0.4992,0.1581,2026-06-18,377.915,381.36,373.32,379.08,1.164157e6,377.639978
2026-06-18T20:31:17.854,45,43,MSFT260731C00405000,MSFT,2026-07-31,call,405.0,9.86,45.0,11.03,35.0,10.445,10.46,1.0,0.3715,0.3448,0.0076,-0.2197,0.4806,0.1421,2026-06-18,377.915,381.36,373.32,379.08,1.164157e6,377.639978
2026-06-18T20:31:17.854,45,43,MSFT260731C00410000,MSFT,2026-07-31,call,410.0,8.96,57.0,10.27,38.0,9.615,9.5,1.0,0.384,0.3173,0.0071,-0.2187,0.4649,0.1308,2026-06-18,377.915,381.36,373.32,379.08,1.164157e6,377.639978
2026-06-18T20:31:17.854,45,43,MSFT260731C00415000,MSFT,2026-07-31,call,415.0,7.59,85.0,8.76,20.0,8.175,8.5,1.0,0.3804,0.283,0.0068,-0.2052,0.4415,0.1171,2026-06-18,377.915,381.36,373.32,379.08,1.164157e6,377.639978
2026-06-18T20:31:17.854,45,43,MSFT260731C00420000,MSFT,2026-07-31,call,420.0,7.09,107.0,7.88,67.0,7.484999999999999,7.45,2.0,0.3908,0.2597,0.0064,-0.2013,0.4229,0.1075,2026-06-18,377.915,381.36,373.32,379.08,1.164157e6,377.639978
2026-06-18T20:31:17.854,45,43,MSFT260731C00425000,MSFT,2026-07-31,call,425.0,6.15,34.0,7.32,36.0,6.735,6.42,2.0,0.3976,0.2365,0.0059,-0.1943,0.4023,0.098,2026-06-18,377.915,381.36,373.32,379.08,1.164157e6,377.639978
2026-06-18T20:31:17.854,45,43,MSFT260731C00430000,MSFT,2026-07-31,call,430.0,5.53,10.0,6.27,48.0,5.9,5.95,1.0,0.3999,0.2124,0.0056,-0.1835,0.3786,0.0882,2026-06-18,377.915,381.36,373.32,379.08,1.164157e6,377.639978
2026-06-18T20:31:17.854,45,43,MSFT260731C00435000,MSFT,2026-07-31,call,435.0,4.88,22.0,5.5,18.0,5.1899999999999995,5.25,1.0,0.4029,0.1909,0.0052,-0.1731,0.3551,0.0794,2026-06-18,377.915,381.36,373.32,379.08,1.164157e6,377.639978
2026-06-18T20:31:17.854,45,43,MSFT260731C00440000,MSFT,2026-07-31,call,440.0,4.23,36.0,5.36,107.0,4.795,4.78,1.0,0.4129,0.176,0.0048,-0.1682,0.3375,0.0732,2026-06-18,377.915,381.36,373.32,379.08,1.164157e6,377.639978
2026-06-18T20:31:17.854,45,43,MSFT260731C00445000,MSFT,2026-07-31,call,445.0,3.76,47.0,4.48,39.0,4.12,4.29,4.0,0.4124,0.1558,0.0044,-0.1551,0.312,0.0649,2026-06-18,377.915,381.36,373.32,379.08,1.164157e6,377.639978
2026-06-18T20:31:17.854,45,43,MSFT260731C00450000,MSFT,2026-07-31,call,450.0,3.52,22.0,3.97,129.0,3.745,3.8,18.0,0.4195,0.1423,0.0041,-0.1483,0.2937,0.0593,2026-06-18,377.915,381.36,373.32,379.08,1.164157e6,377.639978
2026-06-18T20:31:17.854,45,43,MSFT260731C00455000,MSFT,2026-07-31,call,455.0,2.98,58.0,3.91,109.0,3.4450000000000003,3.25,1.0,0.4277,0.131,0.0038,-0.1426,0.2774,0.0546,2026-06-18,377.915,381.36,373.32,379.08,1.164157e6,377.639978
2026-06-18T20:31:17.854,45,43,MSFT260731C00460000,MSFT,2026-07-31,call,460.0,2.68,118.0,3.41,1.0,3.045,3.01,1.0,0.4307,0.1176,0.0035,-0.1331,0.2574,0.0491,2026-06-18,377.915,381.36,373.32,379.08,1.164157e6,377.639978
2026-06-18T20:31:17.854,45,43,MSFT260731C00465000,MSFT,2026-07-31,call,465.0,2.52,5.0,3.6,23.0,3.06,2.81,15.0,0.4487,0.1144,0.0033,-0.1357,0.2523,0.0476,2026-06-18,377.915,381.36,373.32,379.08,1.164157e6,377.639978
2026-06-18T20:31:17.854,45,43,MSFT260731C00470000,MSFT,2026-07-31,call,470.0,2.02,28.0,3.05,30.0,2.535,2.37,2.0,0.4436,0.0987,0.003,-0.1204,0.2267,0.0412,2026-06-18,377.915,381.36,373.32,379.08,1.164157e6,377.639978
2026-06-18T20:31:17.854,45,43,MSFT260731C00475000,MSFT,2026-07-31,call,475.0,1.76,46.0,2.88,75.0,2.32,2.24,1.0,0.45,0.0905,0.0028,-0.1146,0.2128,0.0378,2026-06-18,377.915,381.36,373.32,379.08,1.164157e6,377.639978
2026-06-18T20:31:17.854,45,43,MSFT260731C00480000,MSFT,2026-07-31,call,480.0,1.82,57.0,2.57,45.0,2.195,2.11,2.0,0.4596,0.085,0.0026,-0.1115,0.203,0.0355,2026-06-18,377.915,381.36,373.32,379.08,1.164157e6,377.639978
2026-06-18T20:31:17.854,45,43,MSFT260731C00485000,MSFT,2026-07-31,call,485.0,1.43,139.0,2.33,72.0,1.88,1.86,1.0,0.4585,0.0746,0.0024,-0.1007,0.184,0.0312,2026-06-18,377.915,381.36,373.32,379.08,1.164157e6,377.639978
2026-06-18T20:31:17.854,45,43,MSFT260731C00490000,MSFT,2026-07-31,call,490.0,1.29,19.0,2.4,23.0,1.845,2.04,1.0,0.4712,0.0719,0.0022,-0.1005,0.1787,0.03,2026-06-18,377.915,381.36,373.32,379.08,1.164157e6,377.639978
2026-06-18T20:31:17.854,45,43,MSFT260731C00495000,MSFT,2026-07-31,call,495.0,1.22,128.0,2.33,138.0,1.775,1.53,1.0,0.4816,0.0683,0.0021,-0.0987,0.1719,0.0285,2026-06-18,377.915,381.36,373.32,379.08,1.164157e6,377.639978
2026-06-18T20:31:17.854,45,43,MSFT260731C00500000,MSFT,2026-07-31,call,500.0,1.46,1.0,1.99,159.0,1.725,1.53,1.0,0.4927,0.0654,0.002,-0.0976,0.1663,0.0273,2026-06-18,377.915,381.36,373.32,379.08,1.164157e6,377.639978
2026-06-18T20:31:17.854,45,43,MSFT260731C00505000,MSFT,2026-07-31,call,505.0,0.9,17.0,2.16,54.0,1.53,1.44,1.0,0.4942,0.0589,0.0018,-0.0901,0.1532,0.0246,2026-06-18,377.915,381.36,373.32,379.08,1.164157e6,377.639978
2026-06-18T20:31:17.854,45,43,MSFT260731C00510000,MSFT,2026-07-31,call,510.0,0.77,39.0,1.73,24.0,1.25,1.3,5.0,0.4879,0.05,0.0016,-0.0781,0.1345,0.0209,2026-06-18,377.915,381.36,373.32,379.08,1.164157e6,377.639978
2026-06-18T20:31:17.854,45,43,MSFT260731C00515000,MSFT,2026-07-31,call,515.0,0.03,31.0,3.21,40.0,1.6199999999999999,1.35,2.0,0.5267,0.0588,0.0017,-0.0957,0.1529,0.0244,2026-06-18,377.915,381.36,373.32,379.08,1.164157e6,377.639978
2026-06-18T20:31:17.854,45,43,MSFT260731C00520000,MSFT,2026-07-31,call,520.0,0.55,121.0,1.28,6.0,0.915,1.0,30.0,0.4853,0.0382,0.0013,-0.0625,0.1083,0.016,2026-06-18,377.915,381.36,373.32,379.08,1.164157e6,377.639978
2026-06-18T20:31:17.854,45,43,MSFT260731C00525000,MSFT,2026-07-31,call,525.0,0.03,174.0,2.02,141.0,1.025,0.88,1.0,0.5073,0.0407,0.0013,-0.0687,0.114,0.017,2026-06-18,377.915,381.36,373.32,379.08,1.164157e6,377.639978
2026-06-18T20:31:17.854,45,43,MSFT260731C00530000,MSFT,2026-07-31,call,530.0,0.49,70.0,3.08,79.0,1.7850000000000001,0.95,1.0,0.5763,0.0594,0.0016,-0.1055,0.1543,0.0245,2026-06-18,377.915,381.36,373.32,379.08,1.164157e6,377.639978
2026-06-18T20:31:17.854,45,43,MSFT260731C00535000,MSFT,2026-07-31,call,535.0,0.46,142.0,2.97,136.0,1.715,0.79,1.0,0.5843,0.0568,0.0015,-0.1031,0.1488,0.0234,2026-06-18,377.915,381.36,373.32,379.08,1.164157e6,377.639978
2026-06-18T20:31:17.854,45,43,MSFT260731C00540000,MSFT,2026-07-31,call,540.0,0.02,70.0,1.98,61.0,1.0,,,0.5404,0.0378,0.0012,-0.0688,0.1074,0.0158,2026-06-18,377.915,381.36,373.32,379.08,1.164157e6,377.639978
2026-06-18T20:31:17.854,45,43,MSFT260731C00545000,MSFT,2026-07-31,call,545.0,0.03,78.0,2.7,62.0,1.365,,,0.5832,0.0466,0.0013,-0.088,0.1273,0.0193,2026-06-18,377.915,381.36,373.32,379.08,1.164157e6,377.639978
2026-06-18T20:31:17.854,45,43,MSFT260731C00550000,MSFT,2026-07-31,call,550.0,0.57,1.0,1.1,64.0,0.835,0.7,1.0,0.5465,0.032,0.001,-0.0606,0.0936,0.0133,2026-06-18,377.915,381.36,373.32,379.08,1.164157e6,377.639978
2026-06-18T20:31:17.854,45,43,MSFT260731C00555000,MSFT,2026-07-31,call,555.0,0.04,35.0,1.2,48.0,0.62,,,0.5319,0.0251,0.0008,-0.0482,0.0766,0.0105,2026-06-18,377.915,381.36,373.32,379.08,1.164157e6,377.639978
2026-06-18T20:31:17.854,45,43,MSFT260731C00560000,MSFT,2026-07-31,call,560.0,0.04,27.0,1.61,18.0,0.8250000000000001,0.55,1.0,0.5671,0.0307,0.0009,-0.0607,0.0904,0.0128,2026-06-18,377.915,381.36,373.32,379.08,1.164157e6,377.639978
2026-06-18T20:31:17.854,45,43,MSFT260731C00570000,MSFT,2026-07-31,call,570.0,0.11,61.0,1.0,64.0,0.555,,,0.5537,0.022,0.0007,-0.0449,0.0685,0.0092,2026-06-18,377.915,381.36,373.32,379.08,1.164157e6,377.639978
2026-06-18T20:31:17.854,45,43,MSFT260731C00580000,MSFT,2026-07-31,call,580.0,0.01,56.0,2.11,51.0,1.0599999999999998,0.27,9.0,0.634,0.0349,0.0009,-0.0754,0.1006,0.0144,2026-06-18,377.915,381.36,373.32,379.08,1.164157e6,377.639978
2026-06-18T20:31:17.854,45,43,MSFT260731P00270000,MSFT,2026-07-31,put,270.0,0.03,1.0,0.91,69.0,0.47000000000000003,0.63,1.0,0.5048,-0.0185,0.0007,-0.034,0.0591,-0.0088,2026-06-18,377.915,381.36,373.32,379.08,1.164157e6,377.639978
2026-06-18T20:31:17.854,45,43,MSFT260731P00280000,MSFT,2026-07-31,put,280.0,0.01,72.0,0.88,155.0,0.445,0.5,2.0,0.4545,-0.0194,0.0008,-0.0318,0.0617,-0.0092,2026-06-18,377.915,381.36,373.32,379.08,1.164157e6,377.639978
2026-06-18T20:31:17.854,45,43,MSFT260731P00290000,MSFT,2026-07-31,put,290.0,0.12,96.0,1.17,89.0,0.645,0.65,1.0,0.4363,-0.028,0.0011,-0.0414,0.0838,-0.0133,2026-06-18,377.915,381.36,373.32,379.08,1.164157e6,377.639978
2026-06-18T20:31:17.854,45,43,MSFT260731P00300000,MSFT,2026-07-31,put,300.0,0.46,137.0,1.79,230.0,1.125,1.01,10.0,0.4348,-0.0455,0.0017,-0.0613,0.1248,-0.0217,2026-06-18,377.915,381.36,373.32,379.08,1.164157e6,377.639978
2026-06-18T20:31:17.854,45,43,MSFT260731P00305000,MSFT,2026-07-31,put,305.0,0.68,135.0,1.38,31.0,1.03,1.26,1.0,0.4028,-0.0452,0.0018,-0.0563,0.1242,-0.0215,2026-06-18,377.915,381.36,373.32,379.08,1.164157e6,377.639978
2026-06-18T20:31:17.854,45,43,MSFT260731P00310000,MSFT,2026-07-31,put,310.0,0.2,187.0,1.86,123.0,1.03,1.54,1.0,0.3789,-0.0478,0.002,-0.0553,0.1298,-0.0226,2026-06-18,377.915,381.36,373.32,379.08,1.164157e6,377.639978
2026-06-18T20:31:17.854,45,43,MSFT260731P00315000,MSFT,2026-07-31,put,315.0,1.33,93.0,2.17,83.0,1.75,1.85,5.0,0.4009,-0.0713,0.0026,-0.08,0.1777,-0.034,2026-06-18,377.915,381.36,373.32,379.08,1.164157e6,377.639978
2026-06-18T20:31:17.854,45,43,MSFT260731P00320000,MSFT,2026-07-31,put,320.0,1.88,148.0,2.5,28.0,2.19,2.38,1.0,0.3976,-0.0867,0.003,-0.0917,0.206,-0.0414,2026-06-18,377.915,381.36,373.32,379.08,1.164157e6,377.639978
2026-06-18T20:31:17.854,45,43,MSFT260731P00325000,MSFT,2026-07-31,put,325.0,2.27,134.0,3.05,12.0,2.66,2.88,2.0,0.3919,-0.1031,0.0035,-0.1025,0.2341,-0.0493,2026-06-18,377.915,381.36,373.32,379.08,1.164157e6,377.639978
2026-06-18T20:31:17.854,45,43,MSFT260731P00330000,MSFT,2026-07-31,put,330.0,2.69,56.0,3.88,47.0,3.285,3.6,1.0,0.3889,-0.1233,0.004,-0.1153,0.2661,-0.0591,2026-06-18,377.915,381.36,373.32,379.08,1.164157e6,377.639978
2026-06-18T20:31:17.854,45,43,MSFT260731P00335000,MSFT,2026-07-31,put,335.0,3.49,131.0,4.67,28.0,4.08,4.22,1.0,0.3878,-0.1472,0.0046,-0.1295,0.3004,-0.0707,2026-06-18,377.915,381.36,373.32,379.08,1.164157e6,377.639978
2026-06-18T20:31:17.854,45,43,MSFT260731P00340000,MSFT,2026-07-31,put,340.0,4.47,92.0,5.2,2.0,4.835,4.9,1.0,0.3813,-0.1708,0.0051,-0.1399,0.3312,-0.0822,2026-06-18,377.915,381.36,373.32,379.08,1.164157e6,377.639978
2026-06-18T20:31:17.854,45,43,MSFT260731P00345000,MSFT,2026-07-31,put,345.0,5.35,64.0,6.46,18.0,5.904999999999999,5.91,1.0,0.3802,-0.2001,0.0056,-0.1534,0.3654,-0.0966,2026-06-18,377.915,381.36,373.32,379.08,1.164157e6,377.639978
2026-06-18T20:31:17.854,45,43,MSFT260731P00350000,MSFT,2026-07-31,put,350.0,6.79,175.0,7.65,30.0,7.220000000000001,7.15,1.0,0.3812,-0.2328,0.0061,-0.1673,0.3989,-0.1128,2026-06-18,377.915,381.36,373.32,379.08,1.164157e6,377.639978
2026-06-18T20:31:17.854,45,43,MSFT260731P00355000,MSFT,2026-07-31,put,355.0,7.98,128.0,8.86,1.0,8.42,8.52,1.0,0.3752,-0.2647,0.0067,-0.1754,0.4271,-0.1284,2026-06-18,377.915,381.36,373.32,379.08,1.164157e6,377.639978
2026-06-18T20:31:17.854,45,43,MSFT260731P00360000,MSFT,2026-07-31,put,360.0,9.36,140.0,10.5,11.0,9.93,10.2,1.0,0.3725,-0.3004,0.0072,-0.1842,0.4539,-0.1462,2026-06-18,377.915,381.36,373.32,379.08,1.164157e6,377.639978
2026-06-18T20:31:17.854,45,43,MSFT260731P00365000,MSFT,2026-07-31,put,365.0,10.94,209.0,12.89,21.0,11.915,12.6,1.0,0.3758,-0.3399,0.0075,-0.1948,0.478,-0.1662,2026-06-18,377.915,381.36,373.32,379.08,1.164157e6,377.639978
2026-06-18T20:31:17.854,45,43,MSFT260731P00370000,MSFT,2026-07-31,put,370.0,13.14,24.0,15.13,10.0,14.135000000000002,14.73,5.0,0.3796,-0.38,0.0077,-0.2034,0.4968,-0.1868,2026-06-18,377.915,381.36,373.32,379.08,1.164157e6,377.639978
2026-06-18T20:31:17.854,45,43,MSFT260731P00375000,MSFT,2026-07-31,put,375.0,15.62,139.0,17.08,40.0,16.349999999999998,16.99,1.0,0.379,-0.4197,0.0079,-0.2072,0.5099,-0.2072,2026-06-18,377.915,381.36,373.32,379.08,1.164157e6,377.639978
2026-06-18T20:31:17.854,45,43,MSFT260731P00380000,MSFT,2026-07-31,put,380.0,18.07,207.0,19.88,13.0,18.975,19.52,10.0,0.3824,-0.4597,0.008,-0.211,0.5179,-0.2282,2026-06-18,377.915,381.36,373.32,379.08,1.164157e6,377.639978
2026-06-18T20:31:17.854,45,43,MSFT260731P00385000,MSFT,2026-07-31,put,385.0,20.35,279.0,23.38,295.0,21.865000000000002,22.42,1.0,0.3871,-0.4988,0.0079,-0.2132,0.5205,-0.2491,2026-06-18,377.915,381.36,373.32,379.08,1.164157e6,377.639978
2026-06-18T20:31:17.854,45,43,MSFT260731P00390000,MSFT,2026-07-31,put,390.0,23.4,45.0,25.87,28.0,24.634999999999998,25.31,10.0,0.3857,-0.5378,0.0079,-0.2095,0.5182,-0.2699,2026-06-18,377.915,381.36,373.32,379.08,1.164157e6,377.639978
2026-06-18T20:31:17.854,45,43,MSFT260731P00395000,MSFT,2026-07-31,put,395.0,26.22,94.0,29.32,43.0,27.77,28.53,1.0,0.3878,-0.5751,0.0077,-0.2059,0.5113,-0.2903,2026-06-18,377.915,381.36,373.32,379.08,1.164157e6,377.639978
2026-06-18T20:31:17.854,45,43,MSFT260731P00400000,MSFT,2026-07-31,put,400.0,29.71,172.0,31.68,63.0,30.695,31.68,1.0,0.3821,-0.6141,0.0077,-0.1954,0.4991,-0.3112,2026-06-18,377.915,381.36,373.32,379.08,1.164157e6,377.639978
2026-06-18T20:31:17.854,45,43,MSFT260731P00405000,MSFT,2026-07-31,put,405.0,33.03,29.0,35.13,35.0,34.08,33.82,7.0,0.3821,-0.6498,0.0074,-0.1867,0.4834,-0.3311,2026-06-18,377.915,381.36,373.32,379.08,1.164157e6,377.639978
2026-06-18T20:31:17.854,45,43,MSFT260731P00410000,MSFT,2026-07-31,put,410.0,36.36,39.0,39.22,22.0,37.79,39.3,1.0,0.3855,-0.6819,0.0071,-0.179,0.4655,-0.3499,2026-06-18,377.915,381.36,373.32,379.08,1.164157e6,377.639978
2026-06-18T20:31:17.854,45,43,MSFT260731P00415000,MSFT,2026-07-31,put,415.0,39.43,27.0,43.2,17.0,41.315,42.84,9.0,0.3817,-0.7162,0.0068,-0.1649,0.4421,-0.3694,2026-06-18,377.915,381.36,373.32,379.08,1.164157e6,377.639978
2026-06-18T20:31:17.854,45,43,MSFT260731P00420000,MSFT,2026-07-31,put,420.0,44.64,35.0,46.87,33.0,45.754999999999995,45.83,1.0,0.3957,-0.7372,0.0063,-0.1633,0.4256,-0.384,2026-06-18,377.915,381.36,373.32,379.08,1.164157e6,377.639978
2026-06-18T20:31:17.854,45,43,MSFT260731P00425000,MSFT,2026-07-31,put,425.0,48.57,33.0,52.16,39.0,50.364999999999995,51.4,10.0,0.4121,-0.7541,0.0059,-0.1633,0.4109,-0.3971,2026-06-18,377.915,381.36,373.32,379.08,1.164157e6,377.639978
2026-06-18T20:31:17.854,45,43,MSFT260731P00430000,MSFT,2026-07-31,put,430.0,52.15,55.0,55.01,44.0,53.58,54.01,8.0,0.3908,-0.7938,0.0056,-0.1336,0.372,-0.4186,2026-06-18,377.915,381.36,373.32,379.08,1.164157e6,377.639978
2026-06-18T20:31:17.854,45,43,MSFT260731P00435000,MSFT,2026-07-31,put,435.0,57.15,55.0,59.29,49.0,58.22,59.42,1.0,0.4038,-0.8085,0.0052,-0.1306,0.3558,-0.4307,2026-06-18,377.915,381.36,373.32,379.08,1.164157e6,377.639978
2026-06-18T20:31:17.854,45,43,MSFT260731P00440000,MSFT,2026-07-31,put,440.0,62.08,1.0,66.21,1.0,64.145,64.5,10.0,0.4518,-0.7989,0.0048,-0.1558,0.3665,-0.4333,2026-06-18,377.915,381.36,373.32,379.08,1.164157e6,377.639978
2026-06-18T20:31:17.854,45,43,MSFT260731P00445000,MSFT,2026-07-31,put,445.0,64.879,37.0,69.02,44.0,66.9495,71.12,1.0,0.4084,-0.8469,0.0044,-0.1077,0.3084,-0.4581,2026-06-18,377.915,381.36,373.32,379.08,1.164157e6,377.639978
2026-06-18T20:31:17.854,45,43,MSFT260731P00450000,MSFT,2026-07-31,put,450.0,71.18,29.0,73.38,19.0,72.28,73.95,1.0,0.4394,-0.8449,0.0042,-0.1197,0.3111,-0.4635,2026-06-18,377.915,381.36,373.32,379.08,1.164157e6,377.639978
2026-06-18T20:31:17.854,45,43,MSFT260731P00455000,MSFT,2026-07-31,put,455.0,75.27,1.0,80.52,1.0,77.895,78.99,1.0,0.479,-0.8377,0.0039,-0.139,0.3205,-0.4669,2026-06-18,377.915,381.36,373.32,379.08,1.164157e6,377.639978
2026-06-18T20:31:17.854,45,43,MSFT260731P00460000,MSFT,2026-07-31,put,460.0,79.45,28.0,81.96,11.0,80.705,82.01,1.0,0.4216,-0.888,0.0035,-0.0801,0.2486,-0.4927,2026-06-18,377.915,381.36,373.32,379.08,1.164157e6,377.639978
2026-06-18T20:31:17.854,45,43,MSFT260731P00465000,MSFT,2026-07-31,put,465.0,86.03,27.0,87.48,9.0,86.755,87.48,15.0,0.4798,-0.8676,0.0034,-0.1143,0.2795,-0.4908,2026-06-18,377.915,381.36,373.32,379.08,1.164157e6,377.639978
2026-06-18T20:31:17.854,45,43,MSFT260731P00470000,MSFT,2026-07-31,put,470.0,87.88,106.0,94.67,1.0,91.275,90.13,3.0,0.4803,-0.8808,0.0032,-0.1026,0.2598,-0.502,2026-06-18,377.915,381.36,373.32,379.08,1.164157e6,377.639978
2026-06-18T20:31:17.854,45,43,MSFT260731P00475000,MSFT,2026-07-31,put,475.0,94.03,47.0,97.42,1.0,95.725,101.13,1.0,0.4757,-0.8955,0.0029,-0.0872,0.2364,-0.5138,2026-06-18,377.915,381.36,373.32,379.08,1.164157e6,377.639978
2026-06-18T20:31:17.854,45,43,MSFT260731P00480000,MSFT,2026-07-31,put,480.0,97.36,1.0,104.33,1.0,100.845,81.55,1.0,0.498,-0.8951,0.0028,-0.0933,0.2371,-0.5197,2026-06-18,377.915,381.36,373.32,379.08,1.164157e6,377.639978
2026-06-18T20:31:17.854,45,43,MSFT260731P00485000,MSFT,2026-07-31,put,485.0,104.66,46.0,107.7,7.0,106.18,,,0.5289,-0.8902,0.0027,-0.1064,0.2451,-0.5237,2026-06-18,377.915,381.36,373.32,379.08,1.164157e6,377.639978
2026-06-18T20:31:17.854,45,43,MSFT260731P00490000,MSFT,2026-07-31,put,490.0,110.49,60.0,111.22,1.0,110.85499999999999,,,0.532,-0.8989,0.0025,-0.0976,0.2308,-0.5332,2026-06-18,377.915,381.36,373.32,379.08,1.164157e6,377.639978
2026-06-18T20:31:17.854,45,43,MSFT260731P00495000,MSFT,2026-07-31,put,495.0,116.0,66.0,116.14,1.0,116.07,,,0.5578,-0.8963,0.0025,-0.1069,0.235,-0.5382,2026-06-18,377.915,381.36,373.32,379.08,1.164157e6,377.639978
2026-06-18T20:31:17.854,45,43,MSFT260731P00500000,MSFT,2026-07-31,put,500.0,117.19,74.0,120.65,1.0,118.92,,,0.4581,-0.9492,0.0017,-0.0247,0.1363,-0.5652,2026-06-18,377.915,381.36,373.32,379.08,1.164157e6,377.639978
2026-06-18T20:31:17.854,45,43,MSFT260731P00505000,MSFT,2026-07-31,put,505.0,122.33,71.0,125.68,1.0,124.005,,,0.479,-0.9473,0.0017,-0.0299,0.1404,-0.5703,2026-06-18,377.915,381.36,373.32,379.08,1.164157e6,377.639978
2026-06-18T20:31:17.854,45,43,MSFT260731P00510000,MSFT,2026-07-31,put,510.0,127.72,1.0,130.33,2.0,129.025,,,0.4951,-0.9473,0.0017,-0.032,0.1404,-0.5762,2026-06-18,377.915,381.36,373.32,379.08,1.164157e6,377.639978
2026-06-18T20:31:17.854,45,43,MSFT260731P00515000,MSFT,2026-07-31,put,515.0,132.59,66.0,139.27,1.0,135.93,,,0.6152,-0.9052,0.0021,-0.1096,0.2201,-0.5655,2026-06-18,377.915,381.36,373.32,379.08,1.164157e6,377.639978
2026-06-18T20:31:17.854,45,43,MSFT260731P00520000,MSFT,2026-07-31,put,520.0,138.77,61.0,140.23,1.0,139.5,,,0.5555,-0.9364,0.0017,-0.0556,0.1627,-0.5837,2026-06-18,377.915,381.36,373.32,379.08,1.164157e6,377.639978
2026-06-18T20:31:17.854,45,43,MSFT260731P00525000,MSFT,2026-07-31,put,525.0,145.64,67.0,149.29,1.0,147.46499999999997,,,0.7103,-0.882,0.0021,-0.1649,0.258,-0.5687,2026-06-18,377.915,381.36,373.32,379.08,1.164157e6,377.639978
2026-06-18T20:31:17.854,45,43,MSFT260731P00530000,MSFT,2026-07-31,put,530.0,149.98,2.0,154.71,1.0,152.345,130.45,1.0,0.7211,-0.8853,0.0021,-0.1632,0.2528,-0.5759,2026-06-18,377.915,381.36,373.32,379.08,1.164157e6,377.639978
2026-06-18T20:31:17.854,45,43,MSFT260731P00535000,MSFT,2026-07-31,put,535.0,150.94,1.0,159.05,1.0,154.995,,,0.6275,-0.9277,0.0017,-0.0804,0.1796,-0.5981,2026-06-18,377.915,381.36,373.32,379.08,1.164157e6,377.639978
2026-06-18T20:31:17.854,45,43,MSFT260731P00540000,MSFT,2026-07-31,put,540.0,161.13,60.0,162.18,1.0,161.655,152.89,1.0,0.7226,-0.8987,0.0019,-0.144,0.2312,-0.5929,2026-06-18,377.915,381.36,373.32,379.08,1.164157e6,377.639978
2026-06-18T20:31:17.854,45,43,MSFT260731P00545000,MSFT,2026-07-31,put,545.0,162.89,1.0,165.12,1.0,164.005,,,0.5919,-0.9506,0.0013,-0.0393,0.1333,-0.6189,2026-06-18,377.915,381.36,373.32,379.08,1.164157e6,377.639978
2026-06-18T20:31:17.854,45,43,MSFT260731P00550000,MSFT,2026-07-31,put,550.0,165.24,1.0,170.83,1.0,168.03500000000003,166.48,1.0,0.5092,-0.9773,0.0008,0.0123,0.0702,-0.6356,2026-06-18,377.915,381.36,373.32,379.08,1.164157e6,377.639978
2026-06-18T20:31:17.854,45,43,MSFT260731P00555000,MSFT,2026-07-31,put,555.0,173.95,60.0,175.32,1.0,174.635,,,0.6617,-0.9375,0.0014,-0.0705,0.1605,-0.6256,2026-06-18,377.915,381.36,373.32,379.08,1.164157e6,377.639978
2026-06-18T20:31:17.854,45,43,MSFT260731P00560000,MSFT,2026-07-31,put,560.0,178.26,61.0,178.78,1.0,178.51999999999998,,,0.5909,-0.9631,0.001,-0.018,0.1053,-0.6416,2026-06-18,377.915,381.36,373.32,379.08,1.164157e6,377.639978
2026-06-18T20:31:17.854,45,43,MSFT260731P00570000,MSFT,2026-07-31,put,570.0,189.82,1.0,189.96,1.0,189.89,,,0.7171,-0.9339,0.0014,-0.0854,0.1676,-0.6419,2026-06-18,377.915,381.36,373.32,379.08,1.164157e6,377.639978
2026-06-18T20:31:17.854,45,43,MSFT260731P00580000,MSFT,2026-07-31,put,580.0,197.79,1.0,203.23,1.0,200.51,,,0.7783,-0.9239,0.0014,-0.1139,0.1867,-0.65,2026-06-18,377.915,381.36,373.32,379.08,1.164157e6,377.639978
2026-06-18T20:31:17.854,90,92,MSFT260918C00215000,MSFT,2026-09-18,call,215.0,163.09,60.0,170.67,70.0,166.88,166.08,2.0,,,,,,,2026-06-18,377.915,381.36,373.32,379.08,1.164157e6,377.639978
2026-06-18T20:31:17.854,90,92,MSFT260918C00220000,MSFT,2026-09-18,call,220.0,158.3,1.0,163.01,1.0,160.655,189.9,2.0,,,,,,,2026-06-18,377.915,381.36,373.32,379.08,1.164157e6,377.639978
2026-06-18T20:31:17.854,90,92,MSFT260918C00225000,MSFT,2026-09-18,call,225.0,157.58,2.0,160.45,1.0,159.015,150.91,6.0,0.6354,0.9666,0.0006,-0.0701,0.142,0.5253,2026-06-18,377.915,381.36,373.32,379.08,1.164157e6,377.639978
2026-06-18T20:31:17.854,90,92,MSFT260918C00230000,MSFT,2026-09-18,call,230.0,152.42,1.0,153.34,1.0,152.88,149.18,2.0,0.5069,0.9837,0.0004,-0.0437,0.0774,0.5572,2026-06-18,377.915,381.36,373.32,379.08,1.164157e6,377.639978
2026-06-18T20:31:17.854,90,92,MSFT260918C00235000,MSFT,2026-09-18,call,235.0,147.64,55.0,150.77,1.0,149.20499999999998,195.92,2.0,0.5973,0.9629,0.0007,-0.0721,0.1548,0.5465,2026-06-18,377.915,381.36,373.32,379.08,1.164157e6,377.639978
2026-06-18T20:31:17.854,90,92,MSFT260918C00240000,MSFT,2026-09-18,call,240.0,140.23,70.0,143.58,73.0,141.905,177.05,5.0,,,,,,,2026-06-18,377.915,381.36,373.32,379.08,1.164157e6,377.639978
2026-06-18T20:31:17.854,90,92,MSFT260918C00245000,MSFT,2026-09-18,call,245.0,133.67,10.0,140.69,1.0,137.18,,,,,,,,,2026-06-18,377.915,381.36,373.32,379.08,1.164157e6,377.639978
2026-06-18T20:31:17.854,90,92,MSFT260918C00250000,MSFT,2026-09-18,call,250.0,129.87,10.0,132.33,1.0,131.10000000000002,140.1,1.0,,,,,,,2026-06-18,377.915,381.36,373.32,379.08,1.164157e6,377.639978
2026-06-18T20:31:17.854,90,92,MSFT260918C00255000,MSFT,2026-09-18,call,255.0,123.76,52.0,129.22,72.0,126.49000000000001,178.86,1.0,,,,,,,2026-06-18,377.915,381.36,373.32,379.08,1.164157e6,377.639978
2026-06-18T20:31:17.854,90,92,MSFT260918C00260000,MSFT,2026-09-18,call,260.0,120.38,22.0,123.81,70.0,122.095,141.85,1.0,,,,,,,2026-06-18,377.915,381.36,373.32,379.08,1.164157e6,377.639978
2026-06-18T20:31:17.854,90,92,MSFT260918C00265000,MSFT,2026-09-18,call,265.0,114.53,24.0,121.79,80.0,118.16,117.21,1.0,0.3771,0.9798,0.0007,-0.0448,0.0932,0.641,2026-06-18,377.915,381.36,373.32,379.08,1.164157e6,377.639978
2026-06-18T20:31:17.854,90,92,MSFT260918C00270000,MSFT,2026-09-18,call,270.0,112.75,50.0,114.71,81.0,113.72999999999999,126.38,5.0,0.4044,0.9665,0.001,-0.0568,0.1421,0.6394,2026-06-18,377.915,381.36,373.32,379.08,1.164157e6,377.639978
2026-06-18T20:31:17.854,90,92,MSFT260918C00275000,MSFT,2026-09-18,call,275.0,105.15,16.0,112.31,21.0,108.73,118.38,5.0,0.3834,0.9661,0.001,-0.056,0.1436,0.6516,2026-06-18,377.915,381.36,373.32,379.08,1.164157e6,377.639978
2026-06-18T20:31:17.854,90,92,MSFT260918C00280000,MSFT,2026-09-18,call,280.0,101.59,49.0,104.33,102.0,102.96000000000001,104.35,1.0,0.2861,0.9883,0.0006,-0.0366,0.0585,0.6874,2026-06-18,377.915,381.36,373.32,379.08,1.164157e6,377.639978
2026-06-18T20:31:17.854,90,92,MSFT260918C00285000,MSFT,2026-09-18,call,285.0,99.26,27.0,101.36,103.0,100.31,98.48,1.0,0.4228,0.9341,0.0016,-0.0819,0.2446,0.6422,2026-06-18,377.915,381.36,373.32,379.08,1.164157e6,377.639978
2026-06-18T20:31:17.854,90,92,MSFT260918C00290000,MSFT,2026-09-18,call,290.0,95.17,7.0,97.37,20.0,96.27000000000001,93.42,1.0,0.4367,0.9172,0.0018,-0.0946,0.2911,0.6362,2026-06-18,377.915,381.36,373.32,379.08,1.164157e6,377.639978
2026-06-18T20:31:17.854,90,92,MSFT260918C00295000,MSFT,2026-09-18,call,295.0,90.25,28.0,91.03,45.0,90.64,88.87,1.0,0.3925,0.924,0.0019,-0.0845,0.273,0.6568,2026-06-18,377.915,381.36,373.32,379.08,1.164157e6,377.639978
2026-06-18T20:31:17.854,90,92,MSFT260918C00300000,MSFT,2026-09-18,call,300.0,82.77,44.0,87.06,73.0,84.91499999999999,86.0,2.0,0.3436,0.9348,0.0019,-0.0726,0.2426,0.6816,2026-06-18,377.915,381.36,373.32,379.08,1.164157e6,377.639978
2026-06-18T20:31:17.854,90,92,MSFT260918C00310000,MSFT,2026-09-18,call,310.0,75.78,60.0,79.21,167.0,77.495,74.88,2.0,0.385,0.8849,0.0026,-0.1037,0.3706,0.6526,2026-06-18,377.915,381.36,373.32,379.08,1.164157e6,377.639978
2026-06-18T20:31:17.854,90,92,MSFT260918C00320000,MSFT,2026-09-18,call,320.0,65.68,181.0,67.75,180.0,66.715,66.16,1.0,0.3205,0.8866,0.0031,-0.0912,0.3668,0.6813,2026-06-18,377.915,381.36,373.32,379.08,1.164157e6,377.639978
2026-06-18T20:31:17.854,90,92,MSFT260918C00330000,MSFT,2026-09-18,call,330.0,57.97,64.0,60.5,285.0,59.235,59.14,1.0,0.3363,0.8358,0.0039,-0.1124,0.4723,0.6515,2026-06-18,377.915,381.36,373.32,379.08,1.164157e6,377.639978
2026-06-18T20:31:17.854,90,92,MSFT260918C00340000,MSFT,2026-09-18,call,340.0,52.13,15.0,52.56,216.0,52.345,51.96,1.0,0.3484,0.7819,0.0044,-0.1312,0.5624,0.6172,2026-06-18,377.915,381.36,373.32,379.08,1.164157e6,377.639978
2026-06-18T20:31:17.854,90,92,MSFT260918C00350000,MSFT,2026-09-18,call,350.0,45.24,1.0,46.57,172.0,45.905,43.97,3.0,0.356,0.7269,0.0049,-0.1461,0.6346,0.5808,2026-06-18,377.915,381.36,373.32,379.08,1.164157e6,377.639978
2026-06-18T20:31:17.854,90,92,MSFT260918C00360000,MSFT,2026-09-18,call,360.0,38.97,2.0,39.67,170.0,39.32,39.1,1.0,0.3518,0.6733,0.0054,-0.1535,0.6883,0.5461,2026-06-18,377.915,381.36,373.32,379.08,1.164157e6,377.639978
2026-06-18T20:31:17.854,90,92,MSFT260918C00370000,MSFT,2026-09-18,call,370.0,32.81,176.0,33.23,216.0,33.019999999999996,33.23,1.0,0.3438,0.6167,0.0058,-0.1565,0.7286,0.5076,2026-06-18,377.915,381.36,373.32,379.08,1.164157e6,377.639978
2026-06-18T20:31:17.854,90,92,MSFT260918C00380000,MSFT,2026-09-18,call,380.0,28.15,1.0,28.86,324.0,28.505,28.15,1.0,0.352,0.5569,0.0059,-0.1627,0.7536,0.4617,2026-06-18,377.915,381.36,373.32,379.08,1.164157e6,377.639978
2026-06-18T20:31:17.854,90,92,MSFT260918C00390000,MSFT,2026-09-18,call,390.0,22.66,84.0,24.39,84.0,23.525,23.8,1.0,0.3461,0.4972,0.006,-0.1599,0.7614,0.4171,2026-06-18,377.915,381.36,373.32,379.08,1.164157e6,377.639978
2026-06-18T20:31:17.854,90,92,MSFT260918C00400000,MSFT,2026-09-18,call,400.0,19.73,39.0,19.9,11.0,19.814999999999998,19.8,2.0,0.3495,0.4405,0.0059,-0.1579,0.7529,0.3722,2026-06-18,377.915,381.36,373.32,379.08,1.164157e6,377.639978
2026-06-18T20:31:17.854,90,92,MSFT260918C00410000,MSFT,2026-09-18,call,410.0,16.41,271.0,16.76,417.0,16.585,16.56,1.0,0.3522,0.3872,0.0057,-0.1531,0.7307,0.3292,2026-06-18,377.915,381.36,373.32,379.08,1.164157e6,377.639978
2026-06-18T20:31:17.854,90,92,MSFT260918C00420000,MSFT,2026-09-18,call,420.0,13.65,36.0,14.05,49.0,13.850000000000001,13.9,1.0,0.3553,0.338,0.0054,-0.1463,0.6977,0.289,2026-06-18,377.915,381.36,373.32,379.08,1.164157e6,377.639978
2026-06-18T20:31:17.854,90,92,MSFT260918C00430000,MSFT,2026-09-18,call,430.0,11.25,22.0,11.97,65.0,11.61,11.25,56.0,0.3595,0.2942,0.005,-0.1386,0.6577,0.2526,2026-06-18,377.915,381.36,373.32,379.08,1.164157e6,377.639978
2026-06-18T20:31:17.854,90,92,MSFT260918C00440000,MSFT,2026-09-18,call,440.0,9.45,23.0,9.86,37.0,9.655,9.66,3.0,0.3625,0.2542,0.0046,-0.1293,0.6118,0.2192,2026-06-18,377.915,381.36,373.32,379.08,1.164157e6,377.639978
2026-06-18T20:31:17.854,90,92,MSFT260918C00450000,MSFT,2026-09-18,call,450.0,8.07,9.0,8.36,249.0,8.215,8.18,1.0,0.3691,0.2214,0.0042,-0.1214,0.5671,0.1914,2026-06-18,377.915,381.36,373.32,379.08,1.164157e6,377.639978
2026-06-18T20:31:17.854,90,92,MSFT260918C00460000,MSFT,2026-09-18,call,460.0,6.7,43.0,6.86,113.0,6.78,6.86,1.0,0.3712,0.1894,0.0038,-0.1109,0.5169,0.1644,2026-06-18,377.915,381.36,373.32,379.08,1.164157e6,377.639978
2026-06-18T20:31:17.854,90,92,MSFT260918C00470000,MSFT,2026-09-18,call,470.0,5.5,75.0,5.79,59.0,5.645,5.55,4.0,0.3746,0.1624,0.0034,-0.1011,0.4688,0.1413,2026-06-18,377.915,381.36,373.32,379.08,1.164157e6,377.639978
2026-06-18T20:31:17.854,90,92,MSFT260918C00480000,MSFT,2026-09-18,call,480.0,4.72,190.0,5.26,220.0,4.99,5.05,1.0,0.3848,0.1439,0.0031,-0.0955,0.4329,0.1253,2026-06-18,377.915,381.36,373.32,379.08,1.164157e6,377.639978
2026-06-18T20:31:17.854,90,92,MSFT260918C00490000,MSFT,2026-09-18,call,490.0,4.2,15.0,4.38,94.0,4.29,4.15,3.0,0.391,0.1256,0.0028,-0.0881,0.3941,0.1095,2026-06-18,377.915,381.36,373.32,379.08,1.164157e6,377.639978
2026-06-18T20:31:17.854,90,92,MSFT260918C00500000,MSFT,2026-09-18,call,500.0,3.5,258.0,3.83,391.0,3.665,3.68,1.0,0.3962,0.109,0.0025,-0.0806,0.3566,0.0952,2026-06-18,377.915,381.36,373.32,379.08,1.164157e6,377.639978
2026-06-18T20:31:17.854,90,92,MSFT260918C00510000,MSFT,2026-09-18,call,510.0,3.18,11.0,3.33,181.0,3.255,3.2,5.0,0.4049,0.0971,0.0022,-0.0755,0.3278,0.0848,2026-06-18,377.915,381.36,373.32,379.08,1.164157e6,377.639978
2026-06-18T20:31:17.854,90,92,MSFT260918C00520000,MSFT,2026-09-18,call,520.0,2.65,190.0,3.0,125.0,2.825,2.74,5.0,0.4107,0.0852,0.002,-0.0694,0.2974,0.0745,2026-06-18,377.915,381.36,373.32,379.08,1.164157e6,377.639978
2026-06-18T20:31:17.854,90,92,MSFT260918C00530000,MSFT,2026-09-18,call,530.0,2.28,178.0,2.67,357.0,2.4749999999999996,2.49,1.0,0.4171,0.0752,0.0018,-0.064,0.2707,0.0658,2026-06-18,377.915,381.36,373.32,379.08,1.164157e6,377.639978
2026-06-18T20:31:17.854,90,92,MSFT260918C00540000,MSFT,2026-09-18,call,540.0,2.06,155.0,2.43,172.0,2.245,2.15,5.0,0.4261,0.068,0.0016,-0.0604,0.2506,0.0595,2026-06-18,377.915,381.36,373.32,379.08,1.164157e6,377.639978
2026-06-18T20:31:17.854,90,92,MSFT260918C00550000,MSFT,2026-09-18,call,550.0,1.92,38.0,2.17,44.0,2.045,1.93,1.0,0.4349,0.0618,0.0015,-0.0571,0.2326,0.054,2026-06-18,377.915,381.36,373.32,379.08,1.164157e6,377.639978
2026-06-18T20:31:17.854,90,92,MSFT260918C00560000,MSFT,2026-09-18,call,560.0,1.57,144.0,1.83,69.0,1.7000000000000002,1.77,1.0,0.4354,0.0526,0.0013,-0.0503,0.2049,0.0461,2026-06-18,377.915,381.36,373.32,379.08,1.164157e6,377.639978
2026-06-18T20:31:17.854,90,92,MSFT260918C00570000,MSFT,2026-09-18,call,570.0,1.53,79.0,1.7,102.0,1.615,1.54,11.0,0.4469,0.0493,0.0012,-0.049,0.1945,0.0431,2026-06-18,377.915,381.36,373.32,379.08,1.164157e6,377.639978
2026-06-18T20:31:17.854,90,92,MSFT260918C00580000,MSFT,2026-09-18,call,580.0,1.33,135.0,1.64,101.0,1.4849999999999999,1.42,1.0,0.4551,0.0451,0.0011,-0.0464,0.1813,0.0395,2026-06-18,377.915,381.36,373.32,379.08,1.164157e6,377.639978
2026-06-18T20:31:17.854,90,92,MSFT260918C00590000,MSFT,2026-09-18,call,590.0,1.2,19.0,1.46,52.0,1.33,1.29,1.0,0.4608,0.0406,0.001,-0.0431,0.1663,0.0355,2026-06-18,377.915,381.36,373.32,379.08,1.164157e6,377.639978
2026-06-18T20:31:17.854,90,92,MSFT260918C00600000,MSFT,2026-09-18,call,600.0,1.08,505.0,1.3,102.0,1.19,1.15,1.0,0.4661,0.0364,0.0009,-0.0399,0.1524,0.0319,2026-06-18,377.915,381.36,373.32,379.08,1.164157e6,377.639978
2026-06-18T20:31:17.854,90,92,MSFT260918C00610000,MSFT,2026-09-18,call,610.0,0.85,209.0,1.16,71.0,1.005,1.05,1.0,0.4668,0.0314,0.0008,-0.0353,0.1347,0.0275,2026-06-18,377.915,381.36,373.32,379.08,1.164157e6,377.639978
2026-06-18T20:31:17.854,90,92,MSFT260918C00620000,MSFT,2026-09-18,call,620.0,0.92,65.0,1.13,190.0,1.025,0.94,4.0,0.4814,0.0311,0.0008,-0.0361,0.1338,0.0272,2026-06-18,377.915,381.36,373.32,379.08,1.164157e6,377.639978
2026-06-18T20:31:17.854,90,92,MSFT260918C00630000,MSFT,2026-09-18,call,630.0,0.83,55.0,1.07,161.0,0.95,0.82,9.0,0.4885,0.0287,0.0007,-0.0343,0.1253,0.0252,2026-06-18,377.915,381.36,373.32,379.08,1.164157e6,377.639978
2026-06-18T20:31:17.854,90,92,MSFT260918C00640000,MSFT,2026-09-18,call,640.0,0.54,41.0,0.92,16.0,0.73,0.78,1.0,0.4816,0.023,0.0006,-0.028,0.104,0.0202,2026-06-18,377.915,381.36,373.32,379.08,1.164157e6,377.639978
2026-06-18T20:31:17.854,90,92,MSFT260918C00650000,MSFT,2026-09-18,call,650.0,0.69,19.0,0.82,53.0,0.7549999999999999,0.75,1.0,0.4959,0.0231,0.0006,-0.029,0.1045,0.0203,2026-06-18,377.915,381.36,373.32,379.08,1.164157e6,377.639978
2026-06-18T20:31:17.854,90,92,MSFT260918C00660000,MSFT,2026-09-18,call,660.0,0.44,228.0,0.78,132.0,0.61,0.6,1.0,0.4925,0.0192,0.0005,-0.0246,0.0894,0.0169,2026-06-18,377.915,381.36,373.32,379.08,1.164157e6,377.639978
2026-06-18T20:31:17.854,90,92,MSFT260918C00670000,MSFT,2026-09-18,call,670.0,0.61,5.0,0.85,61.0,0.73,0.58,2.0,0.5166,0.0217,0.0005,-0.0286,0.0991,0.019,2026-06-18,377.915,381.36,373.32,379.08,1.164157e6,377.639978
2026-06-18T20:31:17.854,90,92,MSFT260918C00680000,MSFT,2026-09-18,call,680.0,0.44,50.0,0.83,50.0,0.635,0.55,8.0,0.5177,0.0191,0.0005,-0.0257,0.089,0.0167,2026-06-18,377.915,381.36,373.32,379.08,1.164157e6,377.639978
2026-06-18T20:31:17.854,90,92,MSFT260918C00700000,MSFT,2026-09-18,call,700.0,0.35,169.0,0.71,144.0,0.53,0.5,1.0,0.5263,0.016,0.0004,-0.0225,0.0766,0.014,2026-06-18,377.915,381.36,373.32,379.08,1.164157e6,377.639978
2026-06-18T20:31:17.854,90,92,MSFT260918C00720000,MSFT,2026-09-18,call,720.0,0.18,95.0,0.48,45.0,0.32999999999999996,0.41,4.0,0.5154,0.0106,0.0003,-0.0154,0.0537,0.0094,2026-06-18,377.915,381.36,373.32,379.08,1.164157e6,377.639978
2026-06-18T20:31:17.854,90,92,MSFT260918C00740000,MSFT,2026-09-18,call,740.0,0.12,184.0,0.47,85.0,0.295,0.31,1.0,0.5273,0.0094,0.0003,-0.0142,0.0483,0.0083,2026-06-18,377.915,381.36,373.32,379.08,1.164157e6,377.639978
2026-06-18T20:31:17.854,90,92,MSFT260918C00760000,MSFT,2026-09-18,call,760.0,0.05,122.0,0.52,129.0,0.28500000000000003,0.32,3.0,0.5433,0.0089,0.0002,-0.0139,0.046,0.0078,2026-06-18,377.915,381.36,373.32,379.08,1.164157e6,377.639978
2026-06-18T20:31:17.854,90,92,MSFT260918C00780000,MSFT,2026-09-18,call,780.0,0.07,298.0,0.49,147.0,0.28,0.2,5.0,0.5596,0.0085,0.0002,-0.0138,0.0443,0.0075,2026-06-18,377.915,381.36,373.32,379.08,1.164157e6,377.639978
2026-06-18T20:31:17.854,90,92,MSFT260918C00800000,MSFT,2026-09-18,call,800.0,0.14,14.0,0.27,8.0,0.20500000000000002,0.23,1.0,0.5573,0.0065,0.0002,-0.0107,0.0346,0.0057,2026-06-18,377.915,381.36,373.32,379.08,1.164157e6,377.639978
2026-06-18T20:31:17.854,90,92,MSFT260918P00215000,MSFT,2026-09-18,put,215.0,0.16,8.0,0.22,58.0,0.19,0.12,1.0,0.482,-0.006,0.0002,-0.0082,0.0323,-0.0062,2026-06-18,377.915,381.36,373.32,379.08,1.164157e6,377.639978
2026-06-18T20:31:17.854,90,92,MSFT260918P00220000,MSFT,2026-09-18,put,220.0,0.12,216.0,0.33,298.0,0.225,0.31,1.0,0.4744,-0.0071,0.0002,-0.0094,0.0375,-0.0073,2026-06-18,377.915,381.36,373.32,379.08,1.164157e6,377.639978
2026-06-18T20:31:17.854,90,92,MSFT260918P00225000,MSFT,2026-09-18,put,225.0,0.08,182.0,0.34,77.0,0.21000000000000002,0.31,1.0,0.453,-0.0069,0.0002,-0.0088,0.0369,-0.0072,2026-06-18,377.915,381.36,373.32,379.08,1.164157e6,377.639978
2026-06-18T20:31:17.854,90,92,MSFT260918P00230000,MSFT,2026-09-18,put,230.0,0.13,359.0,0.33,124.0,0.23,0.35,5.0,0.4411,-0.0077,0.0003,-0.0094,0.0406,-0.008,2026-06-18,377.915,381.36,373.32,379.08,1.164157e6,377.639978
2026-06-18T20:31:17.854,90,92,MSFT260918P00235000,MSFT,2026-09-18,put,235.0,0.12,313.0,0.6,227.0,0.36,0.4,2.0,0.4507,-0.0113,0.0003,-0.0134,0.0567,-0.0118,2026-06-18,377.915,381.36,373.32,379.08,1.164157e6,377.639978
2026-06-18T20:31:17.854,90,92,MSFT260918P00240000,MSFT,2026-09-18,put,240.0,0.36,58.0,0.47,72.0,0.415,0.4,1.0,0.4424,-0.0131,0.0004,-0.0149,0.0642,-0.0136,2026-06-18,377.915,381.36,373.32,379.08,1.164157e6,377.639978
2026-06-18T20:31:17.854,90,92,MSFT260918P00245000,MSFT,2026-09-18,put,245.0,0.21,213.0,0.78,99.0,0.495,0.53,1.0,0.4364,-0.0155,0.0005,-0.017,0.0744,-0.0161,2026-06-18,377.915,381.36,373.32,379.08,1.164157e6,377.639978
2026-06-18T20:31:17.854,90,92,MSFT260918P00250000,MSFT,2026-09-18,put,250.0,0.54,47.0,0.64,88.0,0.5900000000000001,0.62,2.0,0.4307,-0.0183,0.0005,-0.0193,0.0859,-0.0191,2026-06-18,377.915,381.36,373.32,379.08,1.164157e6,377.639978
2026-06-18T20:31:17.854,90,92,MSFT260918P00255000,MSFT,2026-09-18,put,255.0,0.65,56.0,0.71,77.0,0.6799999999999999,0.7,2.0,0.4229,-0.0212,0.0006,-0.0214,0.0969,-0.022,2026-06-18,377.915,381.36,373.32,379.08,1.164157e6,377.639978
2026-06-18T20:31:17.854,90,92,MSFT260918P00260000,MSFT,2026-09-18,put,260.0,0.74,94.0,1.07,223.0,0.905,0.86,1.0,0.426,-0.027,0.0008,-0.0264,0.119,-0.0282,2026-06-18,377.915,381.36,373.32,379.08,1.164157e6,377.639978
2026-06-18T20:31:17.854,90,92,MSFT260918P00265000,MSFT,2026-09-18,put,265.0,0.77,200.0,1.04,153.0,0.905,1.04,1.0,0.408,-0.0281,0.0008,-0.0261,0.1231,-0.0292,2026-06-18,377.915,381.36,373.32,379.08,1.164157e6,377.639978
2026-06-18T20:31:17.854,90,92,MSFT260918P00270000,MSFT,2026-09-18,put,270.0,0.95,238.0,1.16,36.0,1.055,1.15,1.0,0.4016,-0.0326,0.001,-0.029,0.1392,-0.0339,2026-06-18,377.915,381.36,373.32,379.08,1.164157e6,377.639978
2026-06-18T20:31:17.854,90,92,MSFT260918P00275000,MSFT,2026-09-18,put,275.0,1.1,217.0,1.38,85.0,1.24,1.42,1.0,0.3961,-0.038,0.0011,-0.0324,0.1578,-0.0396,2026-06-18,377.915,381.36,373.32,379.08,1.164157e6,377.639978
2026-06-18T20:31:17.854,90,92,MSFT260918P00280000,MSFT,2026-09-18,put,280.0,1.39,195.0,1.65,86.0,1.52,1.64,1.0,0.3944,-0.0455,0.0013,-0.0372,0.1825,-0.0474,2026-06-18,377.915,381.36,373.32,379.08,1.164157e6,377.639978
2026-06-18T20:31:17.854,90,92,MSFT260918P00285000,MSFT,2026-09-18,put,285.0,1.69,199.0,2.009,213.0,1.8495,1.97,1.0,0.3926,-0.054,0.0015,-0.0424,0.2093,-0.0564,2026-06-18,377.915,381.36,373.32,379.08,1.164157e6,377.639978
2026-06-18T20:31:17.854,90,92,MSFT260918P00290000,MSFT,2026-09-18,put,290.0,2.009,224.0,2.4,219.0,2.2045,2.2,7.0,0.3896,-0.0631,0.0017,-0.0474,0.2366,-0.066,2026-06-18,377.915,381.36,373.32,379.08,1.164157e6,377.639978
2026-06-18T20:31:17.854,90,92,MSFT260918P00295000,MSFT,2026-09-18,put,295.0,2.38,66.0,2.68,49.0,2.5300000000000002,2.63,10.0,0.3835,-0.0719,0.0019,-0.0515,0.2616,-0.0753,2026-06-18,377.915,381.36,373.32,379.08,1.164157e6,377.639978
2026-06-18T20:31:17.854,90,92,MSFT260918P00300000,MSFT,2026-09-18,put,300.0,2.68,273.0,3.29,205.0,2.9850000000000003,3.06,2.0,0.3803,-0.0832,0.0021,-0.0569,0.2922,-0.0872,2026-06-18,377.915,381.36,373.32,379.08,1.164157e6,377.639978
2026-06-18T20:31:17.854,90,92,MSFT260918P00310000,MSFT,2026-09-18,put,310.0,3.91,244.0,4.18,282.0,4.045,4.09,5.0,0.3728,-0.1088,0.0026,-0.0675,0.356,-0.1144,2026-06-18,377.915,381.36,373.32,379.08,1.164157e6,377.639978
2026-06-18T20:31:17.854,90,92,MSFT260918P00320000,MSFT,2026-09-18,put,320.0,5.03,285.0,5.57,133.0,5.300000000000001,5.57,1.0,0.363,-0.1385,0.0032,-0.0774,0.4217,-0.1461,2026-06-18,377.915,381.36,373.32,379.08,1.164157e6,377.639978
2026-06-18T20:31:17.854,90,92,MSFT260918P00330000,MSFT,2026-09-18,put,330.0,6.99,364.0,7.58,345.0,7.285,7.2,1.0,0.3618,-0.1786,0.0038,-0.0904,0.4984,-0.1895,2026-06-18,377.915,381.36,373.32,379.08,1.164157e6,377.639978
2026-06-18T20:31:17.854,90,92,MSFT260918P00340000,MSFT,2026-09-18,put,340.0,9.08,283.0,9.79,338.0,9.434999999999999,9.9,2.0,0.3551,-0.2215,0.0044,-0.1,0.5672,-0.236,2026-06-18,377.915,381.36,373.32,379.08,1.164157e6,377.639978
2026-06-18T20:31:17.854,90,92,MSFT260918P00350000,MSFT,2026-09-18,put,350.0,12.18,297.0,12.58,22.0,12.379999999999999,12.54,1.0,0.3537,-0.2721,0.0049,-0.1101,0.6335,-0.292,2026-06-18,377.915,381.36,373.32,379.08,1.164157e6,377.639978
2026-06-18T20:31:17.854,90,92,MSFT260918P00360000,MSFT,2026-09-18,put,360.0,15.24,252.0,16.48,211.0,15.86,16.43,1.0,0.3519,-0.3267,0.0054,-0.1175,0.6884,-0.353,2026-06-18,377.915,381.36,373.32,379.08,1.164157e6,377.639978
2026-06-18T20:31:17.854,90,92,MSFT260918P00370000,MSFT,2026-09-18,put,370.0,19.69,397.0,20.84,392.0,20.265,20.89,1.0,0.3548,-0.3848,0.0056,-0.1238,0.7294,-0.4197,2026-06-18,377.915,381.36,373.32,379.08,1.164157e6,377.639978
2026-06-18T20:31:17.854,90,92,MSFT260918P00380000,MSFT,2026-09-18,put,380.0,24.1,405.0,25.47,71.0,24.785,24.88,1.0,0.3511,-0.4432,0.0059,-0.1243,0.7536,-0.4871,2026-06-18,377.915,381.36,373.32,379.08,1.164157e6,377.639978
2026-06-18T20:31:17.854,90,92,MSFT260918P00390000,MSFT,2026-09-18,put,390.0,30.02,398.0,31.2,157.0,30.61,30.78,1.0,0.357,-0.5006,0.0059,-0.1254,0.7614,-0.5568,2026-06-18,377.915,381.36,373.32,379.08,1.164157e6,377.639978
2026-06-18T20:31:17.854,90,92,MSFT260918P00400000,MSFT,2026-09-18,put,400.0,35.4,313.0,37.87,191.0,36.635,37.95,1.0,0.3582,-0.5563,0.0058,-0.1217,0.7538,-0.6254,2026-06-18,377.915,381.36,373.32,379.08,1.164157e6,377.639978
2026-06-18T20:31:17.854,90,92,MSFT260918P00410000,MSFT,2026-09-18,put,410.0,42.71,335.0,45.0,128.0,43.855000000000004,44.52,1.0,0.3686,-0.6049,0.0055,-0.1196,0.7349,-0.6901,2026-06-18,377.915,381.36,373.32,379.08,1.164157e6,377.639978
2026-06-18T20:31:17.854,90,92,MSFT260918P00420000,MSFT,2026-09-18,put,420.0,49.38,280.0,51.14,152.0,50.260000000000005,51.76,1.0,0.3614,-0.6582,0.0053,-0.1073,0.7007,-0.7574,2026-06-18,377.915,381.36,373.32,379.08,1.164157e6,377.639978
2026-06-18T20:31:17.854,90,92,MSFT260918P00430000,MSFT,2026-09-18,put,430.0,57.84,183.0,59.91,100.0,58.875,60.5,1.0,0.3802,-0.692,0.0048,-0.1062,0.6714,-0.8114,2026-06-18,377.915,381.36,373.32,379.08,1.164157e6,377.639978
2026-06-18T20:31:17.854,90,92,MSFT260918P00440000,MSFT,2026-09-18,put,440.0,66.8,374.0,69.02,220.0,67.91,67.0,2.0,0.4017,-0.7184,0.0044,-0.1062,0.6442,-0.8596,2026-06-18,377.915,381.36,373.32,379.08,1.164157e6,377.639978
2026-06-18T20:31:17.854,90,92,MSFT260918P00450000,MSFT,2026-09-18,put,450.0,75.17,263.0,77.03,78.0,76.1,76.9,1.0,0.4064,-0.7516,0.0041,-0.097,0.6045,-0.9119,2026-06-18,377.915,381.36,373.32,379.08,1.164157e6,377.639978
2026-06-18T20:31:17.854,90,92,MSFT260918P00460000,MSFT,2026-09-18,put,460.0,82.69,400.0,84.02,189.0,83.35499999999999,86.77,3.0,0.3895,-0.7967,0.0038,-0.0753,0.5396,-0.9734,2026-06-18,377.915,381.36,373.32,379.08,1.164157e6,377.639978
2026-06-18T20:31:17.854,90,92,MSFT260918P00470000,MSFT,2026-09-18,put,470.0,90.81,262.0,92.81,84.0,91.81,95.68,1.0,0.3882,-0.8273,0.0034,-0.0619,0.4878,-1.0241,2026-06-18,377.915,381.36,373.32,379.08,1.164157e6,377.639978
2026-06-18T20:31:17.854,90,92,MSFT260918P00480000,MSFT,2026-09-18,put,480.0,99.39,244.0,105.4,41.0,102.39500000000001,103.84,10.0,0.4276,-0.8254,0.0032,-0.0722,0.4913,-1.0489,2026-06-18,377.915,381.36,373.32,379.08,1.164157e6,377.639978
2026-06-18T20:31:17.854,90,92,MSFT260918P00490000,MSFT,2026-09-18,put,490.0,110.74,205.0,110.93,80.0,110.83500000000001,47.07,1.0,0.4202,-0.854,0.0029,-0.0559,0.437,-1.0976,2026-06-18,377.915,381.36,373.32,379.08,1.164157e6,377.639978
2026-06-18T20:31:17.854,90,92,MSFT260918P00500000,MSFT,2026-09-18,put,500.0,119.01,102.0,124.56,52.0,121.785,125.3,2.0,0.4668,-0.8444,0.0027,-0.071,0.456,-1.116,2026-06-18,377.915,381.36,373.32,379.08,1.164157e6,377.639978
2026-06-18T20:31:17.854,90,92,MSFT260918P00510000,MSFT,2026-09-18,put,510.0,131.37,222.0,132.81,54.0,132.09,130.59,2.0,0.4983,-0.8444,0.0025,-0.0778,0.456,-1.142,2026-06-18,377.915,381.36,373.32,379.08,1.164157e6,377.639978
2026-06-18T20:31:17.854,90,92,MSFT260918P00520000,MSFT,2026-09-18,put,520.0,139.7,202.0,141.35,33.0,140.52499999999998,143.25,2.0,0.4858,-0.8696,0.0023,-0.0593,0.4046,-1.1874,2026-06-18,377.915,381.36,373.32,379.08,1.164157e6,377.639978
2026-06-18T20:31:17.854,90,92,MSFT260918P00530000,MSFT,2026-09-18,put,530.0,150.0,89.0,152.13,13.0,151.065,126.93,3.0,0.522,-0.8647,0.0022,-0.0693,0.415,-1.2093,2026-06-18,377.915,381.36,373.32,379.08,1.164157e6,377.639978
2026-06-18T20:31:17.854,90,92,MSFT260918P00540000,MSFT,2026-09-18,put,540.0,158.31,125.0,161.76,77.0,160.035,163.63,3.0,0.5184,-0.8816,0.002,-0.0566,0.3782,-1.2481,2026-06-18,377.915,381.36,373.32,379.08,1.164157e6,377.639978
2026-06-18T20:31:17.854,90,92,MSFT260918P00550000,MSFT,2026-09-18,put,550.0,169.26,73.0,173.76,74.0,171.51,163.47,1.0,0.5774,-0.8637,0.002,-0.0804,0.417,-1.2599,2026-06-18,377.915,381.36,373.32,379.08,1.164157e6,377.639978
2026-06-18T20:31:17.854,90,92,MSFT260918P00560000,MSFT,2026-09-18,put,560.0,178.9,71.0,183.01,71.0,180.95499999999998,177.49,40.0,0.5853,-0.8728,0.0019,-0.0747,0.3976,-1.2924,2026-06-18,377.915,381.36,373.32,379.08,1.164157e6,377.639978
2026-06-18T20:31:17.854,90,92,MSFT260918P00570000,MSFT,2026-09-18,put,570.0,188.4,1.0,196.13,61.0,192.265,199.45,1.0,0.6382,-0.8589,0.0018,-0.0958,0.4271,-1.3075,2026-06-18,377.915,381.36,373.32,379.08,1.164157e6,377.639978
2026-06-18T20:31:17.854,90,92,MSFT260918P00580000,MSFT,2026-09-18,put,580.0,197.68,1.0,203.17,1.0,200.425,153.77,24.0,0.613,-0.8827,0.0017,-0.071,0.3756,-1.351,2026-06-18,377.915,381.36,373.32,379.08,1.164157e6,377.639978
2026-06-18T20:31:17.854,90,92,MSFT260918P00590000,MSFT,2026-09-18,put,590.0,208.07,2.0,213.35,63.0,210.70999999999998,131.14,30.0,0.6405,-0.8805,0.0016,-0.0775,0.3807,-1.3747,2026-06-18,377.915,381.36,373.32,379.08,1.164157e6,377.639978
2026-06-18T20:31:17.854,90,92,MSFT260918P00600000,MSFT,2026-09-18,put,600.0,222.37,1.0,226.12,1.0,224.245,141.8,1.0,0.7445,-0.8436,0.0017,-0.1301,0.4575,-1.3735,2026-06-18,377.915,381.36,373.32,379.08,1.164157e6,377.639978
2026-06-18T20:31:17.854,90,92,MSFT260918P00610000,MSFT,2026-09-18,put,610.0,232.81,1.0,236.56,62.0,234.685,151.22,1.0,0.774,-0.8411,0.0016,-0.1385,0.4623,-1.3974,2026-06-18,377.915,381.36,373.32,379.08,1.164157e6,377.639978
2026-06-18T20:31:17.854,90,92,MSFT260918P00620000,MSFT,2026-09-18,put,620.0,241.71,65.0,245.41,65.0,243.56,160.89,1.0,0.7684,-0.8534,0.0016,-0.1257,0.4383,-1.4316,2026-06-18,377.915,381.36,373.32,379.08,1.164157e6,377.639978
2026-06-18T20:31:17.854,90,92,MSFT260918P00630000,MSFT,2026-09-18,put,630.0,253.31,61.0,257.11,61.0,255.21,170.55,26.0,0.824,-0.8394,0.0016,-0.1505,0.4656,-1.4475,2026-06-18,377.915,381.36,373.32,379.08,1.164157e6,377.639978
2026-06-18T20:31:17.854,90,92,MSFT260918P00640000,MSFT,2026-09-18,put,640.0,253.66,1.0,260.35,65.0,257.005,181.1,5.0,0.6155,-0.9333,0.0011,-0.0208,0.2467,-1.5421,2026-06-18,377.915,381.36,373.32,379.08,1.164157e6,377.639978
2026-06-18T20:31:17.854,90,92,MSFT260918P00650000,MSFT,2026-09-18,put,650.0,268.35,1.0,274.71,61.0,271.53,189.56,4.0,0.7747,-0.8771,0.0014,-0.1024,0.3881,-1.5248,2026-06-18,377.915,381.36,373.32,379.08,1.164157e6,377.639978
2026-06-18T20:31:17.854,90,92,MSFT260918P00660000,MSFT,2026-09-18,put,660.0,283.25,1.0,286.85,62.0,285.05,160.3,2.0,0.8759,-0.8446,0.0014,-0.1556,0.4555,-1.5278,2026-06-18,377.915,381.36,373.32,379.08,1.164157e6,377.639978
2026-06-18T20:31:17.854,90,92,MSFT260918P00670000,MSFT,2026-09-18,put,670.0,290.49,1.0,292.94,1.0,291.71500000000003,153.01,1.0,0.8146,-0.8767,0.0013,-0.1092,0.3892,-1.5753,2026-06-18,377.915,381.36,373.32,379.08,1.164157e6,377.639978
2026-06-18T20:31:17.854,90,92,MSFT260918P00680000,MSFT,2026-09-18,put,680.0,293.87,1.0,302.62,63.0,298.245,160.19,5.0,0.7304,-0.9158,0.0011,-0.0518,0.2949,-1.6292,2026-06-18,377.915,381.36,373.32,379.08,1.164157e6,377.639978
2026-06-18T20:31:17.854,90,92,MSFT260918P00700000,MSFT,2026-09-18,put,700.0,320.06,61.0,326.95,1.0,323.505,187.0,2.0,0.9095,-0.8618,0.0013,-0.1424,0.4211,-1.6411,2026-06-18,377.915,381.36,373.32,379.08,1.164157e6,377.639978
2026-06-18T20:31:17.854,90,92,MSFT260918P00720000,MSFT,2026-09-18,put,720.0,336.66,1.0,345.14,1.0,340.9,,,0.8758,-0.8872,0.0011,-0.1055,0.3654,-1.7093,2026-06-18,377.915,381.36,373.32,379.08,1.164157e6,377.639978
2026-06-18T20:31:17.854,90,92,MSFT260918P00740000,MSFT,2026-09-18,put,740.0,353.51,1.0,355.79,61.0,354.65,204.29,10.0,0.666,-0.9638,0.0006,0.018,0.1515,-1.8174,2026-06-18,377.915,381.36,373.32,379.08,1.164157e6,377.639978
2026-06-18T20:31:17.854,90,92,MSFT260918P00760000,MSFT,2026-09-18,put,760.0,383.56,2.0,388.15,1.0,385.855,,,,,,,,,2026-06-18,377.915,381.36,373.32,379.08,1.164157e6,377.639978
2026-06-18T20:31:17.854,90,92,MSFT260918P00780000,MSFT,2026-09-18,put,780.0,398.11,1.0,406.32,62.0,402.21500000000003,,,,,,,,,2026-06-18,377.915,381.36,373.32,379.08,1.164157e6,377.639978
2026-06-18T20:31:17.854,90,92,MSFT260918P00800000,MSFT,2026-09-18,put,800.0,413.75,2.0,415.93,1.0,414.84000000000003,393.9,1.0,0.7738,-0.9552,0.0006,0.0027,0.1803,-1.9608,2026-06-18,377.915,381.36,373.32,379.08,1.164157e6,377.639978
